,Replay type,alpha,Mean,STD,Q1,Q2,Q3
0,0,0.0,121.4524,14.111310578397742,111.30499999999999,122.55,129.975
1,0,0.1,81.37379999999999,13.524853772222457,72.60000000000001,81.53999999999999,88.62
2,0,0.2,62.9246,16.205503967479693,51.78999999999999,62.4,73.325
3,0,0.3,54.88080000000001,18.69988169374341,40.575,51.230000000000004,66.16999999999999
4,0,0.4,45.211800000000004,14.319199445499736,35.14,42.739999999999995,51.68
5,0,0.5,39.769800000000004,13.543082217870495,30.165,36.92,44.934999999999995
6,0,0.6,37.7174,12.86674493568595,29.16,36.22,44.11
7,0,0.7,35.551,14.196534330603367,25.115000000000002,32.01,40.21
8,0,0.8,35.2956,13.376538739150723,26.495,31.78,41.394999999999996
9,0,0.9,33.951,11.569900388508106,24.935000000000002,31.5,41.455
10,0,1.0,34.0844,14.033111010748827,23.28,29.990000000000002,41.260000000000005
11,1,0.0,121.4524,14.111310578397742,111.30499999999999,122.55,129.975
12,1,0.1,41.4884,22.869447598050986,24.515,37.379999999999995,51.345
13,1,0.2,34.79480000000001,19.166078079774174,20.48,29.759999999999998,42.965
14,1,0.3,35.41139999999999,22.089274366533637,18.575000000000003,27.98,43.19
15,1,0.4,32.421600000000005,22.854344651291143,18.095,23.549999999999997,36.51
16,1,0.5,31.176800000000004,17.275311799212194,18.055,23.88,41.22
17,1,0.6,28.853799999999996,16.867557427203266,17.47,21.4,36.375
18,1,0.7,29.656000000000002,20.23836396549879,16.465,20.28,36.305
19,1,0.8,25.824800000000003,13.418437500692844,16.799999999999997,20.58,32.045
20,1,0.9,28.681800000000003,16.916171929842758,17.514999999999997,21.02,38.325
21,1,1.0,27.138399999999997,15.67682434168349,16.1,20.18,35.595
22,2,0.0,121.4524,14.111310578397742,111.30499999999999,122.55,129.975
23,2,0.1,39.011399999999995,20.63668776814729,22.325,34.349999999999994,50.51
24,2,0.2,32.1702,17.265378187575273,18.97,27.68,41.275
25,2,0.3,32.5282,18.60019765378852,18.215,27.25,41.57
26,2,0.4,33.2624,18.83844054692426,18.495,27.48,42.775
27,2,0.5,33.164,19.800203029262097,17.87,25.36,44.37
28,2,0.6,28.779399999999995,16.290665659818814,17.75,21.4,35.040000000000006
29,2,0.7,29.5422,20.392229479877866,16.465,20.11,32.644999999999996
30,2,0.8,25.824800000000003,13.418437500692844,16.799999999999997,20.58,32.045
31,2,0.9,28.681800000000003,16.916171929842758,17.514999999999997,21.02,38.325
32,2,1.0,27.138399999999997,15.67682434168349,16.1,20.18,35.595
33,3,0.0,121.4524,14.111310578397742,111.30499999999999,122.55,129.975
34,3,0.1,189.9202,124.06330421184178,90.735,176.69,264.895
35,3,0.2,140.2996,98.46321652190731,60.505,128.64,201.37999999999997
36,3,0.3,99.2978,70.35209562735143,40.24,76.73,142.19
37,3,0.4,92.8748,81.19506007732244,37.754999999999995,69.28,113.36000000000001
38,3,0.5,83.75299999999999,59.56921731062109,33.74,72.62,105.59
39,3,0.6,76.8664,54.17851410882362,37.155,63.85,100.12499999999999
40,3,0.7,79.65899999999999,62.27814823033838,32.650000000000006,62.620000000000005,106.16
41,3,0.8,72.05160000000001,46.991557895434795,31.27,66.4,94.88
42,3,0.9,63.8658,43.63533726648621,29.485,50.26,94.105
43,3,1.0,56.1154,43.04896726798449,25.1,43.33,73.59
44,4,0.0,24.190799999999996,12.900137493840907,14.56,21.11,29.715
45,4,0.1,24.190799999999996,12.900137493840907,14.56,21.11,29.715
46,4,0.2,24.190799999999996,12.900137493840907,14.56,21.11,29.715
47,4,0.3,24.190799999999996,12.900137493840907,14.56,21.11,29.715
48,4,0.4,24.190799999999996,12.900137493840907,14.56,21.11,29.715
49,4,0.5,24.190799999999996,12.900137493840907,14.56,21.11,29.715
50,4,0.6,24.190799999999996,12.900137493840907,14.56,21.11,29.715
51,4,0.7,24.190799999999996,12.900137493840907,14.56,21.11,29.715
52,4,0.8,24.190799999999996,12.900137493840907,14.56,21.11,29.715
53,4,0.9,24.190799999999996,12.900137493840907,14.56,21.11,29.715
54,4,1.0,24.190799999999996,12.900137493840907,14.56,21.11,29.715
