,alpha,Mean D,STD D,Q1 D,Q2 D,Q3 D,Mean S,STD S,Q1 S,Q2 S,Q3 S,Mean tot,STD tot,Q1 tot,Q2 tot,Q3 tot
0,0.0,97.137,44.324555643570754,87.94,115.54,127.16,97.96305000000001,33.94298418963041,88.26,108.98,121.905,97.550025,39.478687845461316,88.26,111.28999999999999,125.4
1,0.1,46.516099999999994,27.80870498225331,22.995,38.2,70.63,63.63585,26.560869032798983,42.58,63.120000000000005,83.625,55.075975,28.507426721810145,30.235,53.05,76.81
2,0.2,38.5201,22.076974928418068,19.585,32.89,54.045,55.6273,24.932862745982458,35.665,53.67,72.56,47.0737,25.053628605653113,26.215,42.71,64.86
3,0.3,36.7528,21.541108053208404,18.939999999999998,30.29,48.08,51.11255000000001,22.35782193098201,33.97,47.74,62.875,43.93267500000001,23.097540428460665,25.835,40.64,58.455
4,0.4,33.77165,19.19252863167071,18.52,28.98,44.305,50.637950000000004,21.957975516825314,33.695,46.230000000000004,63.485,42.2048,22.27938376526604,25.095,37.83,55.04
5,0.5,32.07535,17.0563500016123,18.36,27.22,40.964999999999996,49.727,24.13098135178095,32.495000000000005,44.6,59.685,40.901174999999995,22.68274355362188,24.290000000000003,36.39,51.80499999999999
6,0.6,29.88535,15.635880863497905,17.935000000000002,25.03,38.0,47.9616,22.544034941420758,32.5,42.31,58.565,38.923474999999996,21.40198225455705,23.015,34.66,48.68
7,0.7,29.735,17.734126395173796,17.6,23.54,36.29,49.30715,23.7174193342678,33.52,42.72,59.085,39.521075,23.114386717894444,21.835,34.39,50.224999999999994
8,0.8,27.783999999999995,13.986300583070564,17.36,23.740000000000002,34.715,48.41414999999999,20.402233181137305,33.055,44.93,59.955,38.09907499999999,20.306024565246023,21.94,33.54,49.01
9,0.9,28.876350000000002,15.168817016415618,17.64,24.48,36.739999999999995,52.5556,28.2049449678598,33.005,46.04,64.53,40.715975,25.553525887817813,22.394999999999996,34.7,51.39
10,1.0,28.138,15.064908363478352,16.825,23.02,36.385000000000005,55.14905000000001,28.45369531532767,36.575,50.08,67.21,41.64352500000001,26.470385831611427,21.425,36.42,54.36
