,Replay type,Individual,Trial,Performance
0,0,0,0,7
1,0,0,1,32
2,0,0,2,9
3,0,0,3,18
4,0,0,4,6
5,0,0,5,11
6,0,1,0,35
7,0,1,1,30
8,0,1,2,4
9,0,1,3,16
10,0,1,4,5
11,0,1,5,3
12,0,2,0,5
13,0,2,1,5
14,0,2,2,5
15,0,2,3,5
16,0,2,4,5
17,0,2,5,5
18,0,3,0,7
19,0,3,1,9
20,0,3,2,8
21,0,3,3,7
22,0,3,4,7
23,0,3,5,7
24,0,4,0,8
25,0,4,1,6
26,0,4,2,3
27,0,4,3,5
28,0,4,4,4
29,0,4,5,4
30,0,5,0,15
31,0,5,1,21
32,0,5,2,8
33,0,5,3,6
34,0,5,4,6
35,0,5,5,4
36,0,6,0,8
37,0,6,1,9
38,0,6,2,5
39,0,6,3,5
40,0,6,4,5
41,0,6,5,5
42,0,7,0,5
43,0,7,1,4
44,0,7,2,4
45,0,7,3,4
46,0,7,4,4
47,0,7,5,4
48,0,8,0,8
49,0,8,1,6
50,0,8,2,6
51,0,8,3,6
52,0,8,4,6
53,0,8,5,6
54,0,9,0,15
55,0,9,1,11
56,0,9,2,14
57,0,9,3,8
58,0,9,4,7
59,0,9,5,7
60,0,10,0,4
61,0,10,1,4
62,0,10,2,4
63,0,10,3,4
64,0,10,4,4
65,0,10,5,4
66,0,11,0,22
67,0,11,1,13
68,0,11,2,6
69,0,11,3,5
70,0,11,4,5
71,0,11,5,5
72,0,12,0,12
73,0,12,1,5
74,0,12,2,5
75,0,12,3,5
76,0,12,4,5
77,0,12,5,5
78,0,13,0,12
79,0,13,1,10
80,0,13,2,5
81,0,13,3,5
82,0,13,4,5
83,0,13,5,5
84,0,14,0,6
85,0,14,1,4
86,0,14,2,4
87,0,14,3,4
88,0,14,4,4
89,0,14,5,4
90,0,15,0,20
91,0,15,1,17
92,0,15,2,9
93,0,15,3,4
94,0,15,4,4
95,0,15,5,4
96,0,16,0,5
97,0,16,1,4
98,0,16,2,4
99,0,16,3,4
100,0,16,4,4
101,0,16,5,4
102,0,17,0,11
103,0,17,1,12
104,0,17,2,15
105,0,17,3,10
106,0,17,4,9
107,0,17,5,7
108,0,18,0,23
109,0,18,1,15
110,0,18,2,20
111,0,18,3,13
112,0,18,4,8
113,0,18,5,16
114,0,19,0,19
115,0,19,1,11
116,0,19,2,48
117,0,19,3,18
118,0,19,4,9
119,0,19,5,8
120,0,20,0,16
121,0,20,1,10
122,0,20,2,6
123,0,20,3,7
124,0,20,4,6
125,0,20,5,6
126,0,21,0,22
127,0,21,1,16
128,0,21,2,10
129,0,21,3,8
130,0,21,4,9
131,0,21,5,7
132,0,22,0,14
133,0,22,1,6
134,0,22,2,16
135,0,22,3,3
136,0,22,4,3
137,0,22,5,3
138,0,23,0,11
139,0,23,1,15
140,0,23,2,7
141,0,23,3,7
142,0,23,4,6
143,0,23,5,6
144,0,24,0,10
145,0,24,1,7
146,0,24,2,7
147,0,24,3,4
148,0,24,4,4
149,0,24,5,4
150,0,25,0,7
151,0,25,1,10
152,0,25,2,5
153,0,25,3,6
154,0,25,4,5
155,0,25,5,5
156,0,26,0,47
157,0,26,1,11
158,0,26,2,9
159,0,26,3,8
160,0,26,4,8
161,0,26,5,8
162,0,27,0,5
163,0,27,1,24
164,0,27,2,12
165,0,27,3,11
166,0,27,4,6
167,0,27,5,12
168,0,28,0,26
169,0,28,1,9
170,0,28,2,4
171,0,28,3,3
172,0,28,4,3
173,0,28,5,3
174,0,29,0,14
175,0,29,1,13
176,0,29,2,8
177,0,29,3,4
178,0,29,4,4
179,0,29,5,4
180,0,30,0,3
181,0,30,1,5
182,0,30,2,4
183,0,30,3,4
184,0,30,4,4
185,0,30,5,4
186,0,31,0,17
187,0,31,1,14
188,0,31,2,5
189,0,31,3,15
190,0,31,4,10
191,0,31,5,8
192,0,32,0,6
193,0,32,1,3
194,0,32,2,3
195,0,32,3,3
196,0,32,4,3
197,0,32,5,3
198,0,33,0,3
199,0,33,1,3
200,0,33,2,3
201,0,33,3,3
202,0,33,4,3
203,0,33,5,3
204,0,34,0,10
205,0,34,1,6
206,0,34,2,11
207,0,34,3,6
208,0,34,4,10
209,0,34,5,6
210,0,35,0,18
211,0,35,1,11
212,0,35,2,6
213,0,35,3,3
214,0,35,4,5
215,0,35,5,5
216,0,36,0,8
217,0,36,1,6
218,0,36,2,6
219,0,36,3,6
220,0,36,4,6
221,0,36,5,6
222,0,37,0,34
223,0,37,1,13
224,0,37,2,7
225,0,37,3,8
226,0,37,4,7
227,0,37,5,7
228,0,38,0,12
229,0,38,1,16
230,0,38,2,8
231,0,38,3,9
232,0,38,4,8
233,0,38,5,8
234,0,39,0,4
235,0,39,1,6
236,0,39,2,5
237,0,39,3,4
238,0,39,4,5
239,0,39,5,4
240,0,40,0,5
241,0,40,1,8
242,0,40,2,5
243,0,40,3,5
244,0,40,4,9
245,0,40,5,5
246,0,41,0,10
247,0,41,1,5
248,0,41,2,8
249,0,41,3,8
250,0,41,4,6
251,0,41,5,6
252,0,42,0,8
253,0,42,1,5
254,0,42,2,5
255,0,42,3,5
256,0,42,4,5
257,0,42,5,5
258,0,43,0,10
259,0,43,1,5
260,0,43,2,5
261,0,43,3,4
262,0,43,4,4
263,0,43,5,4
264,0,44,0,13
265,0,44,1,11
266,0,44,2,8
267,0,44,3,10
268,0,44,4,8
269,0,44,5,8
270,0,45,0,13
271,0,45,1,7
272,0,45,2,6
273,0,45,3,23
274,0,45,4,4
275,0,45,5,5
276,0,46,0,9
277,0,46,1,4
278,0,46,2,4
279,0,46,3,4
280,0,46,4,4
281,0,46,5,4
282,0,47,0,5
283,0,47,1,13
284,0,47,2,5
285,0,47,3,5
286,0,47,4,5
287,0,47,5,5
288,0,48,0,25
289,0,48,1,13
290,0,48,2,7
291,0,48,3,6
292,0,48,4,4
293,0,48,5,4
294,0,49,0,8
295,0,49,1,15
296,0,49,2,4
297,0,49,3,10
298,0,49,4,5
299,0,49,5,8
300,0,50,0,7
301,0,50,1,22
302,0,50,2,10
303,0,50,3,7
304,0,50,4,8
305,0,50,5,8
306,0,51,0,7
307,0,51,1,6
308,0,51,2,6
309,0,51,3,6
310,0,51,4,6
311,0,51,5,6
312,0,52,0,26
313,0,52,1,7
314,0,52,2,40
315,0,52,3,30
316,0,52,4,29
317,0,52,5,9
318,0,53,0,7
319,0,53,1,6
320,0,53,2,6
321,0,53,3,6
322,0,53,4,6
323,0,53,5,6
324,0,54,0,4
325,0,54,1,4
326,0,54,2,4
327,0,54,3,4
328,0,54,4,4
329,0,54,5,4
330,0,55,0,4
331,0,55,1,4
332,0,55,2,4
333,0,55,3,4
334,0,55,4,4
335,0,55,5,4
336,0,56,0,9
337,0,56,1,7
338,0,56,2,7
339,0,56,3,7
340,0,56,4,7
341,0,56,5,7
342,0,57,0,7
343,0,57,1,15
344,0,57,2,7
345,0,57,3,6
346,0,57,4,6
347,0,57,5,6
348,0,58,0,4
349,0,58,1,4
350,0,58,2,4
351,0,58,3,4
352,0,58,4,4
353,0,58,5,4
354,0,59,0,9
355,0,59,1,12
356,0,59,2,7
357,0,59,3,7
358,0,59,4,7
359,0,59,5,7
360,0,60,0,7
361,0,60,1,7
362,0,60,2,11
363,0,60,3,10
364,0,60,4,10
365,0,60,5,7
366,0,61,0,13
367,0,61,1,3
368,0,61,2,3
369,0,61,3,3
370,0,61,4,3
371,0,61,5,3
372,0,62,0,23
373,0,62,1,14
374,0,62,2,7
375,0,62,3,16
376,0,62,4,4
377,0,62,5,4
378,0,63,0,10
379,0,63,1,13
380,0,63,2,9
381,0,63,3,7
382,0,63,4,7
383,0,63,5,7
384,0,64,0,5
385,0,64,1,5
386,0,64,2,5
387,0,64,3,5
388,0,64,4,5
389,0,64,5,5
390,0,65,0,11
391,0,65,1,7
392,0,65,2,9
393,0,65,3,6
394,0,65,4,6
395,0,65,5,6
396,0,66,0,13
397,0,66,1,21
398,0,66,2,22
399,0,66,3,8
400,0,66,4,16
401,0,66,5,9
402,0,67,0,37
403,0,67,1,28
404,0,67,2,7
405,0,67,3,13
406,0,67,4,4
407,0,67,5,4
408,0,68,0,5
409,0,68,1,12
410,0,68,2,34
411,0,68,3,4
412,0,68,4,16
413,0,68,5,14
414,0,69,0,6
415,0,69,1,7
416,0,69,2,4
417,0,69,3,4
418,0,69,4,4
419,0,69,5,4
420,0,70,0,9
421,0,70,1,29
422,0,70,2,22
423,0,70,3,16
424,0,70,4,8
425,0,70,5,9
426,0,71,0,6
427,0,71,1,3
428,0,71,2,3
429,0,71,3,3
430,0,71,4,3
431,0,71,5,3
432,0,72,0,8
433,0,72,1,6
434,0,72,2,6
435,0,72,3,6
436,0,72,4,6
437,0,72,5,6
438,0,73,0,4
439,0,73,1,6
440,0,73,2,11
441,0,73,3,5
442,0,73,4,5
443,0,73,5,5
444,0,74,0,11
445,0,74,1,8
446,0,74,2,4
447,0,74,3,4
448,0,74,4,4
449,0,74,5,4
450,0,75,0,33
451,0,75,1,8
452,0,75,2,6
453,0,75,3,6
454,0,75,4,6
455,0,75,5,6
456,0,76,0,13
457,0,76,1,13
458,0,76,2,8
459,0,76,3,27
460,0,76,4,7
461,0,76,5,7
462,0,77,0,39
463,0,77,1,15
464,0,77,2,6
465,0,77,3,4
466,0,77,4,4
467,0,77,5,4
468,0,78,0,5
469,0,78,1,3
470,0,78,2,3
471,0,78,3,3
472,0,78,4,3
473,0,78,5,3
474,0,79,0,5
475,0,79,1,3
476,0,79,2,3
477,0,79,3,3
478,0,79,4,3
479,0,79,5,3
480,0,80,0,19
481,0,80,1,8
482,0,80,2,6
483,0,80,3,5
484,0,80,4,3
485,0,80,5,3
486,0,81,0,11
487,0,81,1,5
488,0,81,2,5
489,0,81,3,5
490,0,81,4,5
491,0,81,5,5
492,0,82,0,8
493,0,82,1,4
494,0,82,2,4
495,0,82,3,4
496,0,82,4,4
497,0,82,5,4
498,0,83,0,11
499,0,83,1,14
500,0,83,2,22
501,0,83,3,4
502,0,83,4,6
503,0,83,5,4
504,0,84,0,51
505,0,84,1,15
506,0,84,2,22
507,0,84,3,22
508,0,84,4,11
509,0,84,5,14
510,0,85,0,20
511,0,85,1,9
512,0,85,2,6
513,0,85,3,9
514,0,85,4,18
515,0,85,5,4
516,0,86,0,9
517,0,86,1,7
518,0,86,2,5
519,0,86,3,6
520,0,86,4,7
521,0,86,5,6
522,0,87,0,24
523,0,87,1,9
524,0,87,2,5
525,0,87,3,5
526,0,87,4,5
527,0,87,5,5
528,0,88,0,3
529,0,88,1,3
530,0,88,2,3
531,0,88,3,3
532,0,88,4,3
533,0,88,5,3
534,0,89,0,4
535,0,89,1,4
536,0,89,2,4
537,0,89,3,4
538,0,89,4,4
539,0,89,5,4
540,0,90,0,13
541,0,90,1,6
542,0,90,2,6
543,0,90,3,4
544,0,90,4,4
545,0,90,5,4
546,0,91,0,18
547,0,91,1,7
548,0,91,2,4
549,0,91,3,9
550,0,91,4,4
551,0,91,5,4
552,0,92,0,14
553,0,92,1,9
554,0,92,2,12
555,0,92,3,20
556,0,92,4,20
557,0,92,5,10
558,0,93,0,6
559,0,93,1,8
560,0,93,2,8
561,0,93,3,7
562,0,93,4,9
563,0,93,5,7
564,0,94,0,3
565,0,94,1,28
566,0,94,2,3
567,0,94,3,3
568,0,94,4,3
569,0,94,5,3
570,0,95,0,6
571,0,95,1,5
572,0,95,2,11
573,0,95,3,4
574,0,95,4,6
575,0,95,5,4
576,0,96,0,6
577,0,96,1,5
578,0,96,2,5
579,0,96,3,5
580,0,96,4,5
581,0,96,5,5
582,0,97,0,17
583,0,97,1,10
584,0,97,2,13
585,0,97,3,8
586,0,97,4,7
587,0,97,5,7
588,0,98,0,6
589,0,98,1,11
590,0,98,2,9
591,0,98,3,5
592,0,98,4,5
593,0,98,5,5
594,0,99,0,10
595,0,99,1,4
596,0,99,2,4
597,0,99,3,4
598,0,99,4,4
599,0,99,5,4
600,1,0,0,7
601,1,0,1,10
602,1,0,2,6
603,1,0,3,5
604,1,0,4,9
605,1,0,5,8
606,1,1,0,6
607,1,1,1,7
608,1,1,2,21
609,1,1,3,11
610,1,1,4,7
611,1,1,5,23
612,1,2,0,6
613,1,2,1,10
614,1,2,2,6
615,1,2,3,6
616,1,2,4,6
617,1,2,5,6
618,1,3,0,6
619,1,3,1,3
620,1,3,2,9
621,1,3,3,3
622,1,3,4,4
623,1,3,5,3
624,1,4,0,14
625,1,4,1,7
626,1,4,2,4
627,1,4,3,5
628,1,4,4,7
629,1,4,5,7
630,1,5,0,6
631,1,5,1,7
632,1,5,2,10
633,1,5,3,9
634,1,5,4,8
635,1,5,5,7
636,1,6,0,8
637,1,6,1,10
638,1,6,2,8
639,1,6,3,5
640,1,6,4,5
641,1,6,5,5
642,1,7,0,5
643,1,7,1,4
644,1,7,2,4
645,1,7,3,4
646,1,7,4,4
647,1,7,5,4
648,1,8,0,11
649,1,8,1,13
650,1,8,2,17
651,1,8,3,18
652,1,8,4,15
653,1,8,5,19
654,1,9,0,15
655,1,9,1,12
656,1,9,2,10
657,1,9,3,8
658,1,9,4,8
659,1,9,5,8
660,1,10,0,22
661,1,10,1,13
662,1,10,2,14
663,1,10,3,17
664,1,10,4,13
665,1,10,5,11
666,1,11,0,11
667,1,11,1,9
668,1,11,2,7
669,1,11,3,8
670,1,11,4,4
671,1,11,5,6
672,1,12,0,32
673,1,12,1,4
674,1,12,2,34
675,1,12,3,20
676,1,12,4,21
677,1,12,5,17
678,1,13,0,5
679,1,13,1,16
680,1,13,2,7
681,1,13,3,7
682,1,13,4,17
683,1,13,5,14
684,1,14,0,9
685,1,14,1,15
686,1,14,2,26
687,1,14,3,33
688,1,14,4,7
689,1,14,5,8
690,1,15,0,12
691,1,15,1,14
692,1,15,2,10
693,1,15,3,12
694,1,15,4,12
695,1,15,5,6
696,1,16,0,8
697,1,16,1,8
698,1,16,2,10
699,1,16,3,5
700,1,16,4,7
701,1,16,5,5
702,1,17,0,11
703,1,17,1,29
704,1,17,2,6
705,1,17,3,5
706,1,17,4,4
707,1,17,5,4
708,1,18,0,34
709,1,18,1,25
710,1,18,2,13
711,1,18,3,6
712,1,18,4,4
713,1,18,5,8
714,1,19,0,12
715,1,19,1,7
716,1,19,2,7
717,1,19,3,9
718,1,19,4,7
719,1,19,5,7
720,1,20,0,11
721,1,20,1,9
722,1,20,2,11
723,1,20,3,8
724,1,20,4,5
725,1,20,5,12
726,1,21,0,8
727,1,21,1,6
728,1,21,2,5
729,1,21,3,5
730,1,21,4,6
731,1,21,5,5
732,1,22,0,16
733,1,22,1,9
734,1,22,2,7
735,1,22,3,7
736,1,22,4,7
737,1,22,5,7
738,1,23,0,17
739,1,23,1,17
740,1,23,2,27
741,1,23,3,14
742,1,23,4,8
743,1,23,5,18
744,1,24,0,32
745,1,24,1,9
746,1,24,2,17
747,1,24,3,10
748,1,24,4,9
749,1,24,5,9
750,1,25,0,9
751,1,25,1,26
752,1,25,2,7
753,1,25,3,12
754,1,25,4,6
755,1,25,5,6
756,1,26,0,24
757,1,26,1,22
758,1,26,2,7
759,1,26,3,15
760,1,26,4,7
761,1,26,5,7
762,1,27,0,29
763,1,27,1,9
764,1,27,2,22
765,1,27,3,7
766,1,27,4,3
767,1,27,5,3
768,1,28,0,30
769,1,28,1,22
770,1,28,2,14
771,1,28,3,18
772,1,28,4,12
773,1,28,5,10
774,1,29,0,11
775,1,29,1,12
776,1,29,2,10
777,1,29,3,13
778,1,29,4,17
779,1,29,5,20
780,1,30,0,3
781,1,30,1,8
782,1,30,2,3
783,1,30,3,4
784,1,30,4,3
785,1,30,5,3
786,1,31,0,77
787,1,31,1,56
788,1,31,2,11
789,1,31,3,24
790,1,31,4,58
791,1,31,5,42
792,1,32,0,4
793,1,32,1,7
794,1,32,2,18
795,1,32,3,7
796,1,32,4,5
797,1,32,5,8
798,1,33,0,22
799,1,33,1,9
800,1,33,2,18
801,1,33,3,18
802,1,33,4,25
803,1,33,5,18
804,1,34,0,14
805,1,34,1,4
806,1,34,2,4
807,1,34,3,6
808,1,34,4,6
809,1,34,5,6
810,1,35,0,16
811,1,35,1,12
812,1,35,2,14
813,1,35,3,21
814,1,35,4,31
815,1,35,5,13
816,1,36,0,8
817,1,36,1,9
818,1,36,2,14
819,1,36,3,10
820,1,36,4,13
821,1,36,5,8
822,1,37,0,36
823,1,37,1,18
824,1,37,2,25
825,1,37,3,7
826,1,37,4,12
827,1,37,5,11
828,1,38,0,4
829,1,38,1,4
830,1,38,2,4
831,1,38,3,4
832,1,38,4,4
833,1,38,5,4
834,1,39,0,6
835,1,39,1,7
836,1,39,2,6
837,1,39,3,14
838,1,39,4,6
839,1,39,5,7
840,1,40,0,5
841,1,40,1,8
842,1,40,2,5
843,1,40,3,5
844,1,40,4,9
845,1,40,5,5
846,1,41,0,11
847,1,41,1,14
848,1,41,2,8
849,1,41,3,6
850,1,41,4,9
851,1,41,5,6
852,1,42,0,13
853,1,42,1,10
854,1,42,2,8
855,1,42,3,11
856,1,42,4,7
857,1,42,5,13
858,1,43,0,4
859,1,43,1,4
860,1,43,2,4
861,1,43,3,4
862,1,43,4,6
863,1,43,5,6
864,1,44,0,15
865,1,44,1,55
866,1,44,2,24
867,1,44,3,29
868,1,44,4,4
869,1,44,5,20
870,1,45,0,10
871,1,45,1,7
872,1,45,2,7
873,1,45,3,14
874,1,45,4,7
875,1,45,5,7
876,1,46,0,59
877,1,46,1,36
878,1,46,2,27
879,1,46,3,22
880,1,46,4,53
881,1,46,5,29
882,1,47,0,15
883,1,47,1,5
884,1,47,2,20
885,1,47,3,8
886,1,47,4,29
887,1,47,5,47
888,1,48,0,8
889,1,48,1,13
890,1,48,2,18
891,1,48,3,13
892,1,48,4,7
893,1,48,5,15
894,1,49,0,8
895,1,49,1,15
896,1,49,2,4
897,1,49,3,10
898,1,49,4,5
899,1,49,5,8
900,1,50,0,7
901,1,50,1,22
902,1,50,2,10
903,1,50,3,7
904,1,50,4,12
905,1,50,5,12
906,1,51,0,6
907,1,51,1,4
908,1,51,2,4
909,1,51,3,4
910,1,51,4,5
911,1,51,5,5
912,1,52,0,13
913,1,52,1,12
914,1,52,2,9
915,1,52,3,19
916,1,52,4,33
917,1,52,5,11
918,1,53,0,11
919,1,53,1,26
920,1,53,2,34
921,1,53,3,15
922,1,53,4,10
923,1,53,5,10
924,1,54,0,12
925,1,54,1,26
926,1,54,2,18
927,1,54,3,14
928,1,54,4,10
929,1,54,5,13
930,1,55,0,4
931,1,55,1,10
932,1,55,2,6
933,1,55,3,6
934,1,55,4,6
935,1,55,5,14
936,1,56,0,17
937,1,56,1,7
938,1,56,2,35
939,1,56,3,8
940,1,56,4,7
941,1,56,5,31
942,1,57,0,8
943,1,57,1,12
944,1,57,2,7
945,1,57,3,7
946,1,57,4,7
947,1,57,5,9
948,1,58,0,10
949,1,58,1,26
950,1,58,2,14
951,1,58,3,15
952,1,58,4,12
953,1,58,5,9
954,1,59,0,8
955,1,59,1,10
956,1,59,2,8
957,1,59,3,6
958,1,59,4,6
959,1,59,5,6
960,1,60,0,25
961,1,60,1,8
962,1,60,2,7
963,1,60,3,13
964,1,60,4,22
965,1,60,5,13
966,1,61,0,23
967,1,61,1,28
968,1,61,2,43
969,1,61,3,31
970,1,61,4,18
971,1,61,5,21
972,1,62,0,37
973,1,62,1,32
974,1,62,2,13
975,1,62,3,35
976,1,62,4,12
977,1,62,5,17
978,1,63,0,29
979,1,63,1,17
980,1,63,2,10
981,1,63,3,7
982,1,63,4,12
983,1,63,5,13
984,1,64,0,6
985,1,64,1,7
986,1,64,2,6
987,1,64,3,6
988,1,64,4,6
989,1,64,5,6
990,1,65,0,22
991,1,65,1,4
992,1,65,2,7
993,1,65,3,11
994,1,65,4,6
995,1,65,5,5
996,1,66,0,6
997,1,66,1,4
998,1,66,2,14
999,1,66,3,7
1000,1,66,4,4
1001,1,66,5,8
1002,1,67,0,7
1003,1,67,1,17
1004,1,67,2,11
1005,1,67,3,14
1006,1,67,4,12
1007,1,67,5,8
1008,1,68,0,8
1009,1,68,1,13
1010,1,68,2,16
1011,1,68,3,8
1012,1,68,4,10
1013,1,68,5,10
1014,1,69,0,12
1015,1,69,1,10
1016,1,69,2,15
1017,1,69,3,18
1018,1,69,4,13
1019,1,69,5,10
1020,1,70,0,11
1021,1,70,1,28
1022,1,70,2,20
1023,1,70,3,12
1024,1,70,4,10
1025,1,70,5,17
1026,1,71,0,10
1027,1,71,1,3
1028,1,71,2,4
1029,1,71,3,4
1030,1,71,4,4
1031,1,71,5,8
1032,1,72,0,13
1033,1,72,1,25
1034,1,72,2,16
1035,1,72,3,7
1036,1,72,4,6
1037,1,72,5,5
1038,1,73,0,4
1039,1,73,1,5
1040,1,73,2,7
1041,1,73,3,4
1042,1,73,4,4
1043,1,73,5,4
1044,1,74,0,7
1045,1,74,1,8
1046,1,74,2,4
1047,1,74,3,3
1048,1,74,4,4
1049,1,74,5,8
1050,1,75,0,47
1051,1,75,1,12
1052,1,75,2,27
1053,1,75,3,17
1054,1,75,4,25
1055,1,75,5,11
1056,1,76,0,10
1057,1,76,1,4
1058,1,76,2,12
1059,1,76,3,8
1060,1,76,4,27
1061,1,76,5,20
1062,1,77,0,11
1063,1,77,1,8
1064,1,77,2,8
1065,1,77,3,8
1066,1,77,4,10
1067,1,77,5,8
1068,1,78,0,8
1069,1,78,1,12
1070,1,78,2,9
1071,1,78,3,3
1072,1,78,4,8
1073,1,78,5,3
1074,1,79,0,8
1075,1,79,1,3
1076,1,79,2,11
1077,1,79,3,6
1078,1,79,4,11
1079,1,79,5,4
1080,1,80,0,7
1081,1,80,1,6
1082,1,80,2,3
1083,1,80,3,3
1084,1,80,4,20
1085,1,80,5,3
1086,1,81,0,36
1087,1,81,1,7
1088,1,81,2,7
1089,1,81,3,5
1090,1,81,4,5
1091,1,81,5,8
1092,1,82,0,8
1093,1,82,1,9
1094,1,82,2,11
1095,1,82,3,6
1096,1,82,4,8
1097,1,82,5,10
1098,1,83,0,15
1099,1,83,1,11
1100,1,83,2,22
1101,1,83,3,10
1102,1,83,4,13
1103,1,83,5,15
1104,1,84,0,16
1105,1,84,1,43
1106,1,84,2,34
1107,1,84,3,22
1108,1,84,4,19
1109,1,84,5,17
1110,1,85,0,14
1111,1,85,1,21
1112,1,85,2,16
1113,1,85,3,15
1114,1,85,4,11
1115,1,85,5,16
1116,1,86,0,14
1117,1,86,1,14
1118,1,86,2,22
1119,1,86,3,11
1120,1,86,4,10
1121,1,86,5,8
1122,1,87,0,12
1123,1,87,1,8
1124,1,87,2,11
1125,1,87,3,8
1126,1,87,4,14
1127,1,87,5,12
1128,1,88,0,3
1129,1,88,1,3
1130,1,88,2,4
1131,1,88,3,5
1132,1,88,4,7
1133,1,88,5,12
1134,1,89,0,32
1135,1,89,1,35
1136,1,89,2,62
1137,1,89,3,9
1138,1,89,4,30
1139,1,89,5,41
1140,1,90,0,20
1141,1,90,1,58
1142,1,90,2,34
1143,1,90,3,23
1144,1,90,4,27
1145,1,90,5,19
1146,1,91,0,18
1147,1,91,1,7
1148,1,91,2,4
1149,1,91,3,9
1150,1,91,4,4
1151,1,91,5,4
1152,1,92,0,12
1153,1,92,1,13
1154,1,92,2,7
1155,1,92,3,9
1156,1,92,4,13
1157,1,92,5,11
1158,1,93,0,6
1159,1,93,1,6
1160,1,93,2,6
1161,1,93,3,6
1162,1,93,4,6
1163,1,93,5,6
1164,1,94,0,19
1165,1,94,1,10
1166,1,94,2,9
1167,1,94,3,22
1168,1,94,4,30
1169,1,94,5,16
1170,1,95,0,7
1171,1,95,1,6
1172,1,95,2,6
1173,1,95,3,6
1174,1,95,4,6
1175,1,95,5,6
1176,1,96,0,6
1177,1,96,1,7
1178,1,96,2,30
1179,1,96,3,26
1180,1,96,4,21
1181,1,96,5,4
1182,1,97,0,5
1183,1,97,1,5
1184,1,97,2,5
1185,1,97,3,5
1186,1,97,4,5
1187,1,97,5,5
1188,1,98,0,12
1189,1,98,1,13
1190,1,98,2,21
1191,1,98,3,9
1192,1,98,4,11
1193,1,98,5,16
1194,1,99,0,3
1195,1,99,1,3
1196,1,99,2,8
1197,1,99,3,3
1198,1,99,4,4
1199,1,99,5,5
1200,2,0,0,7
1201,2,0,1,10
1202,2,0,2,6
1203,2,0,3,5
1204,2,0,4,9
1205,2,0,5,8
1206,2,1,0,6
1207,2,1,1,7
1208,2,1,2,21
1209,2,1,3,11
1210,2,1,4,7
1211,2,1,5,23
1212,2,2,0,6
1213,2,2,1,10
1214,2,2,2,6
1215,2,2,3,6
1216,2,2,4,6
1217,2,2,5,6
1218,2,3,0,6
1219,2,3,1,3
1220,2,3,2,9
1221,2,3,3,3
1222,2,3,4,4
1223,2,3,5,3
1224,2,4,0,19
1225,2,4,1,9
1226,2,4,2,18
1227,2,4,3,9
1228,2,4,4,21
1229,2,4,5,36
1230,2,5,0,6
1231,2,5,1,7
1232,2,5,2,10
1233,2,5,3,9
1234,2,5,4,8
1235,2,5,5,7
1236,2,6,0,8
1237,2,6,1,10
1238,2,6,2,8
1239,2,6,3,8
1240,2,6,4,11
1241,2,6,5,7
1242,2,7,0,5
1243,2,7,1,4
1244,2,7,2,4
1245,2,7,3,4
1246,2,7,4,4
1247,2,7,5,4
1248,2,8,0,11
1249,2,8,1,13
1250,2,8,2,17
1251,2,8,3,18
1252,2,8,4,15
1253,2,8,5,19
1254,2,9,0,15
1255,2,9,1,12
1256,2,9,2,10
1257,2,9,3,8
1258,2,9,4,8
1259,2,9,5,8
1260,2,10,0,22
1261,2,10,1,13
1262,2,10,2,14
1263,2,10,3,17
1264,2,10,4,13
1265,2,10,5,11
1266,2,11,0,12
1267,2,11,1,8
1268,2,11,2,7
1269,2,11,3,8
1270,2,11,4,4
1271,2,11,5,6
1272,2,12,0,32
1273,2,12,1,4
1274,2,12,2,34
1275,2,12,3,20
1276,2,12,4,21
1277,2,12,5,17
1278,2,13,0,5
1279,2,13,1,16
1280,2,13,2,7
1281,2,13,3,7
1282,2,13,4,17
1283,2,13,5,14
1284,2,14,0,9
1285,2,14,1,15
1286,2,14,2,26
1287,2,14,3,33
1288,2,14,4,7
1289,2,14,5,8
1290,2,15,0,12
1291,2,15,1,14
1292,2,15,2,10
1293,2,15,3,12
1294,2,15,4,12
1295,2,15,5,6
1296,2,16,0,8
1297,2,16,1,8
1298,2,16,2,10
1299,2,16,3,5
1300,2,16,4,7
1301,2,16,5,5
1302,2,17,0,11
1303,2,17,1,29
1304,2,17,2,6
1305,2,17,3,5
1306,2,17,4,4
1307,2,17,5,4
1308,2,18,0,31
1309,2,18,1,28
1310,2,18,2,13
1311,2,18,3,6
1312,2,18,4,4
1313,2,18,5,8
1314,2,19,0,12
1315,2,19,1,10
1316,2,19,2,7
1317,2,19,3,11
1318,2,19,4,7
1319,2,19,5,20
1320,2,20,0,5
1321,2,20,1,8
1322,2,20,2,7
1323,2,20,3,7
1324,2,20,4,8
1325,2,20,5,8
1326,2,21,0,8
1327,2,21,1,6
1328,2,21,2,5
1329,2,21,3,5
1330,2,21,4,6
1331,2,21,5,5
1332,2,22,0,16
1333,2,22,1,9
1334,2,22,2,7
1335,2,22,3,7
1336,2,22,4,7
1337,2,22,5,7
1338,2,23,0,10
1339,2,23,1,8
1340,2,23,2,10
1341,2,23,3,20
1342,2,23,4,12
1343,2,23,5,6
1344,2,24,0,32
1345,2,24,1,9
1346,2,24,2,17
1347,2,24,3,10
1348,2,24,4,9
1349,2,24,5,9
1350,2,25,0,9
1351,2,25,1,26
1352,2,25,2,7
1353,2,25,3,12
1354,2,25,4,6
1355,2,25,5,6
1356,2,26,0,24
1357,2,26,1,22
1358,2,26,2,7
1359,2,26,3,15
1360,2,26,4,7
1361,2,26,5,7
1362,2,27,0,29
1363,2,27,1,9
1364,2,27,2,22
1365,2,27,3,7
1366,2,27,4,3
1367,2,27,5,3
1368,2,28,0,30
1369,2,28,1,22
1370,2,28,2,14
1371,2,28,3,18
1372,2,28,4,12
1373,2,28,5,10
1374,2,29,0,11
1375,2,29,1,12
1376,2,29,2,10
1377,2,29,3,13
1378,2,29,4,17
1379,2,29,5,20
1380,2,30,0,3
1381,2,30,1,8
1382,2,30,2,3
1383,2,30,3,4
1384,2,30,4,3
1385,2,30,5,3
1386,2,31,0,23
1387,2,31,1,67
1388,2,31,2,36
1389,2,31,3,3
1390,2,31,4,5
1391,2,31,5,3
1392,2,32,0,4
1393,2,32,1,7
1394,2,32,2,11
1395,2,32,3,4
1396,2,32,4,5
1397,2,32,5,8
1398,2,33,0,22
1399,2,33,1,9
1400,2,33,2,18
1401,2,33,3,18
1402,2,33,4,25
1403,2,33,5,18
1404,2,34,0,14
1405,2,34,1,4
1406,2,34,2,4
1407,2,34,3,6
1408,2,34,4,6
1409,2,34,5,6
1410,2,35,0,11
1411,2,35,1,10
1412,2,35,2,10
1413,2,35,3,11
1414,2,35,4,20
1415,2,35,5,10
1416,2,36,0,8
1417,2,36,1,31
1418,2,36,2,3
1419,2,36,3,4
1420,2,36,4,3
1421,2,36,5,3
1422,2,37,0,36
1423,2,37,1,18
1424,2,37,2,25
1425,2,37,3,7
1426,2,37,4,12
1427,2,37,5,11
1428,2,38,0,4
1429,2,38,1,4
1430,2,38,2,4
1431,2,38,3,4
1432,2,38,4,4
1433,2,38,5,4
1434,2,39,0,6
1435,2,39,1,7
1436,2,39,2,6
1437,2,39,3,9
1438,2,39,4,8
1439,2,39,5,6
1440,2,40,0,5
1441,2,40,1,8
1442,2,40,2,5
1443,2,40,3,5
1444,2,40,4,9
1445,2,40,5,5
1446,2,41,0,11
1447,2,41,1,14
1448,2,41,2,8
1449,2,41,3,6
1450,2,41,4,9
1451,2,41,5,6
1452,2,42,0,12
1453,2,42,1,7
1454,2,42,2,9
1455,2,42,3,14
1456,2,42,4,10
1457,2,42,5,10
1458,2,43,0,4
1459,2,43,1,4
1460,2,43,2,4
1461,2,43,3,4
1462,2,43,4,6
1463,2,43,5,6
1464,2,44,0,15
1465,2,44,1,55
1466,2,44,2,24
1467,2,44,3,29
1468,2,44,4,4
1469,2,44,5,20
1470,2,45,0,10
1471,2,45,1,7
1472,2,45,2,7
1473,2,45,3,14
1474,2,45,4,7
1475,2,45,5,7
1476,2,46,0,46
1477,2,46,1,3
1478,2,46,2,3
1479,2,46,3,3
1480,2,46,4,3
1481,2,46,5,3
1482,2,47,0,15
1483,2,47,1,5
1484,2,47,2,25
1485,2,47,3,3
1486,2,47,4,3
1487,2,47,5,3
1488,2,48,0,8
1489,2,48,1,13
1490,2,48,2,18
1491,2,48,3,12
1492,2,48,4,8
1493,2,48,5,14
1494,2,49,0,8
1495,2,49,1,15
1496,2,49,2,4
1497,2,49,3,10
1498,2,49,4,5
1499,2,49,5,8
1500,2,50,0,8
1501,2,50,1,21
1502,2,50,2,10
1503,2,50,3,7
1504,2,50,4,13
1505,2,50,5,9
1506,2,51,0,6
1507,2,51,1,4
1508,2,51,2,4
1509,2,51,3,4
1510,2,51,4,5
1511,2,51,5,5
1512,2,52,0,13
1513,2,52,1,12
1514,2,52,2,9
1515,2,52,3,14
1516,2,52,4,29
1517,2,52,5,20
1518,2,53,0,11
1519,2,53,1,26
1520,2,53,2,34
1521,2,53,3,15
1522,2,53,4,10
1523,2,53,5,10
1524,2,54,0,18
1525,2,54,1,38
1526,2,54,2,30
1527,2,54,3,21
1528,2,54,4,19
1529,2,54,5,17
1530,2,55,0,4
1531,2,55,1,7
1532,2,55,2,4
1533,2,55,3,4
1534,2,55,4,6
1535,2,55,5,5
1536,2,56,0,17
1537,2,56,1,7
1538,2,56,2,35
1539,2,56,3,8
1540,2,56,4,7
1541,2,56,5,31
1542,2,57,0,8
1543,2,57,1,12
1544,2,57,2,7
1545,2,57,3,7
1546,2,57,4,7
1547,2,57,5,9
1548,2,58,0,10
1549,2,58,1,26
1550,2,58,2,14
1551,2,58,3,15
1552,2,58,4,12
1553,2,58,5,9
1554,2,59,0,8
1555,2,59,1,10
1556,2,59,2,8
1557,2,59,3,6
1558,2,59,4,6
1559,2,59,5,6
1560,2,60,0,25
1561,2,60,1,8
1562,2,60,2,7
1563,2,60,3,13
1564,2,60,4,22
1565,2,60,5,13
1566,2,61,0,23
1567,2,61,1,28
1568,2,61,2,43
1569,2,61,3,31
1570,2,61,4,18
1571,2,61,5,21
1572,2,62,0,37
1573,2,62,1,32
1574,2,62,2,13
1575,2,62,3,35
1576,2,62,4,12
1577,2,62,5,17
1578,2,63,0,29
1579,2,63,1,17
1580,2,63,2,10
1581,2,63,3,7
1582,2,63,4,12
1583,2,63,5,13
1584,2,64,0,6
1585,2,64,1,7
1586,2,64,2,6
1587,2,64,3,6
1588,2,64,4,6
1589,2,64,5,6
1590,2,65,0,22
1591,2,65,1,4
1592,2,65,2,7
1593,2,65,3,11
1594,2,65,4,6
1595,2,65,5,5
1596,2,66,0,6
1597,2,66,1,4
1598,2,66,2,14
1599,2,66,3,7
1600,2,66,4,4
1601,2,66,5,8
1602,2,67,0,7
1603,2,67,1,17
1604,2,67,2,11
1605,2,67,3,14
1606,2,67,4,12
1607,2,67,5,8
1608,2,68,0,8
1609,2,68,1,13
1610,2,68,2,16
1611,2,68,3,8
1612,2,68,4,10
1613,2,68,5,10
1614,2,69,0,14
1615,2,69,1,17
1616,2,69,2,16
1617,2,69,3,17
1618,2,69,4,9
1619,2,69,5,9
1620,2,70,0,11
1621,2,70,1,27
1622,2,70,2,19
1623,2,70,3,7
1624,2,70,4,14
1625,2,70,5,8
1626,2,71,0,10
1627,2,71,1,3
1628,2,71,2,4
1629,2,71,3,4
1630,2,71,4,4
1631,2,71,5,8
1632,2,72,0,13
1633,2,72,1,25
1634,2,72,2,16
1635,2,72,3,7
1636,2,72,4,6
1637,2,72,5,5
1638,2,73,0,4
1639,2,73,1,5
1640,2,73,2,7
1641,2,73,3,4
1642,2,73,4,4
1643,2,73,5,4
1644,2,74,0,7
1645,2,74,1,8
1646,2,74,2,4
1647,2,74,3,3
1648,2,74,4,4
1649,2,74,5,8
1650,2,75,0,47
1651,2,75,1,12
1652,2,75,2,27
1653,2,75,3,17
1654,2,75,4,25
1655,2,75,5,11
1656,2,76,0,4
1657,2,76,1,6
1658,2,76,2,4
1659,2,76,3,12
1660,2,76,4,35
1661,2,76,5,6
1662,2,77,0,11
1663,2,77,1,8
1664,2,77,2,8
1665,2,77,3,8
1666,2,77,4,10
1667,2,77,5,8
1668,2,78,0,8
1669,2,78,1,17
1670,2,78,2,4
1671,2,78,3,4
1672,2,78,4,4
1673,2,78,5,4
1674,2,79,0,8
1675,2,79,1,3
1676,2,79,2,11
1677,2,79,3,6
1678,2,79,4,11
1679,2,79,5,4
1680,2,80,0,7
1681,2,80,1,6
1682,2,80,2,3
1683,2,80,3,3
1684,2,80,4,20
1685,2,80,5,3
1686,2,81,0,8
1687,2,81,1,6
1688,2,81,2,8
1689,2,81,3,8
1690,2,81,4,26
1691,2,81,5,6
1692,2,82,0,8
1693,2,82,1,9
1694,2,82,2,11
1695,2,82,3,6
1696,2,82,4,8
1697,2,82,5,10
1698,2,83,0,11
1699,2,83,1,14
1700,2,83,2,27
1701,2,83,3,8
1702,2,83,4,11
1703,2,83,5,12
1704,2,84,0,64
1705,2,84,1,47
1706,2,84,2,10
1707,2,84,3,65
1708,2,84,4,11
1709,2,84,5,26
1710,2,85,0,14
1711,2,85,1,21
1712,2,85,2,16
1713,2,85,3,15
1714,2,85,4,17
1715,2,85,5,15
1716,2,86,0,14
1717,2,86,1,14
1718,2,86,2,22
1719,2,86,3,11
1720,2,86,4,10
1721,2,86,5,8
1722,2,87,0,12
1723,2,87,1,8
1724,2,87,2,11
1725,2,87,3,8
1726,2,87,4,14
1727,2,87,5,12
1728,2,88,0,3
1729,2,88,1,3
1730,2,88,2,4
1731,2,88,3,5
1732,2,88,4,7
1733,2,88,5,12
1734,2,89,0,33
1735,2,89,1,21
1736,2,89,2,19
1737,2,89,3,56
1738,2,89,4,32
1739,2,89,5,47
1740,2,90,0,20
1741,2,90,1,58
1742,2,90,2,34
1743,2,90,3,23
1744,2,90,4,27
1745,2,90,5,19
1746,2,91,0,18
1747,2,91,1,7
1748,2,91,2,4
1749,2,91,3,9
1750,2,91,4,4
1751,2,91,5,4
1752,2,92,0,12
1753,2,92,1,13
1754,2,92,2,7
1755,2,92,3,9
1756,2,92,4,13
1757,2,92,5,11
1758,2,93,0,6
1759,2,93,1,7
1760,2,93,2,8
1761,2,93,3,7
1762,2,93,4,8
1763,2,93,5,15
1764,2,94,0,9
1765,2,94,1,21
1766,2,94,2,13
1767,2,94,3,50
1768,2,94,4,14
1769,2,94,5,25
1770,2,95,0,7
1771,2,95,1,6
1772,2,95,2,6
1773,2,95,3,6
1774,2,95,4,6
1775,2,95,5,6
1776,2,96,0,6
1777,2,96,1,7
1778,2,96,2,30
1779,2,96,3,26
1780,2,96,4,21
1781,2,96,5,4
1782,2,97,0,5
1783,2,97,1,10
1784,2,97,2,5
1785,2,97,3,5
1786,2,97,4,5
1787,2,97,5,9
1788,2,98,0,12
1789,2,98,1,33
1790,2,98,2,23
1791,2,98,3,17
1792,2,98,4,9
1793,2,98,5,11
1794,2,99,0,3
1795,2,99,1,3
1796,2,99,2,8
1797,2,99,3,3
1798,2,99,4,4
1799,2,99,5,5
1800,3,0,0,6
1801,3,0,1,6
1802,3,0,2,6
1803,3,0,3,6
1804,3,0,4,6
1805,3,0,5,6
1806,3,1,0,6
1807,3,1,1,5
1808,3,1,2,8
1809,3,1,3,11
1810,3,1,4,9
1811,3,1,5,4
1812,3,2,0,6
1813,3,2,1,10
1814,3,2,2,6
1815,3,2,3,6
1816,3,2,4,6
1817,3,2,5,6
1818,3,3,0,6
1819,3,3,1,3
1820,3,3,2,9
1821,3,3,3,3
1822,3,3,4,4
1823,3,3,5,3
1824,3,4,0,11
1825,3,4,1,6
1826,3,4,2,5
1827,3,4,3,5
1828,3,4,4,5
1829,3,4,5,5
1830,3,5,0,6
1831,3,5,1,7
1832,3,5,2,10
1833,3,5,3,9
1834,3,5,4,8
1835,3,5,5,7
1836,3,6,0,5
1837,3,6,1,6
1838,3,6,2,6
1839,3,6,3,5
1840,3,6,4,5
1841,3,6,5,7
1842,3,7,0,5
1843,3,7,1,4
1844,3,7,2,4
1845,3,7,3,4
1846,3,7,4,4
1847,3,7,5,4
1848,3,8,0,18
1849,3,8,1,14
1850,3,8,2,14
1851,3,8,3,23
1852,3,8,4,5
1853,3,8,5,13
1854,3,9,0,15
1855,3,9,1,12
1856,3,9,2,10
1857,3,9,3,8
1858,3,9,4,8
1859,3,9,5,8
1860,3,10,0,15
1861,3,10,1,20
1862,3,10,2,9
1863,3,10,3,4
1864,3,10,4,5
1865,3,10,5,4
1866,3,11,0,27
1867,3,11,1,3
1868,3,11,2,4
1869,3,11,3,4
1870,3,11,4,3
1871,3,11,5,4
1872,3,12,0,34
1873,3,12,1,21
1874,3,12,2,8
1875,3,12,3,22
1876,3,12,4,13
1877,3,12,5,14
1878,3,13,0,5
1879,3,13,1,7
1880,3,13,2,6
1881,3,13,3,6
1882,3,13,4,7
1883,3,13,5,21
1884,3,14,0,7
1885,3,14,1,15
1886,3,14,2,29
1887,3,14,3,32
1888,3,14,4,5
1889,3,14,5,22
1890,3,15,0,12
1891,3,15,1,15
1892,3,15,2,8
1893,3,15,3,9
1894,3,15,4,10
1895,3,15,5,19
1896,3,16,0,8
1897,3,16,1,8
1898,3,16,2,10
1899,3,16,3,5
1900,3,16,4,7
1901,3,16,5,5
1902,3,17,0,11
1903,3,17,1,11
1904,3,17,2,7
1905,3,17,3,17
1906,3,17,4,5
1907,3,17,5,4
1908,3,18,0,7
1909,3,18,1,7
1910,3,18,2,7
1911,3,18,3,10
1912,3,18,4,7
1913,3,18,5,7
1914,3,19,0,9
1915,3,19,1,7
1916,3,19,2,14
1917,3,19,3,11
1918,3,19,4,7
1919,3,19,5,7
1920,3,20,0,16
1921,3,20,1,14
1922,3,20,2,8
1923,3,20,3,9
1924,3,20,4,8
1925,3,20,5,9
1926,3,21,0,6
1927,3,21,1,5
1928,3,21,2,6
1929,3,21,3,6
1930,3,21,4,7
1931,3,21,5,5
1932,3,22,0,14
1933,3,22,1,7
1934,3,22,2,6
1935,3,22,3,6
1936,3,22,4,6
1937,3,22,5,6
1938,3,23,0,46
1939,3,23,1,14
1940,3,23,2,23
1941,3,23,3,17
1942,3,23,4,12
1943,3,23,5,4
1944,3,24,0,32
1945,3,24,1,9
1946,3,24,2,17
1947,3,24,3,10
1948,3,24,4,9
1949,3,24,5,7
1950,3,25,0,9
1951,3,25,1,9
1952,3,25,2,16
1953,3,25,3,9
1954,3,25,4,12
1955,3,25,5,11
1956,3,26,0,24
1957,3,26,1,22
1958,3,26,2,7
1959,3,26,3,15
1960,3,26,4,7
1961,3,26,5,7
1962,3,27,0,29
1963,3,27,1,9
1964,3,27,2,22
1965,3,27,3,7
1966,3,27,4,3
1967,3,27,5,3
1968,3,28,0,30
1969,3,28,1,22
1970,3,28,2,14
1971,3,28,3,18
1972,3,28,4,12
1973,3,28,5,10
1974,3,29,0,16
1975,3,29,1,24
1976,3,29,2,12
1977,3,29,3,11
1978,3,29,4,20
1979,3,29,5,31
1980,3,30,0,3
1981,3,30,1,8
1982,3,30,2,3
1983,3,30,3,4
1984,3,30,4,3
1985,3,30,5,3
1986,3,31,0,4
1987,3,31,1,3
1988,3,31,2,5
1989,3,31,3,4
1990,3,31,4,3
1991,3,31,5,3
1992,3,32,0,9
1993,3,32,1,9
1994,3,32,2,9
1995,3,32,3,9
1996,3,32,4,9
1997,3,32,5,9
1998,3,33,0,25
1999,3,33,1,6
2000,3,33,2,18
2001,3,33,3,33
2002,3,33,4,4
2003,3,33,5,19
2004,3,34,0,9
2005,3,34,1,4
2006,3,34,2,4
2007,3,34,3,4
2008,3,34,4,4
2009,3,34,5,4
2010,3,35,0,28
2011,3,35,1,10
2012,3,35,2,18
2013,3,35,3,8
2014,3,35,4,5
2015,3,35,5,4
2016,3,36,0,8
2017,3,36,1,6
2018,3,36,2,8
2019,3,36,3,6
2020,3,36,4,6
2021,3,36,5,6
2022,3,37,0,36
2023,3,37,1,18
2024,3,37,2,25
2025,3,37,3,7
2026,3,37,4,12
2027,3,37,5,11
2028,3,38,0,16
2029,3,38,1,23
2030,3,38,2,19
2031,3,38,3,5
2032,3,38,4,4
2033,3,38,5,4
2034,3,39,0,9
2035,3,39,1,11
2036,3,39,2,13
2037,3,39,3,9
2038,3,39,4,12
2039,3,39,5,12
2040,3,40,0,5
2041,3,40,1,8
2042,3,40,2,5
2043,3,40,3,5
2044,3,40,4,9
2045,3,40,5,5
2046,3,41,0,11
2047,3,41,1,6
2048,3,41,2,7
2049,3,41,3,6
2050,3,41,4,8
2051,3,41,5,7
2052,3,42,0,11
2053,3,42,1,7
2054,3,42,2,8
2055,3,42,3,10
2056,3,42,4,8
2057,3,42,5,10
2058,3,43,0,4
2059,3,43,1,4
2060,3,43,2,4
2061,3,43,3,4
2062,3,43,4,6
2063,3,43,5,6
2064,3,44,0,15
2065,3,44,1,55
2066,3,44,2,24
2067,3,44,3,17
2068,3,44,4,16
2069,3,44,5,20
2070,3,45,0,8
2071,3,45,1,8
2072,3,45,2,8
2073,3,45,3,11
2074,3,45,4,10
2075,3,45,5,7
2076,3,46,0,11
2077,3,46,1,42
2078,3,46,2,41
2079,3,46,3,8
2080,3,46,4,3
2081,3,46,5,3
2082,3,47,0,15
2083,3,47,1,5
2084,3,47,2,26
2085,3,47,3,5
2086,3,47,4,29
2087,3,47,5,7
2088,3,48,0,8
2089,3,48,1,4
2090,3,48,2,4
2091,3,48,3,4
2092,3,48,4,4
2093,3,48,5,4
2094,3,49,0,9
2095,3,49,1,15
2096,3,49,2,8
2097,3,49,3,7
2098,3,49,4,6
2099,3,49,5,6
2100,3,50,0,4
2101,3,50,1,4
2102,3,50,2,4
2103,3,50,3,4
2104,3,50,4,4
2105,3,50,5,4
2106,3,51,0,6
2107,3,51,1,4
2108,3,51,2,4
2109,3,51,3,4
2110,3,51,4,5
2111,3,51,5,5
2112,3,52,0,38
2113,3,52,1,36
2114,3,52,2,35
2115,3,52,3,55
2116,3,52,4,5
2117,3,52,5,7
2118,3,53,0,11
2119,3,53,1,23
2120,3,53,2,15
2121,3,53,3,11
2122,3,53,4,12
2123,3,53,5,14
2124,3,54,0,40
2125,3,54,1,48
2126,3,54,2,4
2127,3,54,3,4
2128,3,54,4,13
2129,3,54,5,18
2130,3,55,0,10
2131,3,55,1,7
2132,3,55,2,10
2133,3,55,3,4
2134,3,55,4,10
2135,3,55,5,6
2136,3,56,0,17
2137,3,56,1,7
2138,3,56,2,31
2139,3,56,3,12
2140,3,56,4,7
2141,3,56,5,32
2142,3,57,0,8
2143,3,57,1,12
2144,3,57,2,7
2145,3,57,3,7
2146,3,57,4,7
2147,3,57,5,9
2148,3,58,0,10
2149,3,58,1,10
2150,3,58,2,10
2151,3,58,3,12
2152,3,58,4,12
2153,3,58,5,11
2154,3,59,0,13
2155,3,59,1,13
2156,3,59,2,17
2157,3,59,3,9
2158,3,59,4,12
2159,3,59,5,9
2160,3,60,0,9
2161,3,60,1,6
2162,3,60,2,20
2163,3,60,3,8
2164,3,60,4,8
2165,3,60,5,6
2166,3,61,0,23
2167,3,61,1,17
2168,3,61,2,4
2169,3,61,3,13
2170,3,61,4,7
2171,3,61,5,8
2172,3,62,0,31
2173,3,62,1,45
2174,3,62,2,19
2175,3,62,3,17
2176,3,62,4,7
2177,3,62,5,16
2178,3,63,0,9
2179,3,63,1,8
2180,3,63,2,8
2181,3,63,3,7
2182,3,63,4,9
2183,3,63,5,7
2184,3,64,0,6
2185,3,64,1,7
2186,3,64,2,6
2187,3,64,3,6
2188,3,64,4,6
2189,3,64,5,6
2190,3,65,0,18
2191,3,65,1,9
2192,3,65,2,10
2193,3,65,3,5
2194,3,65,4,8
2195,3,65,5,6
2196,3,66,0,6
2197,3,66,1,4
2198,3,66,2,21
2199,3,66,3,4
2200,3,66,4,8
2201,3,66,5,13
2202,3,67,0,7
2203,3,67,1,4
2204,3,67,2,5
2205,3,67,3,4
2206,3,67,4,4
2207,3,67,5,4
2208,3,68,0,8
2209,3,68,1,13
2210,3,68,2,16
2211,3,68,3,8
2212,3,68,4,10
2213,3,68,5,10
2214,3,69,0,6
2215,3,69,1,6
2216,3,69,2,5
2217,3,69,3,5
2218,3,69,4,5
2219,3,69,5,13
2220,3,70,0,12
2221,3,70,1,28
2222,3,70,2,17
2223,3,70,3,12
2224,3,70,4,14
2225,3,70,5,15
2226,3,71,0,10
2227,3,71,1,3
2228,3,71,2,4
2229,3,71,3,4
2230,3,71,4,4
2231,3,71,5,8
2232,3,72,0,5
2233,3,72,1,5
2234,3,72,2,5
2235,3,72,3,5
2236,3,72,4,5
2237,3,72,5,5
2238,3,73,0,4
2239,3,73,1,5
2240,3,73,2,7
2241,3,73,3,4
2242,3,73,4,4
2243,3,73,5,4
2244,3,74,0,12
2245,3,74,1,13
2246,3,74,2,8
2247,3,74,3,9
2248,3,74,4,15
2249,3,74,5,8
2250,3,75,0,36
2251,3,75,1,10
2252,3,75,2,37
2253,3,75,3,48
2254,3,75,4,8
2255,3,75,5,24
2256,3,76,0,16
2257,3,76,1,13
2258,3,76,2,7
2259,3,76,3,19
2260,3,76,4,7
2261,3,76,5,12
2262,3,77,0,11
2263,3,77,1,8
2264,3,77,2,8
2265,3,77,3,8
2266,3,77,4,10
2267,3,77,5,8
2268,3,78,0,8
2269,3,78,1,3
2270,3,78,2,4
2271,3,78,3,5
2272,3,78,4,4
2273,3,78,5,3
2274,3,79,0,4
2275,3,79,1,5
2276,3,79,2,3
2277,3,79,3,10
2278,3,79,4,6
2279,3,79,5,11
2280,3,80,0,7
2281,3,80,1,6
2282,3,80,2,3
2283,3,80,3,3
2284,3,80,4,20
2285,3,80,5,3
2286,3,81,0,5
2287,3,81,1,4
2288,3,81,2,4
2289,3,81,3,4
2290,3,81,4,5
2291,3,81,5,4
2292,3,82,0,8
2293,3,82,1,9
2294,3,82,2,11
2295,3,82,3,6
2296,3,82,4,8
2297,3,82,5,10
2298,3,83,0,9
2299,3,83,1,17
2300,3,83,2,8
2301,3,83,3,10
2302,3,83,4,6
2303,3,83,5,6
2304,3,84,0,38
2305,3,84,1,14
2306,3,84,2,15
2307,3,84,3,24
2308,3,84,4,12
2309,3,84,5,12
2310,3,85,0,8
2311,3,85,1,12
2312,3,85,2,19
2313,3,85,3,9
2314,3,85,4,8
2315,3,85,5,10
2316,3,86,0,13
2317,3,86,1,11
2318,3,86,2,14
2319,3,86,3,12
2320,3,86,4,15
2321,3,86,5,12
2322,3,87,0,12
2323,3,87,1,4
2324,3,87,2,4
2325,3,87,3,11
2326,3,87,4,4
2327,3,87,5,4
2328,3,88,0,4
2329,3,88,1,8
2330,3,88,2,7
2331,3,88,3,4
2332,3,88,4,7
2333,3,88,5,4
2334,3,89,0,6
2335,3,89,1,6
2336,3,89,2,11
2337,3,89,3,6
2338,3,89,4,3
2339,3,89,5,3
2340,3,90,0,14
2341,3,90,1,5
2342,3,90,2,10
2343,3,90,3,5
2344,3,90,4,3
2345,3,90,5,3
2346,3,91,0,7
2347,3,91,1,5
2348,3,91,2,4
2349,3,91,3,3
2350,3,91,4,4
2351,3,91,5,5
2352,3,92,0,10
2353,3,92,1,7
2354,3,92,2,7
2355,3,92,3,7
2356,3,92,4,7
2357,3,92,5,7
2358,3,93,0,7
2359,3,93,1,7
2360,3,93,2,18
2361,3,93,3,22
2362,3,93,4,7
2363,3,93,5,16
2364,3,94,0,7
2365,3,94,1,9
2366,3,94,2,8
2367,3,94,3,9
2368,3,94,4,6
2369,3,94,5,8
2370,3,95,0,6
2371,3,95,1,5
2372,3,95,2,7
2373,3,95,3,5
2374,3,95,4,5
2375,3,95,5,9
2376,3,96,0,6
2377,3,96,1,6
2378,3,96,2,8
2379,3,96,3,4
2380,3,96,4,4
2381,3,96,5,4
2382,3,97,0,14
2383,3,97,1,6
2384,3,97,2,6
2385,3,97,3,6
2386,3,97,4,13
2387,3,97,5,9
2388,3,98,0,6
2389,3,98,1,7
2390,3,98,2,5
2391,3,98,3,7
2392,3,98,4,5
2393,3,98,5,5
2394,3,99,0,3
2395,3,99,1,3
2396,3,99,2,8
2397,3,99,3,3
2398,3,99,4,4
2399,3,99,5,5
2400,4,0,0,7
2401,4,0,1,10
2402,4,0,2,6
2403,4,0,3,5
2404,4,0,4,9
2405,4,0,5,8
2406,4,1,0,6
2407,4,1,1,7
2408,4,1,2,21
2409,4,1,3,11
2410,4,1,4,7
2411,4,1,5,23
2412,4,2,0,12
2413,4,2,1,14
2414,4,2,2,11
2415,4,2,3,9
2416,4,2,4,11
2417,4,2,5,16
2418,4,3,0,6
2419,4,3,1,3
2420,4,3,2,9
2421,4,3,3,3
2422,4,3,4,4
2423,4,3,5,3
2424,4,4,0,11
2425,4,4,1,6
2426,4,4,2,4
2427,4,4,3,6
2428,4,4,4,5
2429,4,4,5,4
2430,4,5,0,6
2431,4,5,1,7
2432,4,5,2,10
2433,4,5,3,9
2434,4,5,4,8
2435,4,5,5,7
2436,4,6,0,11
2437,4,6,1,6
2438,4,6,2,5
2439,4,6,3,5
2440,4,6,4,10
2441,4,6,5,10
2442,4,7,0,5
2443,4,7,1,4
2444,4,7,2,4
2445,4,7,3,4
2446,4,7,4,4
2447,4,7,5,4
2448,4,8,0,11
2449,4,8,1,13
2450,4,8,2,17
2451,4,8,3,18
2452,4,8,4,15
2453,4,8,5,19
2454,4,9,0,15
2455,4,9,1,12
2456,4,9,2,10
2457,4,9,3,8
2458,4,9,4,8
2459,4,9,5,8
2460,4,10,0,16
2461,4,10,1,29
2462,4,10,2,34
2463,4,10,3,12
2464,4,10,4,16
2465,4,10,5,15
2466,4,11,0,12
2467,4,11,1,8
2468,4,11,2,12
2469,4,11,3,4
2470,4,11,4,7
2471,4,11,5,11
2472,4,12,0,32
2473,4,12,1,4
2474,4,12,2,34
2475,4,12,3,20
2476,4,12,4,21
2477,4,12,5,17
2478,4,13,0,5
2479,4,13,1,16
2480,4,13,2,7
2481,4,13,3,7
2482,4,13,4,17
2483,4,13,5,14
2484,4,14,0,9
2485,4,14,1,23
2486,4,14,2,12
2487,4,14,3,19
2488,4,14,4,21
2489,4,14,5,22
2490,4,15,0,12
2491,4,15,1,14
2492,4,15,2,10
2493,4,15,3,12
2494,4,15,4,12
2495,4,15,5,6
2496,4,16,0,8
2497,4,16,1,8
2498,4,16,2,10
2499,4,16,3,5
2500,4,16,4,7
2501,4,16,5,5
2502,4,17,0,11
2503,4,17,1,16
2504,4,17,2,20
2505,4,17,3,5
2506,4,17,4,34
2507,4,17,5,19
2508,4,18,0,7
2509,4,18,1,7
2510,4,18,2,7
2511,4,18,3,12
2512,4,18,4,17
2513,4,18,5,9
2514,4,19,0,8
2515,4,19,1,8
2516,4,19,2,11
2517,4,19,3,9
2518,4,19,4,13
2519,4,19,5,9
2520,4,20,0,13
2521,4,20,1,7
2522,4,20,2,11
2523,4,20,3,8
2524,4,20,4,15
2525,4,20,5,12
2526,4,21,0,8
2527,4,21,1,6
2528,4,21,2,5
2529,4,21,3,5
2530,4,21,4,6
2531,4,21,5,5
2532,4,22,0,5
2533,4,22,1,5
2534,4,22,2,6
2535,4,22,3,7
2536,4,22,4,6
2537,4,22,5,8
2538,4,23,0,29
2539,4,23,1,18
2540,4,23,2,13
2541,4,23,3,13
2542,4,23,4,20
2543,4,23,5,8
2544,4,24,0,32
2545,4,24,1,9
2546,4,24,2,17
2547,4,24,3,10
2548,4,24,4,9
2549,4,24,5,9
2550,4,25,0,11
2551,4,25,1,26
2552,4,25,2,32
2553,4,25,3,45
2554,4,25,4,17
2555,4,25,5,15
2556,4,26,0,24
2557,4,26,1,22
2558,4,26,2,7
2559,4,26,3,15
2560,4,26,4,7
2561,4,26,5,7
2562,4,27,0,29
2563,4,27,1,9
2564,4,27,2,22
2565,4,27,3,7
2566,4,27,4,3
2567,4,27,5,3
2568,4,28,0,30
2569,4,28,1,22
2570,4,28,2,14
2571,4,28,3,18
2572,4,28,4,12
2573,4,28,5,10
2574,4,29,0,11
2575,4,29,1,12
2576,4,29,2,10
2577,4,29,3,13
2578,4,29,4,17
2579,4,29,5,20
2580,4,30,0,3
2581,4,30,1,8
2582,4,30,2,3
2583,4,30,3,4
2584,4,30,4,3
2585,4,30,5,3
2586,4,31,0,4
2587,4,31,1,8
2588,4,31,2,4
2589,4,31,3,3
2590,4,31,4,9
2591,4,31,5,6
2592,4,32,0,12
2593,4,32,1,16
2594,4,32,2,22
2595,4,32,3,10
2596,4,32,4,10
2597,4,32,5,18
2598,4,33,0,22
2599,4,33,1,9
2600,4,33,2,18
2601,4,33,3,18
2602,4,33,4,25
2603,4,33,5,18
2604,4,34,0,14
2605,4,34,1,4
2606,4,34,2,4
2607,4,34,3,6
2608,4,34,4,6
2609,4,34,5,6
2610,4,35,0,18
2611,4,35,1,32
2612,4,35,2,30
2613,4,35,3,5
2614,4,35,4,4
2615,4,35,5,4
2616,4,36,0,7
2617,4,36,1,4
2618,4,36,2,20
2619,4,36,3,8
2620,4,36,4,15
2621,4,36,5,6
2622,4,37,0,36
2623,4,37,1,18
2624,4,37,2,25
2625,4,37,3,7
2626,4,37,4,12
2627,4,37,5,11
2628,4,38,0,18
2629,4,38,1,23
2630,4,38,2,32
2631,4,38,3,12
2632,4,38,4,44
2633,4,38,5,27
2634,4,39,0,6
2635,4,39,1,7
2636,4,39,2,6
2637,4,39,3,16
2638,4,39,4,7
2639,4,39,5,8
2640,4,40,0,5
2641,4,40,1,8
2642,4,40,2,5
2643,4,40,3,5
2644,4,40,4,9
2645,4,40,5,5
2646,4,41,0,11
2647,4,41,1,14
2648,4,41,2,8
2649,4,41,3,6
2650,4,41,4,9
2651,4,41,5,6
2652,4,42,0,12
2653,4,42,1,7
2654,4,42,2,9
2655,4,42,3,14
2656,4,42,4,10
2657,4,42,5,10
2658,4,43,0,4
2659,4,43,1,4
2660,4,43,2,4
2661,4,43,3,4
2662,4,43,4,6
2663,4,43,5,6
2664,4,44,0,15
2665,4,44,1,55
2666,4,44,2,24
2667,4,44,3,29
2668,4,44,4,4
2669,4,44,5,20
2670,4,45,0,10
2671,4,45,1,7
2672,4,45,2,7
2673,4,45,3,14
2674,4,45,4,7
2675,4,45,5,7
2676,4,46,0,11
2677,4,46,1,108
2678,4,46,2,13
2679,4,46,3,61
2680,4,46,4,13
2681,4,46,5,20
2682,4,47,0,15
2683,4,47,1,5
2684,4,47,2,18
2685,4,47,3,5
2686,4,47,4,5
2687,4,47,5,6
2688,4,48,0,8
2689,4,48,1,7
2690,4,48,2,21
2691,4,48,3,7
2692,4,48,4,14
2693,4,48,5,12
2694,4,49,0,13
2695,4,49,1,9
2696,4,49,2,15
2697,4,49,3,12
2698,4,49,4,9
2699,4,49,5,13
2700,4,50,0,4
2701,4,50,1,4
2702,4,50,2,4
2703,4,50,3,4
2704,4,50,4,4
2705,4,50,5,4
2706,4,51,0,6
2707,4,51,1,4
2708,4,51,2,4
2709,4,51,3,4
2710,4,51,4,5
2711,4,51,5,5
2712,4,52,0,14
2713,4,52,1,13
2714,4,52,2,8
2715,4,52,3,11
2716,4,52,4,33
2717,4,52,5,37
2718,4,53,0,11
2719,4,53,1,26
2720,4,53,2,34
2721,4,53,3,15
2722,4,53,4,10
2723,4,53,5,10
2724,4,54,0,19
2725,4,54,1,76
2726,4,54,2,17
2727,4,54,3,27
2728,4,54,4,27
2729,4,54,5,50
2730,4,55,0,10
2731,4,55,1,7
2732,4,55,2,9
2733,4,55,3,4
2734,4,55,4,8
2735,4,55,5,14
2736,4,56,0,17
2737,4,56,1,7
2738,4,56,2,35
2739,4,56,3,8
2740,4,56,4,7
2741,4,56,5,31
2742,4,57,0,8
2743,4,57,1,12
2744,4,57,2,7
2745,4,57,3,7
2746,4,57,4,7
2747,4,57,5,9
2748,4,58,0,10
2749,4,58,1,26
2750,4,58,2,14
2751,4,58,3,15
2752,4,58,4,12
2753,4,58,5,9
2754,4,59,0,24
2755,4,59,1,20
2756,4,59,2,20
2757,4,59,3,16
2758,4,59,4,23
2759,4,59,5,11
2760,4,60,0,25
2761,4,60,1,8
2762,4,60,2,7
2763,4,60,3,13
2764,4,60,4,22
2765,4,60,5,13
2766,4,61,0,23
2767,4,61,1,28
2768,4,61,2,43
2769,4,61,3,31
2770,4,61,4,18
2771,4,61,5,21
2772,4,62,0,37
2773,4,62,1,32
2774,4,62,2,13
2775,4,62,3,35
2776,4,62,4,12
2777,4,62,5,17
2778,4,63,0,29
2779,4,63,1,17
2780,4,63,2,10
2781,4,63,3,7
2782,4,63,4,12
2783,4,63,5,13
2784,4,64,0,6
2785,4,64,1,7
2786,4,64,2,6
2787,4,64,3,6
2788,4,64,4,6
2789,4,64,5,6
2790,4,65,0,22
2791,4,65,1,4
2792,4,65,2,7
2793,4,65,3,11
2794,4,65,4,6
2795,4,65,5,5
2796,4,66,0,6
2797,4,66,1,4
2798,4,66,2,14
2799,4,66,3,7
2800,4,66,4,4
2801,4,66,5,8
2802,4,67,0,7
2803,4,67,1,17
2804,4,67,2,11
2805,4,67,3,14
2806,4,67,4,12
2807,4,67,5,8
2808,4,68,0,8
2809,4,68,1,13
2810,4,68,2,16
2811,4,68,3,8
2812,4,68,4,10
2813,4,68,5,10
2814,4,69,0,6
2815,4,69,1,6
2816,4,69,2,11
2817,4,69,3,6
2818,4,69,4,9
2819,4,69,5,12
2820,4,70,0,6
2821,4,70,1,7
2822,4,70,2,6
2823,4,70,3,5
2824,4,70,4,7
2825,4,70,5,5
2826,4,71,0,10
2827,4,71,1,3
2828,4,71,2,4
2829,4,71,3,4
2830,4,71,4,4
2831,4,71,5,8
2832,4,72,0,13
2833,4,72,1,25
2834,4,72,2,16
2835,4,72,3,7
2836,4,72,4,6
2837,4,72,5,5
2838,4,73,0,4
2839,4,73,1,5
2840,4,73,2,7
2841,4,73,3,4
2842,4,73,4,4
2843,4,73,5,4
2844,4,74,0,12
2845,4,74,1,13
2846,4,74,2,8
2847,4,74,3,9
2848,4,74,4,15
2849,4,74,5,8
2850,4,75,0,47
2851,4,75,1,12
2852,4,75,2,27
2853,4,75,3,17
2854,4,75,4,25
2855,4,75,5,11
2856,4,76,0,10
2857,4,76,1,4
2858,4,76,2,7
2859,4,76,3,5
2860,4,76,4,8
2861,4,76,5,26
2862,4,77,0,11
2863,4,77,1,8
2864,4,77,2,8
2865,4,77,3,8
2866,4,77,4,10
2867,4,77,5,8
2868,4,78,0,8
2869,4,78,1,3
2870,4,78,2,4
2871,4,78,3,5
2872,4,78,4,4
2873,4,78,5,3
2874,4,79,0,8
2875,4,79,1,3
2876,4,79,2,11
2877,4,79,3,6
2878,4,79,4,11
2879,4,79,5,4
2880,4,80,0,7
2881,4,80,1,6
2882,4,80,2,3
2883,4,80,3,3
2884,4,80,4,20
2885,4,80,5,3
2886,4,81,0,5
2887,4,81,1,4
2888,4,81,2,4
2889,4,81,3,4
2890,4,81,4,5
2891,4,81,5,4
2892,4,82,0,8
2893,4,82,1,9
2894,4,82,2,11
2895,4,82,3,6
2896,4,82,4,8
2897,4,82,5,10
2898,4,83,0,7
2899,4,83,1,17
2900,4,83,2,23
2901,4,83,3,10
2902,4,83,4,22
2903,4,83,5,11
2904,4,84,0,54
2905,4,84,1,26
2906,4,84,2,22
2907,4,84,3,22
2908,4,84,4,41
2909,4,84,5,19
2910,4,85,0,14
2911,4,85,1,21
2912,4,85,2,7
2913,4,85,3,33
2914,4,85,4,15
2915,4,85,5,12
2916,4,86,0,14
2917,4,86,1,14
2918,4,86,2,22
2919,4,86,3,11
2920,4,86,4,10
2921,4,86,5,8
2922,4,87,0,12
2923,4,87,1,8
2924,4,87,2,11
2925,4,87,3,8
2926,4,87,4,14
2927,4,87,5,12
2928,4,88,0,4
2929,4,88,1,7
2930,4,88,2,15
2931,4,88,3,15
2932,4,88,4,4
2933,4,88,5,17
2934,4,89,0,16
2935,4,89,1,19
2936,4,89,2,9
2937,4,89,3,15
2938,4,89,4,9
2939,4,89,5,43
2940,4,90,0,14
2941,4,90,1,5
2942,4,90,2,9
2943,4,90,3,18
2944,4,90,4,10
2945,4,90,5,9
2946,4,91,0,18
2947,4,91,1,7
2948,4,91,2,4
2949,4,91,3,9
2950,4,91,4,4
2951,4,91,5,4
2952,4,92,0,12
2953,4,92,1,13
2954,4,92,2,7
2955,4,92,3,9
2956,4,92,4,13
2957,4,92,5,11
2958,4,93,0,4
2959,4,93,1,5
2960,4,93,2,8
2961,4,93,3,6
2962,4,93,4,7
2963,4,93,5,8
2964,4,94,0,5
2965,4,94,1,24
2966,4,94,2,7
2967,4,94,3,7
2968,4,94,4,62
2969,4,94,5,28
2970,4,95,0,76
2971,4,95,1,50
2972,4,95,2,32
2973,4,95,3,7
2974,4,95,4,43
2975,4,95,5,18
2976,4,96,0,6
2977,4,96,1,6
2978,4,96,2,8
2979,4,96,3,4
2980,4,96,4,4
2981,4,96,5,4
2982,4,97,0,18
2983,4,97,1,8
2984,4,97,2,19
2985,4,97,3,9
2986,4,97,4,6
2987,4,97,5,6
2988,4,98,0,5
2989,4,98,1,8
2990,4,98,2,4
2991,4,98,3,10
2992,4,98,4,26
2993,4,98,5,4
2994,4,99,0,3
2995,4,99,1,3
2996,4,99,2,8
2997,4,99,3,3
2998,4,99,4,4
2999,4,99,5,5
