,Replay type,Individual,Trial,Performance
0,0,0,0,10
1,0,0,1,4
2,0,0,2,4
3,0,0,3,4
4,0,0,4,4
5,0,0,5,4
6,0,1,0,23
7,0,1,1,5
8,0,1,2,5
9,0,1,3,5
10,0,1,4,5
11,0,1,5,5
12,0,2,0,15
13,0,2,1,10
14,0,2,2,9
15,0,2,3,8
16,0,2,4,8
17,0,2,5,9
18,0,3,0,8
19,0,3,1,6
20,0,3,2,6
21,0,3,3,6
22,0,3,4,6
23,0,3,5,6
24,0,4,0,11
25,0,4,1,30
26,0,4,2,27
27,0,4,3,6
28,0,4,4,5
29,0,4,5,5
30,0,5,0,20
31,0,5,1,9
32,0,5,2,14
33,0,5,3,16
34,0,5,4,11
35,0,5,5,10
36,0,6,0,14
37,0,6,1,30
38,0,6,2,10
39,0,6,3,13
40,0,6,4,9
41,0,6,5,8
42,0,7,0,6
43,0,7,1,6
44,0,7,2,6
45,0,7,3,6
46,0,7,4,6
47,0,7,5,6
48,0,8,0,7
49,0,8,1,7
50,0,8,2,6
51,0,8,3,6
52,0,8,4,6
53,0,8,5,6
54,0,9,0,7
55,0,9,1,14
56,0,9,2,9
57,0,9,3,5
58,0,9,4,4
59,0,9,5,4
60,0,10,0,9
61,0,10,1,9
62,0,10,2,9
63,0,10,3,6
64,0,10,4,6
65,0,10,5,6
66,0,11,0,8
67,0,11,1,18
68,0,11,2,13
69,0,11,3,4
70,0,11,4,4
71,0,11,5,4
72,0,12,0,7
73,0,12,1,6
74,0,12,2,6
75,0,12,3,6
76,0,12,4,6
77,0,12,5,6
78,0,13,0,5
79,0,13,1,22
80,0,13,2,5
81,0,13,3,5
82,0,13,4,5
83,0,13,5,5
84,0,14,0,34
85,0,14,1,12
86,0,14,2,22
87,0,14,3,16
88,0,14,4,23
89,0,14,5,13
90,0,15,0,8
91,0,15,1,8
92,0,15,2,11
93,0,15,3,10
94,0,15,4,8
95,0,15,5,7
96,0,16,0,6
97,0,16,1,7
98,0,16,2,6
99,0,16,3,6
100,0,16,4,6
101,0,16,5,6
102,0,17,0,8
103,0,17,1,10
104,0,17,2,8
105,0,17,3,8
106,0,17,4,8
107,0,17,5,8
108,0,18,0,10
109,0,18,1,5
110,0,18,2,4
111,0,18,3,4
112,0,18,4,4
113,0,18,5,4
114,0,19,0,14
115,0,19,1,11
116,0,19,2,12
117,0,19,3,5
118,0,19,4,6
119,0,19,5,6
120,0,20,0,29
121,0,20,1,17
122,0,20,2,7
123,0,20,3,7
124,0,20,4,14
125,0,20,5,7
126,0,21,0,12
127,0,21,1,42
128,0,21,2,6
129,0,21,3,7
130,0,21,4,10
131,0,21,5,6
132,0,22,0,12
133,0,22,1,18
134,0,22,2,41
135,0,22,3,6
136,0,22,4,9
137,0,22,5,9
138,0,23,0,6
139,0,23,1,5
140,0,23,2,5
141,0,23,3,5
142,0,23,4,5
143,0,23,5,5
144,0,24,0,5
145,0,24,1,10
146,0,24,2,5
147,0,24,3,5
148,0,24,4,5
149,0,24,5,5
150,0,25,0,27
151,0,25,1,24
152,0,25,2,9
153,0,25,3,9
154,0,25,4,12
155,0,25,5,9
156,0,26,0,6
157,0,26,1,6
158,0,26,2,11
159,0,26,3,6
160,0,26,4,6
161,0,26,5,6
162,0,27,0,18
163,0,27,1,7
164,0,27,2,11
165,0,27,3,10
166,0,27,4,20
167,0,27,5,8
168,0,28,0,8
169,0,28,1,8
170,0,28,2,5
171,0,28,3,5
172,0,28,4,5
173,0,28,5,9
174,0,29,0,5
175,0,29,1,10
176,0,29,2,14
177,0,29,3,9
178,0,29,4,5
179,0,29,5,5
180,0,30,0,16
181,0,30,1,14
182,0,30,2,17
183,0,30,3,9
184,0,30,4,12
185,0,30,5,9
186,0,31,0,5
187,0,31,1,4
188,0,31,2,4
189,0,31,3,4
190,0,31,4,4
191,0,31,5,4
192,0,32,0,6
193,0,32,1,8
194,0,32,2,4
195,0,32,3,4
196,0,32,4,4
197,0,32,5,4
198,0,33,0,9
199,0,33,1,9
200,0,33,2,7
201,0,33,3,6
202,0,33,4,6
203,0,33,5,6
204,0,34,0,7
205,0,34,1,5
206,0,34,2,5
207,0,34,3,5
208,0,34,4,5
209,0,34,5,5
210,0,35,0,25
211,0,35,1,10
212,0,35,2,13
213,0,35,3,8
214,0,35,4,7
215,0,35,5,7
216,0,36,0,11
217,0,36,1,13
218,0,36,2,9
219,0,36,3,7
220,0,36,4,9
221,0,36,5,7
222,0,37,0,21
223,0,37,1,12
224,0,37,2,7
225,0,37,3,14
226,0,37,4,12
227,0,37,5,6
228,0,38,0,27
229,0,38,1,30
230,0,38,2,33
231,0,38,3,11
232,0,38,4,18
233,0,38,5,11
234,0,39,0,5
235,0,39,1,4
236,0,39,2,4
237,0,39,3,4
238,0,39,4,4
239,0,39,5,4
240,0,40,0,26
241,0,40,1,6
242,0,40,2,5
243,0,40,3,8
244,0,40,4,5
245,0,40,5,7
246,0,41,0,6
247,0,41,1,6
248,0,41,2,6
249,0,41,3,6
250,0,41,4,6
251,0,41,5,6
252,0,42,0,28
253,0,42,1,16
254,0,42,2,6
255,0,42,3,13
256,0,42,4,18
257,0,42,5,12
258,0,43,0,22
259,0,43,1,6
260,0,43,2,5
261,0,43,3,5
262,0,43,4,5
263,0,43,5,6
264,0,44,0,13
265,0,44,1,8
266,0,44,2,9
267,0,44,3,7
268,0,44,4,7
269,0,44,5,7
270,0,45,0,7
271,0,45,1,8
272,0,45,2,7
273,0,45,3,8
274,0,45,4,7
275,0,45,5,7
276,0,46,0,10
277,0,46,1,9
278,0,46,2,10
279,0,46,3,8
280,0,46,4,11
281,0,46,5,8
282,0,47,0,16
283,0,47,1,16
284,0,47,2,12
285,0,47,3,17
286,0,47,4,11
287,0,47,5,21
288,0,48,0,6
289,0,48,1,6
290,0,48,2,6
291,0,48,3,6
292,0,48,4,6
293,0,48,5,7
294,0,49,0,36
295,0,49,1,10
296,0,49,2,10
297,0,49,3,4
298,0,49,4,4
299,0,49,5,4
300,0,50,0,14
301,0,50,1,44
302,0,50,2,12
303,0,50,3,30
304,0,50,4,27
305,0,50,5,11
306,0,51,0,17
307,0,51,1,8
308,0,51,2,7
309,0,51,3,7
310,0,51,4,7
311,0,51,5,7
312,0,52,0,5
313,0,52,1,6
314,0,52,2,5
315,0,52,3,5
316,0,52,4,5
317,0,52,5,5
318,0,53,0,27
319,0,53,1,5
320,0,53,2,8
321,0,53,3,5
322,0,53,4,5
323,0,53,5,5
324,0,54,0,9
325,0,54,1,10
326,0,54,2,6
327,0,54,3,9
328,0,54,4,6
329,0,54,5,6
330,0,55,0,15
331,0,55,1,11
332,0,55,2,10
333,0,55,3,10
334,0,55,4,9
335,0,55,5,11
336,0,56,0,11
337,0,56,1,10
338,0,56,2,5
339,0,56,3,5
340,0,56,4,5
341,0,56,5,5
342,0,57,0,13
343,0,57,1,7
344,0,57,2,13
345,0,57,3,9
346,0,57,4,7
347,0,57,5,7
348,0,58,0,16
349,0,58,1,17
350,0,58,2,13
351,0,58,3,8
352,0,58,4,6
353,0,58,5,6
354,0,59,0,14
355,0,59,1,19
356,0,59,2,5
357,0,59,3,10
358,0,59,4,5
359,0,59,5,5
360,0,60,0,20
361,0,60,1,6
362,0,60,2,15
363,0,60,3,9
364,0,60,4,5
365,0,60,5,5
366,0,61,0,5
367,0,61,1,6
368,0,61,2,8
369,0,61,3,6
370,0,61,4,6
371,0,61,5,6
372,0,62,0,10
373,0,62,1,5
374,0,62,2,4
375,0,62,3,5
376,0,62,4,5
377,0,62,5,5
378,0,63,0,16
379,0,63,1,12
380,0,63,2,5
381,0,63,3,5
382,0,63,4,6
383,0,63,5,6
384,0,64,0,17
385,0,64,1,13
386,0,64,2,12
387,0,64,3,9
388,0,64,4,9
389,0,64,5,9
390,0,65,0,17
391,0,65,1,12
392,0,65,2,15
393,0,65,3,10
394,0,65,4,10
395,0,65,5,13
396,0,66,0,19
397,0,66,1,7
398,0,66,2,20
399,0,66,3,24
400,0,66,4,13
401,0,66,5,17
402,0,67,0,6
403,0,67,1,4
404,0,67,2,4
405,0,67,3,4
406,0,67,4,4
407,0,67,5,4
408,0,68,0,9
409,0,68,1,10
410,0,68,2,10
411,0,68,3,8
412,0,68,4,6
413,0,68,5,6
414,0,69,0,31
415,0,69,1,33
416,0,69,2,29
417,0,69,3,16
418,0,69,4,15
419,0,69,5,22
420,0,70,0,26
421,0,70,1,9
422,0,70,2,11
423,0,70,3,7
424,0,70,4,7
425,0,70,5,7
426,0,71,0,13
427,0,71,1,8
428,0,71,2,11
429,0,71,3,8
430,0,71,4,19
431,0,71,5,7
432,0,72,0,35
433,0,72,1,9
434,0,72,2,13
435,0,72,3,5
436,0,72,4,6
437,0,72,5,7
438,0,73,0,17
439,0,73,1,23
440,0,73,2,29
441,0,73,3,9
442,0,73,4,13
443,0,73,5,9
444,0,74,0,48
445,0,74,1,25
446,0,74,2,14
447,0,74,3,9
448,0,74,4,13
449,0,74,5,8
450,0,75,0,15
451,0,75,1,9
452,0,75,2,22
453,0,75,3,15
454,0,75,4,9
455,0,75,5,9
456,0,76,0,9
457,0,76,1,12
458,0,76,2,20
459,0,76,3,7
460,0,76,4,7
461,0,76,5,8
462,0,77,0,5
463,0,77,1,5
464,0,77,2,5
465,0,77,3,5
466,0,77,4,5
467,0,77,5,5
468,0,78,0,22
469,0,78,1,14
470,0,78,2,7
471,0,78,3,36
472,0,78,4,7
473,0,78,5,11
474,0,79,0,7
475,0,79,1,10
476,0,79,2,5
477,0,79,3,4
478,0,79,4,5
479,0,79,5,4
480,0,80,0,10
481,0,80,1,15
482,0,80,2,5
483,0,80,3,5
484,0,80,4,5
485,0,80,5,5
486,0,81,0,9
487,0,81,1,12
488,0,81,2,8
489,0,81,3,6
490,0,81,4,6
491,0,81,5,6
492,0,82,0,11
493,0,82,1,8
494,0,82,2,15
495,0,82,3,8
496,0,82,4,10
497,0,82,5,8
498,0,83,0,18
499,0,83,1,17
500,0,83,2,5
501,0,83,3,10
502,0,83,4,8
503,0,83,5,7
504,0,84,0,6
505,0,84,1,6
506,0,84,2,6
507,0,84,3,6
508,0,84,4,6
509,0,84,5,6
510,0,85,0,31
511,0,85,1,14
512,0,85,2,5
513,0,85,3,5
514,0,85,4,5
515,0,85,5,5
516,0,86,0,26
517,0,86,1,9
518,0,86,2,6
519,0,86,3,12
520,0,86,4,6
521,0,86,5,6
522,0,87,0,8
523,0,87,1,7
524,0,87,2,7
525,0,87,3,7
526,0,87,4,7
527,0,87,5,7
528,0,88,0,19
529,0,88,1,18
530,0,88,2,14
531,0,88,3,20
532,0,88,4,16
533,0,88,5,22
534,0,89,0,9
535,0,89,1,9
536,0,89,2,7
537,0,89,3,7
538,0,89,4,7
539,0,89,5,7
540,0,90,0,33
541,0,90,1,20
542,0,90,2,24
543,0,90,3,7
544,0,90,4,9
545,0,90,5,8
546,0,91,0,11
547,0,91,1,5
548,0,91,2,4
549,0,91,3,4
550,0,91,4,4
551,0,91,5,4
552,0,92,0,39
553,0,92,1,9
554,0,92,2,4
555,0,92,3,4
556,0,92,4,4
557,0,92,5,4
558,0,93,0,43
559,0,93,1,18
560,0,93,2,8
561,0,93,3,20
562,0,93,4,10
563,0,93,5,15
564,0,94,0,9
565,0,94,1,10
566,0,94,2,8
567,0,94,3,9
568,0,94,4,6
569,0,94,5,6
570,0,95,0,41
571,0,95,1,13
572,0,95,2,14
573,0,95,3,10
574,0,95,4,6
575,0,95,5,6
576,0,96,0,7
577,0,96,1,10
578,0,96,2,5
579,0,96,3,5
580,0,96,4,5
581,0,96,5,5
582,0,97,0,11
583,0,97,1,33
584,0,97,2,14
585,0,97,3,8
586,0,97,4,8
587,0,97,5,8
588,0,98,0,17
589,0,98,1,21
590,0,98,2,16
591,0,98,3,15
592,0,98,4,7
593,0,98,5,7
594,0,99,0,7
595,0,99,1,6
596,0,99,2,9
597,0,99,3,5
598,0,99,4,5
599,0,99,5,5
600,1,0,0,16
601,1,0,1,10
602,1,0,2,18
603,1,0,3,14
604,1,0,4,13
605,1,0,5,11
606,1,1,0,45
607,1,1,1,30
608,1,1,2,13
609,1,1,3,17
610,1,1,4,16
611,1,1,5,16
612,1,2,0,17
613,1,2,1,18
614,1,2,2,7
615,1,2,3,14
616,1,2,4,14
617,1,2,5,15
618,1,3,0,18
619,1,3,1,40
620,1,3,2,29
621,1,3,3,30
622,1,3,4,19
623,1,3,5,18
624,1,4,0,12
625,1,4,1,24
626,1,4,2,11
627,1,4,3,15
628,1,4,4,6
629,1,4,5,32
630,1,5,0,40
631,1,5,1,44
632,1,5,2,60
633,1,5,3,103
634,1,5,4,54
635,1,5,5,83
636,1,6,0,17
637,1,6,1,13
638,1,6,2,12
639,1,6,3,11
640,1,6,4,14
641,1,6,5,8
642,1,7,0,23
643,1,7,1,22
644,1,7,2,17
645,1,7,3,32
646,1,7,4,20
647,1,7,5,20
648,1,8,0,33
649,1,8,1,26
650,1,8,2,21
651,1,8,3,14
652,1,8,4,13
653,1,8,5,33
654,1,9,0,16
655,1,9,1,16
656,1,9,2,38
657,1,9,3,13
658,1,9,4,21
659,1,9,5,6
660,1,10,0,6
661,1,10,1,10
662,1,10,2,37
663,1,10,3,10
664,1,10,4,8
665,1,10,5,8
666,1,11,0,26
667,1,11,1,8
668,1,11,2,11
669,1,11,3,15
670,1,11,4,10
671,1,11,5,8
672,1,12,0,13
673,1,12,1,7
674,1,12,2,18
675,1,12,3,10
676,1,12,4,7
677,1,12,5,6
678,1,13,0,9
679,1,13,1,12
680,1,13,2,38
681,1,13,3,14
682,1,13,4,69
683,1,13,5,55
684,1,14,0,9
685,1,14,1,9
686,1,14,2,18
687,1,14,3,12
688,1,14,4,12
689,1,14,5,14
690,1,15,0,26
691,1,15,1,14
692,1,15,2,49
693,1,15,3,31
694,1,15,4,23
695,1,15,5,23
696,1,16,0,7
697,1,16,1,9
698,1,16,2,7
699,1,16,3,14
700,1,16,4,11
701,1,16,5,8
702,1,17,0,17
703,1,17,1,7
704,1,17,2,10
705,1,17,3,26
706,1,17,4,8
707,1,17,5,9
708,1,18,0,5
709,1,18,1,16
710,1,18,2,13
711,1,18,3,5
712,1,18,4,5
713,1,18,5,10
714,1,19,0,19
715,1,19,1,4
716,1,19,2,21
717,1,19,3,40
718,1,19,4,15
719,1,19,5,16
720,1,20,0,21
721,1,20,1,35
722,1,20,2,67
723,1,20,3,36
724,1,20,4,36
725,1,20,5,22
726,1,21,0,13
727,1,21,1,8
728,1,21,2,7
729,1,21,3,7
730,1,21,4,7
731,1,21,5,7
732,1,22,0,16
733,1,22,1,7
734,1,22,2,4
735,1,22,3,4
736,1,22,4,7
737,1,22,5,4
738,1,23,0,12
739,1,23,1,12
740,1,23,2,10
741,1,23,3,13
742,1,23,4,14
743,1,23,5,8
744,1,24,0,5
745,1,24,1,27
746,1,24,2,9
747,1,24,3,9
748,1,24,4,5
749,1,24,5,13
750,1,25,0,35
751,1,25,1,25
752,1,25,2,23
753,1,25,3,22
754,1,25,4,12
755,1,25,5,13
756,1,26,0,6
757,1,26,1,7
758,1,26,2,7
759,1,26,3,4
760,1,26,4,4
761,1,26,5,6
762,1,27,0,8
763,1,27,1,8
764,1,27,2,6
765,1,27,3,17
766,1,27,4,8
767,1,27,5,7
768,1,28,0,10
769,1,28,1,7
770,1,28,2,8
771,1,28,3,8
772,1,28,4,8
773,1,28,5,6
774,1,29,0,7
775,1,29,1,9
776,1,29,2,7
777,1,29,3,17
778,1,29,4,7
779,1,29,5,5
780,1,30,0,32
781,1,30,1,13
782,1,30,2,15
783,1,30,3,11
784,1,30,4,15
785,1,30,5,13
786,1,31,0,10
787,1,31,1,6
788,1,31,2,6
789,1,31,3,6
790,1,31,4,10
791,1,31,5,8
792,1,32,0,10
793,1,32,1,12
794,1,32,2,17
795,1,32,3,11
796,1,32,4,9
797,1,32,5,11
798,1,33,0,15
799,1,33,1,5
800,1,33,2,5
801,1,33,3,5
802,1,33,4,5
803,1,33,5,5
804,1,34,0,15
805,1,34,1,23
806,1,34,2,9
807,1,34,3,12
808,1,34,4,20
809,1,34,5,7
810,1,35,0,15
811,1,35,1,12
812,1,35,2,11
813,1,35,3,9
814,1,35,4,18
815,1,35,5,10
816,1,36,0,5
817,1,36,1,6
818,1,36,2,10
819,1,36,3,4
820,1,36,4,10
821,1,36,5,5
822,1,37,0,15
823,1,37,1,6
824,1,37,2,6
825,1,37,3,11
826,1,37,4,8
827,1,37,5,6
828,1,38,0,29
829,1,38,1,26
830,1,38,2,12
831,1,38,3,39
832,1,38,4,17
833,1,38,5,21
834,1,39,0,13
835,1,39,1,6
836,1,39,2,13
837,1,39,3,6
838,1,39,4,4
839,1,39,5,4
840,1,40,0,26
841,1,40,1,13
842,1,40,2,13
843,1,40,3,20
844,1,40,4,15
845,1,40,5,10
846,1,41,0,11
847,1,41,1,29
848,1,41,2,43
849,1,41,3,13
850,1,41,4,16
851,1,41,5,33
852,1,42,0,19
853,1,42,1,23
854,1,42,2,30
855,1,42,3,19
856,1,42,4,16
857,1,42,5,19
858,1,43,0,27
859,1,43,1,22
860,1,43,2,6
861,1,43,3,11
862,1,43,4,6
863,1,43,5,9
864,1,44,0,9
865,1,44,1,18
866,1,44,2,6
867,1,44,3,17
868,1,44,4,19
869,1,44,5,12
870,1,45,0,15
871,1,45,1,13
872,1,45,2,21
873,1,45,3,7
874,1,45,4,4
875,1,45,5,4
876,1,46,0,8
877,1,46,1,9
878,1,46,2,42
879,1,46,3,12
880,1,46,4,12
881,1,46,5,9
882,1,47,0,5
883,1,47,1,10
884,1,47,2,6
885,1,47,3,16
886,1,47,4,7
887,1,47,5,7
888,1,48,0,39
889,1,48,1,14
890,1,48,2,41
891,1,48,3,9
892,1,48,4,17
893,1,48,5,29
894,1,49,0,26
895,1,49,1,14
896,1,49,2,6
897,1,49,3,22
898,1,49,4,9
899,1,49,5,7
900,1,50,0,13
901,1,50,1,25
902,1,50,2,20
903,1,50,3,16
904,1,50,4,16
905,1,50,5,23
906,1,51,0,56
907,1,51,1,21
908,1,51,2,28
909,1,51,3,13
910,1,51,4,15
911,1,51,5,24
912,1,52,0,9
913,1,52,1,9
914,1,52,2,10
915,1,52,3,17
916,1,52,4,41
917,1,52,5,9
918,1,53,0,9
919,1,53,1,10
920,1,53,2,12
921,1,53,3,9
922,1,53,4,9
923,1,53,5,15
924,1,54,0,11
925,1,54,1,12
926,1,54,2,17
927,1,54,3,18
928,1,54,4,10
929,1,54,5,13
930,1,55,0,20
931,1,55,1,35
932,1,55,2,38
933,1,55,3,18
934,1,55,4,14
935,1,55,5,21
936,1,56,0,7
937,1,56,1,5
938,1,56,2,7
939,1,56,3,8
940,1,56,4,4
941,1,56,5,7
942,1,57,0,30
943,1,57,1,16
944,1,57,2,10
945,1,57,3,7
946,1,57,4,5
947,1,57,5,5
948,1,58,0,7
949,1,58,1,8
950,1,58,2,5
951,1,58,3,16
952,1,58,4,6
953,1,58,5,5
954,1,59,0,18
955,1,59,1,11
956,1,59,2,9
957,1,59,3,30
958,1,59,4,9
959,1,59,5,10
960,1,60,0,7
961,1,60,1,8
962,1,60,2,9
963,1,60,3,11
964,1,60,4,13
965,1,60,5,8
966,1,61,0,5
967,1,61,1,18
968,1,61,2,20
969,1,61,3,8
970,1,61,4,6
971,1,61,5,8
972,1,62,0,17
973,1,62,1,20
974,1,62,2,10
975,1,62,3,10
976,1,62,4,15
977,1,62,5,17
978,1,63,0,8
979,1,63,1,4
980,1,63,2,6
981,1,63,3,4
982,1,63,4,4
983,1,63,5,4
984,1,64,0,25
985,1,64,1,26
986,1,64,2,31
987,1,64,3,27
988,1,64,4,18
989,1,64,5,27
990,1,65,0,10
991,1,65,1,17
992,1,65,2,10
993,1,65,3,14
994,1,65,4,11
995,1,65,5,10
996,1,66,0,23
997,1,66,1,8
998,1,66,2,25
999,1,66,3,26
1000,1,66,4,26
1001,1,66,5,26
1002,1,67,0,24
1003,1,67,1,30
1004,1,67,2,15
1005,1,67,3,19
1006,1,67,4,17
1007,1,67,5,17
1008,1,68,0,13
1009,1,68,1,8
1010,1,68,2,16
1011,1,68,3,8
1012,1,68,4,13
1013,1,68,5,10
1014,1,69,0,9
1015,1,69,1,7
1016,1,69,2,23
1017,1,69,3,7
1018,1,69,4,9
1019,1,69,5,13
1020,1,70,0,7
1021,1,70,1,5
1022,1,70,2,5
1023,1,70,3,5
1024,1,70,4,9
1025,1,70,5,5
1026,1,71,0,6
1027,1,71,1,5
1028,1,71,2,8
1029,1,71,3,5
1030,1,71,4,5
1031,1,71,5,5
1032,1,72,0,13
1033,1,72,1,7
1034,1,72,2,4
1035,1,72,3,17
1036,1,72,4,6
1037,1,72,5,10
1038,1,73,0,28
1039,1,73,1,13
1040,1,73,2,15
1041,1,73,3,16
1042,1,73,4,11
1043,1,73,5,14
1044,1,74,0,38
1045,1,74,1,32
1046,1,74,2,28
1047,1,74,3,37
1048,1,74,4,54
1049,1,74,5,18
1050,1,75,0,9
1051,1,75,1,5
1052,1,75,2,12
1053,1,75,3,7
1054,1,75,4,11
1055,1,75,5,14
1056,1,76,0,26
1057,1,76,1,35
1058,1,76,2,47
1059,1,76,3,39
1060,1,76,4,27
1061,1,76,5,38
1062,1,77,0,7
1063,1,77,1,18
1064,1,77,2,6
1065,1,77,3,6
1066,1,77,4,6
1067,1,77,5,6
1068,1,78,0,57
1069,1,78,1,19
1070,1,78,2,23
1071,1,78,3,36
1072,1,78,4,87
1073,1,78,5,19
1074,1,79,0,16
1075,1,79,1,26
1076,1,79,2,39
1077,1,79,3,22
1078,1,79,4,20
1079,1,79,5,20
1080,1,80,0,39
1081,1,80,1,21
1082,1,80,2,14
1083,1,80,3,22
1084,1,80,4,18
1085,1,80,5,17
1086,1,81,0,14
1087,1,81,1,22
1088,1,81,2,14
1089,1,81,3,17
1090,1,81,4,13
1091,1,81,5,26
1092,1,82,0,21
1093,1,82,1,7
1094,1,82,2,24
1095,1,82,3,31
1096,1,82,4,10
1097,1,82,5,5
1098,1,83,0,11
1099,1,83,1,14
1100,1,83,2,20
1101,1,83,3,15
1102,1,83,4,16
1103,1,83,5,27
1104,1,84,0,6
1105,1,84,1,6
1106,1,84,2,6
1107,1,84,3,10
1108,1,84,4,6
1109,1,84,5,10
1110,1,85,0,7
1111,1,85,1,7
1112,1,85,2,6
1113,1,85,3,15
1114,1,85,4,7
1115,1,85,5,9
1116,1,86,0,13
1117,1,86,1,11
1118,1,86,2,10
1119,1,86,3,6
1120,1,86,4,10
1121,1,86,5,11
1122,1,87,0,36
1123,1,87,1,17
1124,1,87,2,27
1125,1,87,3,10
1126,1,87,4,12
1127,1,87,5,10
1128,1,88,0,37
1129,1,88,1,26
1130,1,88,2,23
1131,1,88,3,29
1132,1,88,4,39
1133,1,88,5,28
1134,1,89,0,12
1135,1,89,1,14
1136,1,89,2,12
1137,1,89,3,11
1138,1,89,4,18
1139,1,89,5,8
1140,1,90,0,35
1141,1,90,1,6
1142,1,90,2,10
1143,1,90,3,9
1144,1,90,4,13
1145,1,90,5,20
1146,1,91,0,8
1147,1,91,1,11
1148,1,91,2,7
1149,1,91,3,11
1150,1,91,4,7
1151,1,91,5,7
1152,1,92,0,21
1153,1,92,1,6
1154,1,92,2,5
1155,1,92,3,12
1156,1,92,4,8
1157,1,92,5,13
1158,1,93,0,17
1159,1,93,1,17
1160,1,93,2,14
1161,1,93,3,30
1162,1,93,4,20
1163,1,93,5,30
1164,1,94,0,29
1165,1,94,1,7
1166,1,94,2,9
1167,1,94,3,15
1168,1,94,4,12
1169,1,94,5,18
1170,1,95,0,25
1171,1,95,1,39
1172,1,95,2,19
1173,1,95,3,9
1174,1,95,4,10
1175,1,95,5,13
1176,1,96,0,7
1177,1,96,1,10
1178,1,96,2,10
1179,1,96,3,16
1180,1,96,4,11
1181,1,96,5,15
1182,1,97,0,13
1183,1,97,1,23
1184,1,97,2,17
1185,1,97,3,17
1186,1,97,4,41
1187,1,97,5,18
1188,1,98,0,15
1189,1,98,1,31
1190,1,98,2,14
1191,1,98,3,9
1192,1,98,4,13
1193,1,98,5,12
1194,1,99,0,17
1195,1,99,1,14
1196,1,99,2,32
1197,1,99,3,14
1198,1,99,4,24
1199,1,99,5,16
1200,2,0,0,16
1201,2,0,1,10
1202,2,0,2,18
1203,2,0,3,14
1204,2,0,4,13
1205,2,0,5,11
1206,2,1,0,45
1207,2,1,1,30
1208,2,1,2,13
1209,2,1,3,17
1210,2,1,4,16
1211,2,1,5,16
1212,2,2,0,13
1213,2,2,1,12
1214,2,2,2,9
1215,2,2,3,8
1216,2,2,4,9
1217,2,2,5,10
1218,2,3,0,18
1219,2,3,1,32
1220,2,3,2,26
1221,2,3,3,69
1222,2,3,4,21
1223,2,3,5,13
1224,2,4,0,12
1225,2,4,1,13
1226,2,4,2,22
1227,2,4,3,11
1228,2,4,4,12
1229,2,4,5,12
1230,2,5,0,40
1231,2,5,1,44
1232,2,5,2,60
1233,2,5,3,103
1234,2,5,4,54
1235,2,5,5,83
1236,2,6,0,22
1237,2,6,1,18
1238,2,6,2,12
1239,2,6,3,23
1240,2,6,4,10
1241,2,6,5,7
1242,2,7,0,23
1243,2,7,1,22
1244,2,7,2,17
1245,2,7,3,32
1246,2,7,4,20
1247,2,7,5,20
1248,2,8,0,33
1249,2,8,1,26
1250,2,8,2,21
1251,2,8,3,14
1252,2,8,4,13
1253,2,8,5,33
1254,2,9,0,16
1255,2,9,1,16
1256,2,9,2,38
1257,2,9,3,13
1258,2,9,4,21
1259,2,9,5,6
1260,2,10,0,10
1261,2,10,1,25
1262,2,10,2,10
1263,2,10,3,8
1264,2,10,4,10
1265,2,10,5,8
1266,2,11,0,26
1267,2,11,1,8
1268,2,11,2,8
1269,2,11,3,15
1270,2,11,4,34
1271,2,11,5,22
1272,2,12,0,13
1273,2,12,1,7
1274,2,12,2,18
1275,2,12,3,10
1276,2,12,4,7
1277,2,12,5,6
1278,2,13,0,9
1279,2,13,1,12
1280,2,13,2,38
1281,2,13,3,14
1282,2,13,4,69
1283,2,13,5,55
1284,2,14,0,7
1285,2,14,1,9
1286,2,14,2,7
1287,2,14,3,9
1288,2,14,4,8
1289,2,14,5,8
1290,2,15,0,26
1291,2,15,1,14
1292,2,15,2,49
1293,2,15,3,31
1294,2,15,4,23
1295,2,15,5,23
1296,2,16,0,7
1297,2,16,1,9
1298,2,16,2,7
1299,2,16,3,14
1300,2,16,4,11
1301,2,16,5,8
1302,2,17,0,16
1303,2,17,1,18
1304,2,17,2,26
1305,2,17,3,8
1306,2,17,4,9
1307,2,17,5,7
1308,2,18,0,5
1309,2,18,1,16
1310,2,18,2,10
1311,2,18,3,5
1312,2,18,4,5
1313,2,18,5,13
1314,2,19,0,22
1315,2,19,1,27
1316,2,19,2,6
1317,2,19,3,5
1318,2,19,4,7
1319,2,19,5,5
1320,2,20,0,37
1321,2,20,1,19
1322,2,20,2,8
1323,2,20,3,43
1324,2,20,4,32
1325,2,20,5,27
1326,2,21,0,13
1327,2,21,1,8
1328,2,21,2,7
1329,2,21,3,7
1330,2,21,4,7
1331,2,21,5,7
1332,2,22,0,9
1333,2,22,1,5
1334,2,22,2,15
1335,2,22,3,5
1336,2,22,4,4
1337,2,22,5,11
1338,2,23,0,12
1339,2,23,1,12
1340,2,23,2,10
1341,2,23,3,13
1342,2,23,4,14
1343,2,23,5,8
1344,2,24,0,5
1345,2,24,1,27
1346,2,24,2,9
1347,2,24,3,9
1348,2,24,4,5
1349,2,24,5,13
1350,2,25,0,35
1351,2,25,1,25
1352,2,25,2,12
1353,2,25,3,11
1354,2,25,4,22
1355,2,25,5,12
1356,2,26,0,6
1357,2,26,1,7
1358,2,26,2,7
1359,2,26,3,4
1360,2,26,4,4
1361,2,26,5,6
1362,2,27,0,8
1363,2,27,1,8
1364,2,27,2,6
1365,2,27,3,17
1366,2,27,4,8
1367,2,27,5,7
1368,2,28,0,10
1369,2,28,1,7
1370,2,28,2,8
1371,2,28,3,8
1372,2,28,4,8
1373,2,28,5,6
1374,2,29,0,7
1375,2,29,1,9
1376,2,29,2,7
1377,2,29,3,17
1378,2,29,4,7
1379,2,29,5,5
1380,2,30,0,32
1381,2,30,1,13
1382,2,30,2,15
1383,2,30,3,11
1384,2,30,4,15
1385,2,30,5,13
1386,2,31,0,10
1387,2,31,1,12
1388,2,31,2,8
1389,2,31,3,8
1390,2,31,4,8
1391,2,31,5,10
1392,2,32,0,12
1393,2,32,1,10
1394,2,32,2,9
1395,2,32,3,11
1396,2,32,4,8
1397,2,32,5,12
1398,2,33,0,15
1399,2,33,1,5
1400,2,33,2,5
1401,2,33,3,5
1402,2,33,4,5
1403,2,33,5,5
1404,2,34,0,15
1405,2,34,1,23
1406,2,34,2,9
1407,2,34,3,12
1408,2,34,4,20
1409,2,34,5,7
1410,2,35,0,13
1411,2,35,1,27
1412,2,35,2,13
1413,2,35,3,7
1414,2,35,4,12
1415,2,35,5,21
1416,2,36,0,5
1417,2,36,1,6
1418,2,36,2,10
1419,2,36,3,4
1420,2,36,4,10
1421,2,36,5,5
1422,2,37,0,15
1423,2,37,1,6
1424,2,37,2,6
1425,2,37,3,11
1426,2,37,4,8
1427,2,37,5,6
1428,2,38,0,29
1429,2,38,1,25
1430,2,38,2,10
1431,2,38,3,21
1432,2,38,4,14
1433,2,38,5,10
1434,2,39,0,13
1435,2,39,1,6
1436,2,39,2,13
1437,2,39,3,6
1438,2,39,4,4
1439,2,39,5,4
1440,2,40,0,26
1441,2,40,1,13
1442,2,40,2,13
1443,2,40,3,20
1444,2,40,4,15
1445,2,40,5,10
1446,2,41,0,11
1447,2,41,1,29
1448,2,41,2,43
1449,2,41,3,13
1450,2,41,4,16
1451,2,41,5,33
1452,2,42,0,19
1453,2,42,1,23
1454,2,42,2,30
1455,2,42,3,19
1456,2,42,4,16
1457,2,42,5,19
1458,2,43,0,27
1459,2,43,1,22
1460,2,43,2,6
1461,2,43,3,11
1462,2,43,4,6
1463,2,43,5,9
1464,2,44,0,9
1465,2,44,1,18
1466,2,44,2,6
1467,2,44,3,17
1468,2,44,4,19
1469,2,44,5,12
1470,2,45,0,15
1471,2,45,1,13
1472,2,45,2,21
1473,2,45,3,7
1474,2,45,4,4
1475,2,45,5,4
1476,2,46,0,62
1477,2,46,1,5
1478,2,46,2,12
1479,2,46,3,21
1480,2,46,4,10
1481,2,46,5,11
1482,2,47,0,5
1483,2,47,1,9
1484,2,47,2,7
1485,2,47,3,13
1486,2,47,4,13
1487,2,47,5,6
1488,2,48,0,39
1489,2,48,1,14
1490,2,48,2,40
1491,2,48,3,27
1492,2,48,4,26
1493,2,48,5,12
1494,2,49,0,26
1495,2,49,1,14
1496,2,49,2,6
1497,2,49,3,22
1498,2,49,4,9
1499,2,49,5,7
1500,2,50,0,13
1501,2,50,1,25
1502,2,50,2,21
1503,2,50,3,17
1504,2,50,4,18
1505,2,50,5,14
1506,2,51,0,56
1507,2,51,1,21
1508,2,51,2,28
1509,2,51,3,13
1510,2,51,4,15
1511,2,51,5,13
1512,2,52,0,9
1513,2,52,1,9
1514,2,52,2,10
1515,2,52,3,17
1516,2,52,4,41
1517,2,52,5,9
1518,2,53,0,9
1519,2,53,1,10
1520,2,53,2,12
1521,2,53,3,9
1522,2,53,4,9
1523,2,53,5,15
1524,2,54,0,11
1525,2,54,1,12
1526,2,54,2,33
1527,2,54,3,30
1528,2,54,4,10
1529,2,54,5,10
1530,2,55,0,40
1531,2,55,1,33
1532,2,55,2,20
1533,2,55,3,32
1534,2,55,4,10
1535,2,55,5,17
1536,2,56,0,7
1537,2,56,1,5
1538,2,56,2,7
1539,2,56,3,8
1540,2,56,4,4
1541,2,56,5,7
1542,2,57,0,30
1543,2,57,1,16
1544,2,57,2,10
1545,2,57,3,7
1546,2,57,4,5
1547,2,57,5,5
1548,2,58,0,7
1549,2,58,1,8
1550,2,58,2,5
1551,2,58,3,16
1552,2,58,4,6
1553,2,58,5,5
1554,2,59,0,23
1555,2,59,1,22
1556,2,59,2,42
1557,2,59,3,19
1558,2,59,4,20
1559,2,59,5,12
1560,2,60,0,7
1561,2,60,1,8
1562,2,60,2,9
1563,2,60,3,11
1564,2,60,4,13
1565,2,60,5,8
1566,2,61,0,5
1567,2,61,1,18
1568,2,61,2,20
1569,2,61,3,8
1570,2,61,4,6
1571,2,61,5,8
1572,2,62,0,17
1573,2,62,1,20
1574,2,62,2,10
1575,2,62,3,10
1576,2,62,4,15
1577,2,62,5,17
1578,2,63,0,8
1579,2,63,1,4
1580,2,63,2,6
1581,2,63,3,4
1582,2,63,4,4
1583,2,63,5,4
1584,2,64,0,25
1585,2,64,1,26
1586,2,64,2,31
1587,2,64,3,27
1588,2,64,4,18
1589,2,64,5,27
1590,2,65,0,10
1591,2,65,1,17
1592,2,65,2,10
1593,2,65,3,14
1594,2,65,4,11
1595,2,65,5,10
1596,2,66,0,23
1597,2,66,1,8
1598,2,66,2,25
1599,2,66,3,26
1600,2,66,4,26
1601,2,66,5,26
1602,2,67,0,24
1603,2,67,1,30
1604,2,67,2,15
1605,2,67,3,19
1606,2,67,4,17
1607,2,67,5,17
1608,2,68,0,13
1609,2,68,1,8
1610,2,68,2,16
1611,2,68,3,8
1612,2,68,4,13
1613,2,68,5,10
1614,2,69,0,9
1615,2,69,1,7
1616,2,69,2,23
1617,2,69,3,9
1618,2,69,4,7
1619,2,69,5,7
1620,2,70,0,7
1621,2,70,1,10
1622,2,70,2,8
1623,2,70,3,8
1624,2,70,4,13
1625,2,70,5,12
1626,2,71,0,6
1627,2,71,1,5
1628,2,71,2,8
1629,2,71,3,5
1630,2,71,4,5
1631,2,71,5,5
1632,2,72,0,13
1633,2,72,1,7
1634,2,72,2,4
1635,2,72,3,17
1636,2,72,4,6
1637,2,72,5,10
1638,2,73,0,28
1639,2,73,1,13
1640,2,73,2,15
1641,2,73,3,16
1642,2,73,4,11
1643,2,73,5,14
1644,2,74,0,56
1645,2,74,1,24
1646,2,74,2,18
1647,2,74,3,37
1648,2,74,4,23
1649,2,74,5,31
1650,2,75,0,9
1651,2,75,1,5
1652,2,75,2,12
1653,2,75,3,7
1654,2,75,4,11
1655,2,75,5,14
1656,2,76,0,26
1657,2,76,1,35
1658,2,76,2,47
1659,2,76,3,39
1660,2,76,4,27
1661,2,76,5,38
1662,2,77,0,7
1663,2,77,1,18
1664,2,77,2,6
1665,2,77,3,6
1666,2,77,4,6
1667,2,77,5,6
1668,2,78,0,73
1669,2,78,1,37
1670,2,78,2,62
1671,2,78,3,50
1672,2,78,4,47
1673,2,78,5,26
1674,2,79,0,16
1675,2,79,1,26
1676,2,79,2,39
1677,2,79,3,22
1678,2,79,4,20
1679,2,79,5,20
1680,2,80,0,39
1681,2,80,1,21
1682,2,80,2,14
1683,2,80,3,22
1684,2,80,4,18
1685,2,80,5,17
1686,2,81,0,36
1687,2,81,1,14
1688,2,81,2,24
1689,2,81,3,42
1690,2,81,4,23
1691,2,81,5,26
1692,2,82,0,21
1693,2,82,1,7
1694,2,82,2,24
1695,2,82,3,31
1696,2,82,4,10
1697,2,82,5,5
1698,2,83,0,17
1699,2,83,1,19
1700,2,83,2,12
1701,2,83,3,10
1702,2,83,4,8
1703,2,83,5,10
1704,2,84,0,8
1705,2,84,1,8
1706,2,84,2,12
1707,2,84,3,6
1708,2,84,4,10
1709,2,84,5,6
1710,2,85,0,7
1711,2,85,1,7
1712,2,85,2,6
1713,2,85,3,15
1714,2,85,4,7
1715,2,85,5,9
1716,2,86,0,13
1717,2,86,1,11
1718,2,86,2,10
1719,2,86,3,6
1720,2,86,4,10
1721,2,86,5,11
1722,2,87,0,36
1723,2,87,1,17
1724,2,87,2,27
1725,2,87,3,10
1726,2,87,4,12
1727,2,87,5,10
1728,2,88,0,22
1729,2,88,1,49
1730,2,88,2,12
1731,2,88,3,37
1732,2,88,4,34
1733,2,88,5,18
1734,2,89,0,12
1735,2,89,1,12
1736,2,89,2,9
1737,2,89,3,10
1738,2,89,4,10
1739,2,89,5,7
1740,2,90,0,35
1741,2,90,1,6
1742,2,90,2,10
1743,2,90,3,9
1744,2,90,4,13
1745,2,90,5,20
1746,2,91,0,8
1747,2,91,1,11
1748,2,91,2,7
1749,2,91,3,11
1750,2,91,4,7
1751,2,91,5,7
1752,2,92,0,21
1753,2,92,1,6
1754,2,92,2,5
1755,2,92,3,12
1756,2,92,4,8
1757,2,92,5,13
1758,2,93,0,16
1759,2,93,1,14
1760,2,93,2,22
1761,2,93,3,13
1762,2,93,4,13
1763,2,93,5,18
1764,2,94,0,29
1765,2,94,1,7
1766,2,94,2,9
1767,2,94,3,15
1768,2,94,4,12
1769,2,94,5,18
1770,2,95,0,19
1771,2,95,1,9
1772,2,95,2,25
1773,2,95,3,30
1774,2,95,4,9
1775,2,95,5,10
1776,2,96,0,7
1777,2,96,1,10
1778,2,96,2,10
1779,2,96,3,16
1780,2,96,4,11
1781,2,96,5,15
1782,2,97,0,15
1783,2,97,1,21
1784,2,97,2,19
1785,2,97,3,9
1786,2,97,4,10
1787,2,97,5,21
1788,2,98,0,15
1789,2,98,1,9
1790,2,98,2,14
1791,2,98,3,15
1792,2,98,4,32
1793,2,98,5,8
1794,2,99,0,17
1795,2,99,1,14
1796,2,99,2,32
1797,2,99,3,14
1798,2,99,4,24
1799,2,99,5,16
1800,3,0,0,8
1801,3,0,1,8
1802,3,0,2,9
1803,3,0,3,19
1804,3,0,4,14
1805,3,0,5,13
1806,3,1,0,11
1807,3,1,1,15
1808,3,1,2,10
1809,3,1,3,11
1810,3,1,4,6
1811,3,1,5,6
1812,3,2,0,4
1813,3,2,1,6
1814,3,2,2,6
1815,3,2,3,4
1816,3,2,4,6
1817,3,2,5,4
1818,3,3,0,20
1819,3,3,1,13
1820,3,3,2,17
1821,3,3,3,13
1822,3,3,4,24
1823,3,3,5,12
1824,3,4,0,14
1825,3,4,1,32
1826,3,4,2,24
1827,3,4,3,28
1828,3,4,4,13
1829,3,4,5,8
1830,3,5,0,15
1831,3,5,1,6
1832,3,5,2,14
1833,3,5,3,17
1834,3,5,4,14
1835,3,5,5,11
1836,3,6,0,9
1837,3,6,1,12
1838,3,6,2,11
1839,3,6,3,14
1840,3,6,4,22
1841,3,6,5,12
1842,3,7,0,21
1843,3,7,1,15
1844,3,7,2,26
1845,3,7,3,15
1846,3,7,4,14
1847,3,7,5,13
1848,3,8,0,46
1849,3,8,1,13
1850,3,8,2,13
1851,3,8,3,11
1852,3,8,4,10
1853,3,8,5,16
1854,3,9,0,15
1855,3,9,1,17
1856,3,9,2,38
1857,3,9,3,13
1858,3,9,4,21
1859,3,9,5,6
1860,3,10,0,8
1861,3,10,1,7
1862,3,10,2,14
1863,3,10,3,9
1864,3,10,4,7
1865,3,10,5,10
1866,3,11,0,27
1867,3,11,1,59
1868,3,11,2,20
1869,3,11,3,16
1870,3,11,4,18
1871,3,11,5,14
1872,3,12,0,9
1873,3,12,1,11
1874,3,12,2,9
1875,3,12,3,9
1876,3,12,4,10
1877,3,12,5,7
1878,3,13,0,9
1879,3,13,1,9
1880,3,13,2,17
1881,3,13,3,17
1882,3,13,4,14
1883,3,13,5,24
1884,3,14,0,20
1885,3,14,1,7
1886,3,14,2,10
1887,3,14,3,8
1888,3,14,4,11
1889,3,14,5,8
1890,3,15,0,18
1891,3,15,1,15
1892,3,15,2,15
1893,3,15,3,14
1894,3,15,4,15
1895,3,15,5,24
1896,3,16,0,8
1897,3,16,1,8
1898,3,16,2,8
1899,3,16,3,9
1900,3,16,4,10
1901,3,16,5,15
1902,3,17,0,10
1903,3,17,1,23
1904,3,17,2,11
1905,3,17,3,14
1906,3,17,4,11
1907,3,17,5,12
1908,3,18,0,32
1909,3,18,1,21
1910,3,18,2,18
1911,3,18,3,16
1912,3,18,4,12
1913,3,18,5,29
1914,3,19,0,13
1915,3,19,1,14
1916,3,19,2,12
1917,3,19,3,14
1918,3,19,4,13
1919,3,19,5,10
1920,3,20,0,6
1921,3,20,1,5
1922,3,20,2,5
1923,3,20,3,5
1924,3,20,4,5
1925,3,20,5,5
1926,3,21,0,41
1927,3,21,1,13
1928,3,21,2,13
1929,3,21,3,25
1930,3,21,4,15
1931,3,21,5,13
1932,3,22,0,8
1933,3,22,1,7
1934,3,22,2,7
1935,3,22,3,9
1936,3,22,4,7
1937,3,22,5,7
1938,3,23,0,6
1939,3,23,1,5
1940,3,23,2,5
1941,3,23,3,5
1942,3,23,4,5
1943,3,23,5,5
1944,3,24,0,6
1945,3,24,1,26
1946,3,24,2,9
1947,3,24,3,9
1948,3,24,4,5
1949,3,24,5,13
1950,3,25,0,5
1951,3,25,1,7
1952,3,25,2,5
1953,3,25,3,5
1954,3,25,4,12
1955,3,25,5,5
1956,3,26,0,6
1957,3,26,1,7
1958,3,26,2,7
1959,3,26,3,4
1960,3,26,4,4
1961,3,26,5,6
1962,3,27,0,8
1963,3,27,1,8
1964,3,27,2,6
1965,3,27,3,17
1966,3,27,4,8
1967,3,27,5,7
1968,3,28,0,10
1969,3,28,1,7
1970,3,28,2,8
1971,3,28,3,8
1972,3,28,4,8
1973,3,28,5,6
1974,3,29,0,7
1975,3,29,1,9
1976,3,29,2,7
1977,3,29,3,17
1978,3,29,4,13
1979,3,29,5,5
1980,3,30,0,32
1981,3,30,1,13
1982,3,30,2,15
1983,3,30,3,11
1984,3,30,4,15
1985,3,30,5,13
1986,3,31,0,10
1987,3,31,1,12
1988,3,31,2,8
1989,3,31,3,8
1990,3,31,4,8
1991,3,31,5,10
1992,3,32,0,11
1993,3,32,1,9
1994,3,32,2,13
1995,3,32,3,9
1996,3,32,4,9
1997,3,32,5,9
1998,3,33,0,12
1999,3,33,1,8
2000,3,33,2,10
2001,3,33,3,10
2002,3,33,4,9
2003,3,33,5,10
2004,3,34,0,20
2005,3,34,1,18
2006,3,34,2,9
2007,3,34,3,12
2008,3,34,4,13
2009,3,34,5,8
2010,3,35,0,8
2011,3,35,1,7
2012,3,35,2,7
2013,3,35,3,7
2014,3,35,4,9
2015,3,35,5,8
2016,3,36,0,33
2017,3,36,1,56
2018,3,36,2,40
2019,3,36,3,61
2020,3,36,4,19
2021,3,36,5,18
2022,3,37,0,15
2023,3,37,1,6
2024,3,37,2,6
2025,3,37,3,11
2026,3,37,4,8
2027,3,37,5,6
2028,3,38,0,27
2029,3,38,1,25
2030,3,38,2,15
2031,3,38,3,15
2032,3,38,4,9
2033,3,38,5,8
2034,3,39,0,36
2035,3,39,1,11
2036,3,39,2,9
2037,3,39,3,27
2038,3,39,4,9
2039,3,39,5,8
2040,3,40,0,26
2041,3,40,1,13
2042,3,40,2,13
2043,3,40,3,20
2044,3,40,4,15
2045,3,40,5,10
2046,3,41,0,15
2047,3,41,1,18
2048,3,41,2,19
2049,3,41,3,12
2050,3,41,4,19
2051,3,41,5,20
2052,3,42,0,16
2053,3,42,1,15
2054,3,42,2,16
2055,3,42,3,12
2056,3,42,4,17
2057,3,42,5,16
2058,3,43,0,27
2059,3,43,1,22
2060,3,43,2,6
2061,3,43,3,11
2062,3,43,4,6
2063,3,43,5,7
2064,3,44,0,9
2065,3,44,1,18
2066,3,44,2,6
2067,3,44,3,13
2068,3,44,4,14
2069,3,44,5,9
2070,3,45,0,24
2071,3,45,1,24
2072,3,45,2,7
2073,3,45,3,4
2074,3,45,4,10
2075,3,45,5,24
2076,3,46,0,13
2077,3,46,1,38
2078,3,46,2,14
2079,3,46,3,13
2080,3,46,4,12
2081,3,46,5,10
2082,3,47,0,18
2083,3,47,1,20
2084,3,47,2,12
2085,3,47,3,21
2086,3,47,4,21
2087,3,47,5,8
2088,3,48,0,10
2089,3,48,1,9
2090,3,48,2,9
2091,3,48,3,9
2092,3,48,4,7
2093,3,48,5,10
2094,3,49,0,16
2095,3,49,1,5
2096,3,49,2,5
2097,3,49,3,5
2098,3,49,4,5
2099,3,49,5,5
2100,3,50,0,10
2101,3,50,1,6
2102,3,50,2,7
2103,3,50,3,6
2104,3,50,4,5
2105,3,50,5,6
2106,3,51,0,40
2107,3,51,1,12
2108,3,51,2,15
2109,3,51,3,26
2110,3,51,4,15
2111,3,51,5,15
2112,3,52,0,10
2113,3,52,1,6
2114,3,52,2,5
2115,3,52,3,7
2116,3,52,4,10
2117,3,52,5,5
2118,3,53,0,34
2119,3,53,1,10
2120,3,53,2,6
2121,3,53,3,6
2122,3,53,4,7
2123,3,53,5,6
2124,3,54,0,9
2125,3,54,1,16
2126,3,54,2,7
2127,3,54,3,7
2128,3,54,4,8
2129,3,54,5,6
2130,3,55,0,9
2131,3,55,1,18
2132,3,55,2,17
2133,3,55,3,14
2134,3,55,4,15
2135,3,55,5,13
2136,3,56,0,5
2137,3,56,1,7
2138,3,56,2,7
2139,3,56,3,8
2140,3,56,4,4
2141,3,56,5,7
2142,3,57,0,5
2143,3,57,1,5
2144,3,57,2,9
2145,3,57,3,7
2146,3,57,4,5
2147,3,57,5,5
2148,3,58,0,15
2149,3,58,1,21
2150,3,58,2,6
2151,3,58,3,8
2152,3,58,4,9
2153,3,58,5,6
2154,3,59,0,5
2155,3,59,1,5
2156,3,59,2,5
2157,3,59,3,6
2158,3,59,4,5
2159,3,59,5,6
2160,3,60,0,7
2161,3,60,1,8
2162,3,60,2,9
2163,3,60,3,11
2164,3,60,4,13
2165,3,60,5,8
2166,3,61,0,5
2167,3,61,1,18
2168,3,61,2,20
2169,3,61,3,8
2170,3,61,4,6
2171,3,61,5,8
2172,3,62,0,7
2173,3,62,1,14
2174,3,62,2,10
2175,3,62,3,9
2176,3,62,4,39
2177,3,62,5,9
2178,3,63,0,5
2179,3,63,1,4
2180,3,63,2,4
2181,3,63,3,4
2182,3,63,4,4
2183,3,63,5,4
2184,3,64,0,21
2185,3,64,1,30
2186,3,64,2,19
2187,3,64,3,20
2188,3,64,4,19
2189,3,64,5,19
2190,3,65,0,10
2191,3,65,1,12
2192,3,65,2,13
2193,3,65,3,10
2194,3,65,4,10
2195,3,65,5,10
2196,3,66,0,31
2197,3,66,1,18
2198,3,66,2,28
2199,3,66,3,4
2200,3,66,4,23
2201,3,66,5,26
2202,3,67,0,23
2203,3,67,1,18
2204,3,67,2,8
2205,3,67,3,11
2206,3,67,4,9
2207,3,67,5,5
2208,3,68,0,13
2209,3,68,1,8
2210,3,68,2,16
2211,3,68,3,8
2212,3,68,4,13
2213,3,68,5,10
2214,3,69,0,28
2215,3,69,1,11
2216,3,69,2,13
2217,3,69,3,9
2218,3,69,4,10
2219,3,69,5,9
2220,3,70,0,10
2221,3,70,1,10
2222,3,70,2,9
2223,3,70,3,11
2224,3,70,4,17
2225,3,70,5,9
2226,3,71,0,13
2227,3,71,1,10
2228,3,71,2,27
2229,3,71,3,45
2230,3,71,4,13
2231,3,71,5,8
2232,3,72,0,7
2233,3,72,1,8
2234,3,72,2,11
2235,3,72,3,8
2236,3,72,4,7
2237,3,72,5,6
2238,3,73,0,15
2239,3,73,1,19
2240,3,73,2,28
2241,3,73,3,9
2242,3,73,4,8
2243,3,73,5,8
2244,3,74,0,24
2245,3,74,1,21
2246,3,74,2,14
2247,3,74,3,20
2248,3,74,4,10
2249,3,74,5,10
2250,3,75,0,10
2251,3,75,1,15
2252,3,75,2,11
2253,3,75,3,8
2254,3,75,4,10
2255,3,75,5,12
2256,3,76,0,9
2257,3,76,1,12
2258,3,76,2,20
2259,3,76,3,7
2260,3,76,4,7
2261,3,76,5,7
2262,3,77,0,7
2263,3,77,1,18
2264,3,77,2,6
2265,3,77,3,6
2266,3,77,4,6
2267,3,77,5,6
2268,3,78,0,9
2269,3,78,1,15
2270,3,78,2,15
2271,3,78,3,12
2272,3,78,4,8
2273,3,78,5,11
2274,3,79,0,5
2275,3,79,1,7
2276,3,79,2,8
2277,3,79,3,10
2278,3,79,4,5
2279,3,79,5,5
2280,3,80,0,16
2281,3,80,1,23
2282,3,80,2,21
2283,3,80,3,14
2284,3,80,4,22
2285,3,80,5,18
2286,3,81,0,33
2287,3,81,1,26
2288,3,81,2,20
2289,3,81,3,40
2290,3,81,4,23
2291,3,81,5,22
2292,3,82,0,21
2293,3,82,1,7
2294,3,82,2,41
2295,3,82,3,19
2296,3,82,4,6
2297,3,82,5,6
2298,3,83,0,24
2299,3,83,1,13
2300,3,83,2,9
2301,3,83,3,14
2302,3,83,4,9
2303,3,83,5,9
2304,3,84,0,6
2305,3,84,1,12
2306,3,84,2,11
2307,3,84,3,9
2308,3,84,4,11
2309,3,84,5,6
2310,3,85,0,9
2311,3,85,1,8
2312,3,85,2,20
2313,3,85,3,8
2314,3,85,4,8
2315,3,85,5,8
2316,3,86,0,24
2317,3,86,1,14
2318,3,86,2,17
2319,3,86,3,16
2320,3,86,4,14
2321,3,86,5,21
2322,3,87,0,22
2323,3,87,1,29
2324,3,87,2,21
2325,3,87,3,10
2326,3,87,4,28
2327,3,87,5,16
2328,3,88,0,19
2329,3,88,1,22
2330,3,88,2,10
2331,3,88,3,26
2332,3,88,4,10
2333,3,88,5,30
2334,3,89,0,13
2335,3,89,1,11
2336,3,89,2,11
2337,3,89,3,11
2338,3,89,4,14
2339,3,89,5,12
2340,3,90,0,34
2341,3,90,1,16
2342,3,90,2,31
2343,3,90,3,6
2344,3,90,4,6
2345,3,90,5,6
2346,3,91,0,8
2347,3,91,1,11
2348,3,91,2,8
2349,3,91,3,10
2350,3,91,4,7
2351,3,91,5,7
2352,3,92,0,22
2353,3,92,1,4
2354,3,92,2,6
2355,3,92,3,5
2356,3,92,4,5
2357,3,92,5,10
2358,3,93,0,15
2359,3,93,1,10
2360,3,93,2,8
2361,3,93,3,8
2362,3,93,4,11
2363,3,93,5,8
2364,3,94,0,7
2365,3,94,1,15
2366,3,94,2,8
2367,3,94,3,9
2368,3,94,4,7
2369,3,94,5,7
2370,3,95,0,14
2371,3,95,1,11
2372,3,95,2,11
2373,3,95,3,13
2374,3,95,4,10
2375,3,95,5,6
2376,3,96,0,11
2377,3,96,1,10
2378,3,96,2,9
2379,3,96,3,9
2380,3,96,4,9
2381,3,96,5,9
2382,3,97,0,14
2383,3,97,1,22
2384,3,97,2,71
2385,3,97,3,18
2386,3,97,4,74
2387,3,97,5,14
2388,3,98,0,24
2389,3,98,1,14
2390,3,98,2,9
2391,3,98,3,12
2392,3,98,4,13
2393,3,98,5,11
2394,3,99,0,14
2395,3,99,1,17
2396,3,99,2,23
2397,3,99,3,23
2398,3,99,4,8
2399,3,99,5,9
2400,4,0,0,16
2401,4,0,1,10
2402,4,0,2,18
2403,4,0,3,14
2404,4,0,4,13
2405,4,0,5,11
2406,4,1,0,45
2407,4,1,1,30
2408,4,1,2,13
2409,4,1,3,17
2410,4,1,4,16
2411,4,1,5,16
2412,4,2,0,7
2413,4,2,1,4
2414,4,2,2,13
2415,4,2,3,8
2416,4,2,4,8
2417,4,2,5,5
2418,4,3,0,25
2419,4,3,1,32
2420,4,3,2,23
2421,4,3,3,14
2422,4,3,4,53
2423,4,3,5,29
2424,4,4,0,14
2425,4,4,1,33
2426,4,4,2,14
2427,4,4,3,11
2428,4,4,4,14
2429,4,4,5,12
2430,4,5,0,40
2431,4,5,1,44
2432,4,5,2,60
2433,4,5,3,108
2434,4,5,4,49
2435,4,5,5,81
2436,4,6,0,17
2437,4,6,1,19
2438,4,6,2,18
2439,4,6,3,29
2440,4,6,4,42
2441,4,6,5,10
2442,4,7,0,23
2443,4,7,1,22
2444,4,7,2,17
2445,4,7,3,32
2446,4,7,4,20
2447,4,7,5,20
2448,4,8,0,33
2449,4,8,1,26
2450,4,8,2,21
2451,4,8,3,14
2452,4,8,4,13
2453,4,8,5,33
2454,4,9,0,16
2455,4,9,1,16
2456,4,9,2,38
2457,4,9,3,13
2458,4,9,4,21
2459,4,9,5,6
2460,4,10,0,13
2461,4,10,1,8
2462,4,10,2,17
2463,4,10,3,6
2464,4,10,4,12
2465,4,10,5,15
2466,4,11,0,18
2467,4,11,1,8
2468,4,11,2,8
2469,4,11,3,20
2470,4,11,4,31
2471,4,11,5,14
2472,4,12,0,13
2473,4,12,1,7
2474,4,12,2,18
2475,4,12,3,10
2476,4,12,4,7
2477,4,12,5,6
2478,4,13,0,9
2479,4,13,1,12
2480,4,13,2,38
2481,4,13,3,14
2482,4,13,4,69
2483,4,13,5,55
2484,4,14,0,5
2485,4,14,1,5
2486,4,14,2,4
2487,4,14,3,4
2488,4,14,4,14
2489,4,14,5,6
2490,4,15,0,26
2491,4,15,1,14
2492,4,15,2,49
2493,4,15,3,31
2494,4,15,4,23
2495,4,15,5,23
2496,4,16,0,7
2497,4,16,1,9
2498,4,16,2,7
2499,4,16,3,14
2500,4,16,4,11
2501,4,16,5,8
2502,4,17,0,10
2503,4,17,1,7
2504,4,17,2,18
2505,4,17,3,9
2506,4,17,4,5
2507,4,17,5,8
2508,4,18,0,12
2509,4,18,1,8
2510,4,18,2,31
2511,4,18,3,21
2512,4,18,4,13
2513,4,18,5,15
2514,4,19,0,9
2515,4,19,1,11
2516,4,19,2,14
2517,4,19,3,7
2518,4,19,4,7
2519,4,19,5,12
2520,4,20,0,13
2521,4,20,1,10
2522,4,20,2,7
2523,4,20,3,10
2524,4,20,4,26
2525,4,20,5,7
2526,4,21,0,13
2527,4,21,1,8
2528,4,21,2,7
2529,4,21,3,7
2530,4,21,4,7
2531,4,21,5,7
2532,4,22,0,22
2533,4,22,1,6
2534,4,22,2,15
2535,4,22,3,10
2536,4,22,4,8
2537,4,22,5,11
2538,4,23,0,10
2539,4,23,1,7
2540,4,23,2,6
2541,4,23,3,5
2542,4,23,4,5
2543,4,23,5,14
2544,4,24,0,5
2545,4,24,1,27
2546,4,24,2,9
2547,4,24,3,9
2548,4,24,4,5
2549,4,24,5,13
2550,4,25,0,5
2551,4,25,1,19
2552,4,25,2,10
2553,4,25,3,5
2554,4,25,4,30
2555,4,25,5,5
2556,4,26,0,6
2557,4,26,1,7
2558,4,26,2,7
2559,4,26,3,4
2560,4,26,4,4
2561,4,26,5,6
2562,4,27,0,8
2563,4,27,1,8
2564,4,27,2,6
2565,4,27,3,17
2566,4,27,4,8
2567,4,27,5,7
2568,4,28,0,10
2569,4,28,1,7
2570,4,28,2,8
2571,4,28,3,8
2572,4,28,4,8
2573,4,28,5,6
2574,4,29,0,7
2575,4,29,1,9
2576,4,29,2,7
2577,4,29,3,17
2578,4,29,4,7
2579,4,29,5,5
2580,4,30,0,32
2581,4,30,1,13
2582,4,30,2,15
2583,4,30,3,11
2584,4,30,4,15
2585,4,30,5,13
2586,4,31,0,12
2587,4,31,1,30
2588,4,31,2,16
2589,4,31,3,21
2590,4,31,4,13
2591,4,31,5,35
2592,4,32,0,15
2593,4,32,1,7
2594,4,32,2,7
2595,4,32,3,21
2596,4,32,4,16
2597,4,32,5,9
2598,4,33,0,15
2599,4,33,1,5
2600,4,33,2,5
2601,4,33,3,5
2602,4,33,4,5
2603,4,33,5,5
2604,4,34,0,15
2605,4,34,1,23
2606,4,34,2,9
2607,4,34,3,12
2608,4,34,4,20
2609,4,34,5,7
2610,4,35,0,11
2611,4,35,1,7
2612,4,35,2,15
2613,4,35,3,10
2614,4,35,4,7
2615,4,35,5,9
2616,4,36,0,11
2617,4,36,1,29
2618,4,36,2,28
2619,4,36,3,14
2620,4,36,4,15
2621,4,36,5,15
2622,4,37,0,15
2623,4,37,1,6
2624,4,37,2,6
2625,4,37,3,11
2626,4,37,4,8
2627,4,37,5,6
2628,4,38,0,18
2629,4,38,1,31
2630,4,38,2,24
2631,4,38,3,13
2632,4,38,4,18
2633,4,38,5,25
2634,4,39,0,4
2635,4,39,1,4
2636,4,39,2,5
2637,4,39,3,6
2638,4,39,4,15
2639,4,39,5,13
2640,4,40,0,26
2641,4,40,1,13
2642,4,40,2,13
2643,4,40,3,20
2644,4,40,4,15
2645,4,40,5,10
2646,4,41,0,11
2647,4,41,1,29
2648,4,41,2,43
2649,4,41,3,13
2650,4,41,4,16
2651,4,41,5,33
2652,4,42,0,19
2653,4,42,1,23
2654,4,42,2,30
2655,4,42,3,19
2656,4,42,4,18
2657,4,42,5,17
2658,4,43,0,27
2659,4,43,1,22
2660,4,43,2,6
2661,4,43,3,11
2662,4,43,4,6
2663,4,43,5,9
2664,4,44,0,9
2665,4,44,1,18
2666,4,44,2,6
2667,4,44,3,17
2668,4,44,4,19
2669,4,44,5,12
2670,4,45,0,15
2671,4,45,1,13
2672,4,45,2,21
2673,4,45,3,7
2674,4,45,4,4
2675,4,45,5,4
2676,4,46,0,16
2677,4,46,1,14
2678,4,46,2,6
2679,4,46,3,7
2680,4,46,4,8
2681,4,46,5,10
2682,4,47,0,14
2683,4,47,1,10
2684,4,47,2,14
2685,4,47,3,18
2686,4,47,4,15
2687,4,47,5,8
2688,4,48,0,36
2689,4,48,1,21
2690,4,48,2,35
2691,4,48,3,16
2692,4,48,4,10
2693,4,48,5,12
2694,4,49,0,8
2695,4,49,1,8
2696,4,49,2,5
2697,4,49,3,19
2698,4,49,4,32
2699,4,49,5,12
2700,4,50,0,43
2701,4,50,1,18
2702,4,50,2,16
2703,4,50,3,11
2704,4,50,4,15
2705,4,50,5,41
2706,4,51,0,56
2707,4,51,1,26
2708,4,51,2,23
2709,4,51,3,13
2710,4,51,4,17
2711,4,51,5,26
2712,4,52,0,10
2713,4,52,1,7
2714,4,52,2,6
2715,4,52,3,15
2716,4,52,4,11
2717,4,52,5,16
2718,4,53,0,9
2719,4,53,1,10
2720,4,53,2,12
2721,4,53,3,9
2722,4,53,4,9
2723,4,53,5,15
2724,4,54,0,11
2725,4,54,1,14
2726,4,54,2,13
2727,4,54,3,27
2728,4,54,4,7
2729,4,54,5,8
2730,4,55,0,41
2731,4,55,1,32
2732,4,55,2,30
2733,4,55,3,17
2734,4,55,4,17
2735,4,55,5,15
2736,4,56,0,7
2737,4,56,1,5
2738,4,56,2,7
2739,4,56,3,8
2740,4,56,4,4
2741,4,56,5,7
2742,4,57,0,30
2743,4,57,1,16
2744,4,57,2,10
2745,4,57,3,7
2746,4,57,4,5
2747,4,57,5,5
2748,4,58,0,7
2749,4,58,1,8
2750,4,58,2,5
2751,4,58,3,16
2752,4,58,4,6
2753,4,58,5,5
2754,4,59,0,21
2755,4,59,1,14
2756,4,59,2,29
2757,4,59,3,9
2758,4,59,4,7
2759,4,59,5,5
2760,4,60,0,7
2761,4,60,1,8
2762,4,60,2,9
2763,4,60,3,11
2764,4,60,4,13
2765,4,60,5,8
2766,4,61,0,5
2767,4,61,1,18
2768,4,61,2,20
2769,4,61,3,8
2770,4,61,4,6
2771,4,61,5,8
2772,4,62,0,17
2773,4,62,1,20
2774,4,62,2,10
2775,4,62,3,10
2776,4,62,4,15
2777,4,62,5,17
2778,4,63,0,8
2779,4,63,1,4
2780,4,63,2,6
2781,4,63,3,4
2782,4,63,4,4
2783,4,63,5,4
2784,4,64,0,25
2785,4,64,1,26
2786,4,64,2,31
2787,4,64,3,27
2788,4,64,4,18
2789,4,64,5,27
2790,4,65,0,10
2791,4,65,1,17
2792,4,65,2,10
2793,4,65,3,14
2794,4,65,4,11
2795,4,65,5,10
2796,4,66,0,23
2797,4,66,1,8
2798,4,66,2,25
2799,4,66,3,26
2800,4,66,4,26
2801,4,66,5,26
2802,4,67,0,24
2803,4,67,1,30
2804,4,67,2,15
2805,4,67,3,19
2806,4,67,4,17
2807,4,67,5,17
2808,4,68,0,13
2809,4,68,1,8
2810,4,68,2,16
2811,4,68,3,8
2812,4,68,4,13
2813,4,68,5,10
2814,4,69,0,11
2815,4,69,1,7
2816,4,69,2,23
2817,4,69,3,30
2818,4,69,4,20
2819,4,69,5,8
2820,4,70,0,23
2821,4,70,1,19
2822,4,70,2,15
2823,4,70,3,13
2824,4,70,4,14
2825,4,70,5,8
2826,4,71,0,6
2827,4,71,1,5
2828,4,71,2,8
2829,4,71,3,5
2830,4,71,4,5
2831,4,71,5,5
2832,4,72,0,13
2833,4,72,1,7
2834,4,72,2,4
2835,4,72,3,17
2836,4,72,4,6
2837,4,72,5,10
2838,4,73,0,28
2839,4,73,1,13
2840,4,73,2,15
2841,4,73,3,16
2842,4,73,4,11
2843,4,73,5,14
2844,4,74,0,11
2845,4,74,1,12
2846,4,74,2,16
2847,4,74,3,30
2848,4,74,4,8
2849,4,74,5,30
2850,4,75,0,9
2851,4,75,1,5
2852,4,75,2,12
2853,4,75,3,7
2854,4,75,4,11
2855,4,75,5,14
2856,4,76,0,11
2857,4,76,1,9
2858,4,76,2,7
2859,4,76,3,7
2860,4,76,4,19
2861,4,76,5,8
2862,4,77,0,7
2863,4,77,1,18
2864,4,77,2,6
2865,4,77,3,6
2866,4,77,4,6
2867,4,77,5,6
2868,4,78,0,11
2869,4,78,1,9
2870,4,78,2,7
2871,4,78,3,25
2872,4,78,4,18
2873,4,78,5,14
2874,4,79,0,16
2875,4,79,1,26
2876,4,79,2,39
2877,4,79,3,22
2878,4,79,4,20
2879,4,79,5,20
2880,4,80,0,39
2881,4,80,1,21
2882,4,80,2,14
2883,4,80,3,22
2884,4,80,4,18
2885,4,80,5,17
2886,4,81,0,37
2887,4,81,1,26
2888,4,81,2,23
2889,4,81,3,20
2890,4,81,4,18
2891,4,81,5,49
2892,4,82,0,21
2893,4,82,1,7
2894,4,82,2,24
2895,4,82,3,31
2896,4,82,4,10
2897,4,82,5,5
2898,4,83,0,20
2899,4,83,1,24
2900,4,83,2,17
2901,4,83,3,18
2902,4,83,4,11
2903,4,83,5,28
2904,4,84,0,12
2905,4,84,1,18
2906,4,84,2,16
2907,4,84,3,15
2908,4,84,4,19
2909,4,84,5,22
2910,4,85,0,9
2911,4,85,1,8
2912,4,85,2,18
2913,4,85,3,13
2914,4,85,4,27
2915,4,85,5,15
2916,4,86,0,13
2917,4,86,1,11
2918,4,86,2,10
2919,4,86,3,6
2920,4,86,4,10
2921,4,86,5,11
2922,4,87,0,36
2923,4,87,1,17
2924,4,87,2,27
2925,4,87,3,10
2926,4,87,4,12
2927,4,87,5,10
2928,4,88,0,41
2929,4,88,1,43
2930,4,88,2,27
2931,4,88,3,13
2932,4,88,4,8
2933,4,88,5,34
2934,4,89,0,36
2935,4,89,1,14
2936,4,89,2,21
2937,4,89,3,40
2938,4,89,4,27
2939,4,89,5,56
2940,4,90,0,35
2941,4,90,1,6
2942,4,90,2,10
2943,4,90,3,9
2944,4,90,4,13
2945,4,90,5,20
2946,4,91,0,8
2947,4,91,1,11
2948,4,91,2,7
2949,4,91,3,11
2950,4,91,4,7
2951,4,91,5,7
2952,4,92,0,21
2953,4,92,1,6
2954,4,92,2,5
2955,4,92,3,12
2956,4,92,4,8
2957,4,92,5,13
2958,4,93,0,28
2959,4,93,1,6
2960,4,93,2,14
2961,4,93,3,20
2962,4,93,4,5
2963,4,93,5,40
2964,4,94,0,25
2965,4,94,1,29
2966,4,94,2,9
2967,4,94,3,5
2968,4,94,4,16
2969,4,94,5,15
2970,4,95,0,14
2971,4,95,1,11
2972,4,95,2,11
2973,4,95,3,13
2974,4,95,4,10
2975,4,95,5,6
2976,4,96,0,9
2977,4,96,1,8
2978,4,96,2,8
2979,4,96,3,10
2980,4,96,4,19
2981,4,96,5,10
2982,4,97,0,45
2983,4,97,1,25
2984,4,97,2,35
2985,4,97,3,18
2986,4,97,4,24
2987,4,97,5,11
2988,4,98,0,31
2989,4,98,1,36
2990,4,98,2,15
2991,4,98,3,22
2992,4,98,4,12
2993,4,98,5,10
2994,4,99,0,17
2995,4,99,1,14
2996,4,99,2,32
2997,4,99,3,14
2998,4,99,4,24
2999,4,99,5,16
