,Replay type,Trial,Mean,STD,Q1,Q2,Q3
0,0,0,11.02,6.688766702464662,7.0,9.0,12.0
1,0,1,9.17,4.6088067870111455,6.0,8.0,10.0
2,0,2,8.55,3.71045819273038,6.0,7.5,10.0
3,0,3,8.2,3.690528417449187,6.0,7.0,9.0
4,0,4,7.24,2.3156856436053666,6.0,7.0,8.0
5,0,5,7.29,2.3803151051909075,6.0,7.0,8.0
6,1,0,15.44,10.107739608834411,9.75,12.0,18.0
7,1,1,15.02,9.241190399510227,9.0,11.5,18.0
8,1,2,14.1,7.582216034906946,8.0,12.0,17.25
9,1,3,15.48,9.925200249869016,9.0,13.0,19.25
10,1,4,14.0,8.5871997764114,8.0,11.5,16.25
11,1,5,13.39,7.5324564386393895,8.0,11.0,17.0
12,2,0,15.47,9.340722670114985,10.0,12.0,19.0
13,2,1,15.41,9.4149827402922,9.75,12.0,18.25
14,2,2,14.88,8.16,9.0,13.0,18.0
15,2,3,15.26,9.110016465407734,10.0,12.5,18.25
16,2,4,13.98,9.430779395150752,8.0,11.5,16.0
17,2,5,14.45,8.420659119095133,9.0,13.0,17.25
18,3,0,13.8,7.858753081755401,8.75,12.0,16.25
19,3,1,12.09,5.107044154890381,8.0,11.0,14.0
20,3,2,11.9,5.472659317004851,7.0,11.0,15.0
21,3,3,11.52,5.470795189001321,8.0,10.5,13.0
22,3,4,11.3,5.066557016357361,7.0,10.0,14.0
23,3,5,11.66,5.7536423246496655,7.0,10.5,14.25
24,4,0,15.73,9.054120608871962,10.0,13.0,20.0
25,4,1,17.07,12.159979440772094,9.0,13.5,21.0
26,4,2,14.55,7.551655447648548,9.0,13.0,17.25
27,4,3,16.08,10.607242808571888,9.0,12.0,20.0
28,4,4,15.43,10.282271149896799,9.0,12.5,18.25
29,4,5,15.01,9.446157949134664,9.0,12.0,18.25
