,Unnamed: 0,Replay type,Trial,Mean,STD,Q1,Q2,Q3
0,0,0,0,111.43,86.46354781062365,45.0,83.0,153.5
1,1,0,1,81.92,68.5828958268751,34.75,52.5,109.75
2,2,0,2,73.34,65.09227603948106,30.0,56.0,89.75
3,3,0,3,67.73,58.302976767914686,24.75,49.5,97.0
4,4,0,4,48.99,44.18744052329802,22.75,35.5,59.75
5,5,0,5,44.79,38.86702844314188,20.75,30.5,52.25
6,6,0,6,31.16,26.062125776689822,14.0,22.0,35.0
7,7,0,7,33.32,27.65569742385825,14.0,24.0,42.75
8,8,0,8,25.37,22.48939972520387,10.0,20.5,31.5
9,9,0,9,20.78,16.97326132480143,8.0,15.0,26.0
10,10,0,10,15.33,9.983040618969754,7.0,12.0,20.0
11,11,0,11,15.09,16.198206690865504,7.0,9.0,18.0
12,12,0,12,11.76,8.214767190858181,7.0,8.0,15.25
13,13,0,13,10.23,6.696051075074023,6.0,8.0,11.0
14,14,0,14,9.4,5.728874234961003,6.0,7.0,9.25
15,15,0,15,8.16,3.7542509239527404,6.0,7.0,8.0
16,16,0,16,7.94,3.2582817557725114,6.0,7.0,8.0
17,17,0,17,7.35,1.4790199457749045,6.0,7.0,8.0
18,18,0,18,7.23,1.1819898476721362,6.0,7.0,8.0
19,19,0,19,7.27,1.2872839624573906,6.0,7.0,8.0
20,20,0,20,7.19,1.1197767634667188,6.0,7.0,8.0
21,21,0,21,7.24,1.241933975700802,6.0,7.0,8.0
22,22,0,22,7.2,1.1747340124470729,6.0,7.0,8.0
23,23,0,23,7.18,1.1258774356030057,6.0,7.0,8.0
24,24,0,24,7.2,1.1224972160321824,6.0,7.0,8.0
50,50,1,0,111.43,86.46354781062365,45.0,83.0,153.5
51,51,1,1,14.16,6.771587701566008,9.75,12.0,17.25
52,52,1,2,13.81,6.3791770629133655,10.0,12.0,15.25
53,53,1,3,13.78,5.756005559413578,10.0,12.0,16.0
54,54,1,4,13.74,5.624268841369517,10.75,12.0,16.0
55,55,1,5,13.74,6.467797152044891,10.0,12.0,16.25
56,56,1,6,14.48,7.327318745625851,10.0,13.0,16.25
57,57,1,7,14.15,7.168507515515347,9.0,11.5,17.0
58,58,1,8,14.28,6.758816464441093,10.0,13.0,17.0
59,59,1,9,14.21,6.4626542534782105,9.75,13.0,16.0
60,60,1,10,13.18,4.7378898256502335,10.0,12.0,16.0
61,61,1,11,14.11,6.5831527401390275,10.0,12.0,16.0
62,62,1,12,14.39,7.2964306342210925,10.0,13.0,17.0
63,63,1,13,14.7,6.904346457123946,11.0,13.0,17.0
64,64,1,14,13.43,5.843380870694637,9.0,11.0,16.0
65,65,1,15,13.94,6.566307942824492,10.0,12.0,16.0
66,66,1,16,13.31,4.951151381244569,10.0,12.0,16.0
67,67,1,17,13.53,5.4063943622344075,10.0,12.0,16.0
68,68,1,18,14.18,7.564892596726012,9.0,13.0,16.25
69,69,1,19,13.24,5.623379766652792,9.0,12.0,16.0
70,70,1,20,14.24,8.286277813349006,9.75,12.0,17.0
71,71,1,21,13.59,6.294592917735032,9.0,12.0,16.0
72,72,1,22,12.58,4.7374676779900025,9.0,11.5,15.0
73,73,1,23,14.3,6.413267497929585,10.0,13.0,18.0
74,74,1,24,13.8,7.398648525237565,9.75,11.5,17.0
100,100,2,0,111.43,86.46354781062365,45.0,83.0,153.5
101,101,2,1,14.16,6.771587701566008,9.75,12.0,17.25
102,102,2,2,13.81,6.3791770629133655,10.0,12.0,15.25
103,103,2,3,13.78,5.756005559413578,10.0,12.0,16.0
104,104,2,4,13.74,5.624268841369517,10.75,12.0,16.0
105,105,2,5,13.74,6.467797152044891,10.0,12.0,16.25
106,106,2,6,14.48,7.327318745625851,10.0,13.0,16.25
107,107,2,7,14.15,7.168507515515347,9.0,11.5,17.0
108,108,2,8,14.28,6.758816464441093,10.0,13.0,17.0
109,109,2,9,14.21,6.4626542534782105,9.75,13.0,16.0
110,110,2,10,13.18,4.7378898256502335,10.0,12.0,16.0
111,111,2,11,14.11,6.5831527401390275,10.0,12.0,16.0
112,112,2,12,14.39,7.2964306342210925,10.0,13.0,17.0
113,113,2,13,14.7,6.904346457123946,11.0,13.0,17.0
114,114,2,14,13.43,5.843380870694637,9.0,11.0,16.0
115,115,2,15,13.94,6.566307942824492,10.0,12.0,16.0
116,116,2,16,13.31,4.951151381244569,10.0,12.0,16.0
117,117,2,17,13.53,5.4063943622344075,10.0,12.0,16.0
118,118,2,18,14.22,7.584958800151784,9.0,13.0,17.0
119,119,2,19,13.36,5.743727013011672,9.0,12.0,16.0
120,120,2,20,14.26,8.292912636703706,9.75,12.0,17.0
121,121,2,21,13.63,6.3350690603970525,9.0,12.0,16.0
122,122,2,22,12.55,4.6869499677295465,9.0,11.5,15.0
123,123,2,23,14.26,6.396280168973213,10.0,13.0,17.25
124,124,2,24,13.8,7.398648525237565,9.75,11.5,17.0
150,150,4,0,111.43,86.46354781062365,45.0,83.0,153.5
151,151,4,1,14.03,6.472178922125067,9.0,12.5,18.0
152,152,4,2,13.62,6.4664982795946075,9.0,11.0,15.0
153,153,4,3,14.13,7.253488815735501,10.0,13.0,16.0
154,154,4,4,12.83,4.543247737026895,10.0,12.0,15.0
155,155,4,5,14.14,7.372950562698763,9.75,12.0,16.25
156,156,4,6,14.09,6.213042732832281,10.0,13.0,17.0
157,157,4,7,14.51,6.966340502731688,10.0,12.5,16.25
158,158,4,8,13.93,6.537973692207701,10.0,12.0,16.25
159,159,4,9,13.77,6.279896495962333,9.0,12.0,17.0
160,160,4,10,13.57,5.466726625687442,10.0,12.0,16.0
161,161,4,11,13.8,5.672741841473132,9.0,12.5,16.25
162,162,4,12,13.83,6.854276037627899,9.0,12.5,17.0
163,163,4,13,13.37,6.136212186683247,9.75,11.0,15.0
164,164,4,14,14.44,6.283820493935197,10.0,13.0,17.0
165,165,4,15,13.74,6.024317388717164,9.0,12.0,17.0
166,166,4,16,12.87,4.999309952383429,9.0,12.0,15.0
167,167,4,17,14.04,7.297835295483176,10.0,12.0,17.0
168,168,4,18,13.84,6.664412952391231,9.0,12.0,16.0
169,169,4,19,13.39,5.576549112130189,9.75,12.0,15.25
170,170,4,20,13.27,6.11858643805904,9.75,12.0,16.0
171,171,4,21,13.44,5.485107109255023,10.0,12.0,16.0
172,172,4,22,13.44,6.027138624587956,9.0,12.0,15.0
173,173,4,23,14.54,8.092490345993623,9.0,12.5,16.0
174,174,4,24,13.09,4.766749416531144,9.0,12.0,17.0
