,Replay type,Trial,Performance
0,0,0,83
1,0,1,51
2,0,2,62
3,0,3,93
4,0,4,37
5,0,5,23
6,0,6,16
7,0,7,13
8,0,8,6
9,0,9,6
10,0,10,6
11,0,11,6
12,0,12,6
13,0,13,6
14,0,14,6
15,0,15,6
16,0,16,6
17,0,17,6
18,0,18,6
19,0,19,6
20,0,20,6
21,0,21,6
22,0,22,6
23,0,23,6
24,0,24,6
50,1,0,83
51,1,1,10
52,1,2,9
53,1,3,13
54,1,4,11
55,1,5,13
56,1,6,15
57,1,7,11
58,1,8,14
59,1,9,11
60,1,10,20
61,1,11,9
62,1,12,11
63,1,13,14
64,1,14,8
65,1,15,18
66,1,16,11
67,1,17,10
68,1,18,11
69,1,19,11
70,1,20,11
71,1,21,9
72,1,22,11
73,1,23,7
74,1,24,19
100,2,0,83
101,2,1,10
102,2,2,9
103,2,3,13
104,2,4,11
105,2,5,13
106,2,6,15
107,2,7,11
108,2,8,14
109,2,9,11
110,2,10,20
111,2,11,9
112,2,12,11
113,2,13,14
114,2,14,8
115,2,15,18
116,2,16,11
117,2,17,10
118,2,18,11
119,2,19,11
120,2,20,11
121,2,21,9
122,2,22,11
123,2,23,7
124,2,24,19
150,3,0,83
151,3,1,50
152,3,2,49
153,3,3,19
154,3,4,16
155,3,5,14
156,3,6,15
157,3,7,20
158,3,8,15
159,3,9,21
160,3,10,18
161,3,11,11
162,3,12,12
163,3,13,11
164,3,14,29
165,3,15,15
166,3,16,18
167,3,17,11
168,3,18,14
169,3,19,13
170,3,20,14
171,3,21,17
172,3,22,14
173,3,23,13
174,3,24,12
200,4,0,83
201,4,1,10
202,4,2,9
203,4,3,13
204,4,4,11
205,4,5,13
206,4,6,15
207,4,7,11
208,4,8,14
209,4,9,11
210,4,10,20
211,4,11,9
212,4,12,11
213,4,13,14
214,4,14,8
215,4,15,18
216,4,16,11
217,4,17,10
218,4,18,11
219,4,19,11
220,4,20,11
221,4,21,9
222,4,22,11
223,4,23,7
224,4,24,19
