,Unnamed: 0,Replay type,Trial,Mean,STD,Q1,Q2,Q3
25,25,0,0,760.61,571.3852622355603,315.5,627.0,1127.0
26,26,0,1,173.29,217.1387250123755,33.75,87.5,244.0
27,27,0,2,92.37,113.30354407519651,22.75,45.0,114.75
28,28,0,3,63.19,80.20968707082706,14.75,31.0,81.25
29,29,0,4,45.13,75.93018569712575,16.0,26.5,49.25
30,30,0,5,43.98,98.8601011530941,10.0,20.5,42.0
31,31,0,6,27.26,24.286877115018306,11.0,18.5,36.0
32,32,0,7,28.86,26.414019005066233,10.0,20.5,43.5
33,33,0,8,34.47,85.41796707953192,9.0,17.5,29.25
34,34,0,9,26.25,39.11403200898624,9.0,14.5,27.25
35,35,0,10,16.26,13.130590238066224,8.0,13.0,18.0
36,36,0,11,18.95,19.7435432483635,7.75,11.0,20.25
37,37,0,12,17.31,31.60370073266737,7.0,11.0,16.0
38,38,0,13,16.25,14.538483414716953,8.0,11.0,19.0
39,39,0,14,17.3,18.296174463531987,7.0,12.0,18.5
40,40,0,15,15.61,15.519597288589676,7.0,10.0,16.0
41,41,0,16,12.3,9.026073343375844,6.0,9.0,13.25
42,42,0,17,12.2,10.918791141880131,7.0,9.0,14.0
43,43,0,18,13.59,19.341713988165573,6.75,9.0,14.0
44,44,0,19,14.89,20.852767202460207,7.0,9.0,13.0
45,45,0,20,14.12,17.20365077534417,7.0,9.0,15.25
46,46,0,21,12.73,11.356808530568788,7.0,9.0,14.25
47,47,0,22,17.22,32.78919944127944,7.0,9.5,14.0
48,48,0,23,14.14,17.255735278451624,6.0,9.0,13.0
49,49,0,24,11.85,8.566650453940559,7.0,9.0,13.0
75,75,1,0,665.83,711.4323447103035,141.75,355.0,1010.0
76,76,1,1,155.66,232.03242101051308,20.75,70.0,157.25
77,77,1,2,91.44,132.9832560888776,11.0,32.0,96.25
78,78,1,3,63.03,112.92346567476577,9.0,15.5,62.25
79,79,1,4,33.13,49.14441066896621,10.0,16.5,30.0
80,80,1,5,52.39,119.82795124677713,9.0,13.0,43.5
81,81,1,6,30.83,39.51304974309121,9.0,13.0,34.0
82,82,1,7,59.65,145.0118184838739,9.0,14.5,40.0
83,83,1,8,46.58,148.47122145385617,8.0,14.0,25.25
84,84,1,9,28.87,47.277617325749404,8.0,11.5,25.5
85,85,1,10,24.28,35.39804514376465,8.0,13.0,25.0
86,86,1,11,33.23,59.452814062918826,9.0,12.5,30.0
87,87,1,12,24.54,60.42605729319099,8.75,12.5,21.25
88,88,1,13,22.27,27.67231649139623,9.0,13.0,20.25
89,89,1,14,26.29,55.449128938153756,9.0,14.0,23.5
90,90,1,15,33.13,64.54187090563768,9.0,15.5,28.0
91,91,1,16,29.52,55.49945585318832,9.0,15.0,26.5
92,92,1,17,31.26,52.48649731121329,9.0,13.5,26.25
93,93,1,18,25.63,37.05581061048321,8.0,13.0,27.25
94,94,1,19,26.35,39.18504178892757,8.0,12.0,27.0
95,95,1,20,24.97,30.921984088994037,9.0,12.5,23.75
96,96,1,21,27.33,52.8742007031785,8.75,12.0,21.0
97,97,1,22,35.35,97.58548816294358,8.0,13.0,23.0
98,98,1,23,27.4,50.95762945820772,9.0,14.0,23.0
99,99,1,24,29.1,64.21487366646453,9.0,14.0,26.0
125,125,2,0,574.78,608.8156466451893,140.5,346.5,762.0
126,126,2,1,149.76,243.5058159469708,17.0,67.5,189.25
127,127,2,2,82.78,127.1070871352184,11.0,28.0,114.75
128,128,2,3,60.32,101.61179852753321,10.0,21.0,53.5
129,129,2,4,51.02,94.95282828857708,9.75,19.5,39.0
130,130,2,5,56.79,129.70522695712765,9.0,19.5,49.5
131,131,2,6,33.59,64.0275089317084,9.0,16.0,25.0
132,132,2,7,30.13,52.97294686913312,8.0,14.0,30.0
133,133,2,8,32.29,47.26019360942146,9.0,18.0,30.0
134,134,2,9,33.65,103.58237060426838,9.0,13.0,22.25
135,135,2,10,27.08,37.83429132414138,8.0,14.5,30.0
136,136,2,11,28.87,53.57007653531961,8.75,14.0,25.25
137,137,2,12,32.13,77.97828608016464,7.75,12.0,28.75
138,138,2,13,22.78,25.585769482272763,8.0,14.0,26.0
139,139,2,14,27.77,61.68092979195435,9.0,13.0,29.5
140,140,2,15,28.16,44.867074787643546,9.0,16.5,27.0
141,141,2,16,23.05,38.640231624564564,8.75,13.5,24.5
142,142,2,17,24.57,40.83779009691881,9.0,14.0,22.25
143,143,2,18,22.79,34.12485750886002,9.0,13.0,21.5
144,144,2,19,20.0,24.15326064944441,8.0,12.5,21.25
145,145,2,20,30.14,46.33897279828288,8.0,16.0,25.0
146,146,2,21,23.68,33.2111065759634,8.0,12.0,19.5
147,147,2,22,19.49,22.21778341779396,8.0,13.0,21.0
148,148,2,23,30.34,69.67771810270483,8.0,14.0,26.25
149,149,2,24,29.32,65.50326404080944,8.0,13.0,24.0
175,175,4,0,479.45,772.0335144927326,93.75,196.0,547.5
176,176,4,1,40.14,150.35258694149562,7.0,9.5,16.5
177,177,4,2,78.95,343.633914944378,6.0,9.0,18.0
178,178,4,3,24.73,48.318703418034715,6.0,9.0,20.0
179,179,4,4,48.34,158.37564332939584,6.0,10.0,17.25
180,180,4,5,41.05,130.0966083339608,7.0,9.0,17.0
181,181,4,6,34.63,102.24056484585752,6.0,8.0,15.25
182,182,4,7,51.36,240.29484056050805,6.0,9.0,16.0
183,183,4,8,47.44,200.87540018628465,6.0,8.0,14.25
184,184,4,9,40.82,151.86206767985217,6.0,7.5,16.0
185,185,4,10,41.25,182.97914498652568,6.0,9.0,15.0
186,186,4,11,56.6,213.57176779715059,6.0,7.0,11.25
187,187,4,12,59.85,253.9070843832444,6.0,9.0,17.0
188,188,4,13,50.91,163.29501492697196,6.0,8.0,16.0
189,189,4,14,43.46,116.2467565138916,6.0,8.0,18.0
190,190,4,15,51.11,200.04383994514802,6.0,8.0,12.0
191,191,4,16,49.55,156.24675196624088,6.0,8.0,14.0
192,192,4,17,42.71,174.5940030470692,6.0,7.0,14.0
193,193,4,18,34.97,101.04033402557613,6.0,8.0,14.0
194,194,4,19,85.57,377.41208923403605,6.0,8.0,13.25
195,195,4,20,94.84,713.7258678232138,6.0,8.0,13.0
196,196,4,21,58.98,324.22634007742175,6.0,7.0,13.0
197,197,4,22,46.07,246.57158210142543,6.0,7.5,11.0
198,198,4,23,95.14,526.0844802880996,6.0,8.0,15.0
199,199,4,24,32.3,130.58104762943205,6.0,7.5,13.0
