,Unnamed: 0,Replay type,Trial,Mean,STD,Q1,Q2,Q3
25,25,0,0,535.39,572.4460480254886,141.75,370.0,672.0
26,26,0,1,169.66,231.9267220481504,31.5,78.0,196.25
27,27,0,2,99.69,134.59849144771277,16.75,42.5,131.5
28,28,0,3,47.42,77.66121039489407,9.75,21.0,56.25
29,29,0,4,31.87,45.532989139743506,9.0,18.0,38.0
30,30,0,5,27.15,29.762518374626826,8.0,15.0,34.0
31,31,0,6,18.47,19.149127917479692,7.0,11.0,21.0
32,32,0,7,17.79,22.651399515261744,7.0,10.0,17.25
33,33,0,8,13.71,19.78954016646168,6.0,8.0,12.25
34,34,0,9,12.24,15.740470132750168,6.0,7.0,11.25
35,35,0,10,10.9,11.081967334368025,6.0,7.0,9.0
36,36,0,11,9.7,7.984359711335656,6.0,7.0,8.0
37,37,0,12,8.72,5.7672870571872865,6.0,7.0,8.0
38,38,0,13,7.97,6.284035327717374,6.0,7.0,8.0
39,39,0,14,7.61,2.9661254187913224,6.0,7.0,8.0
40,40,0,15,7.92,5.049118734987324,6.0,7.0,8.0
41,41,0,16,7.21,1.850918690812754,6.0,7.0,8.0
42,42,0,17,7.24,2.3414525406251565,6.0,7.0,8.0
43,43,0,18,7.03,1.5129771974487916,6.0,7.0,7.25
44,44,0,19,7.09,1.772540549606694,6.0,7.0,7.25
45,45,0,20,7.13,1.9060692537261077,6.0,7.0,8.0
46,46,0,21,7.11,1.6726924403487928,6.0,7.0,7.25
47,47,0,22,7.13,1.6592468170829802,6.0,7.0,8.0
48,48,0,23,7.05,1.6147755261955143,6.0,7.0,7.25
49,49,0,24,6.98,1.4489996549343964,6.0,7.0,8.0
75,75,1,0,584.52,669.338770429444,106.5,307.5,932.0
76,76,1,1,31.01,63.809324553704535,8.0,10.5,16.0
77,77,1,2,12.5,8.895504482602432,7.0,10.0,14.25
78,78,1,3,13.79,12.919206631987894,8.0,10.0,15.0
79,79,1,4,14.76,24.15869201757413,7.0,10.0,13.25
80,80,1,5,11.61,7.92829742126265,7.0,9.0,12.0
81,81,1,6,16.17,26.361735527085468,7.0,9.5,14.0
82,82,1,7,11.91,9.132464070556203,7.0,10.0,12.0
83,83,1,8,11.32,9.601958133630866,7.0,9.0,12.0
84,84,1,9,10.24,5.202153400275698,7.0,9.0,12.0
85,85,1,10,9.99,4.809355466172156,7.0,9.0,11.0
86,86,1,11,9.97,6.42721557130302,7.0,8.0,11.0
87,87,1,12,10.4,5.914389233048499,7.0,8.0,13.0
88,88,1,13,9.82,4.718855793516052,7.0,9.0,11.0
89,89,1,14,10.63,5.922254638226898,7.0,9.0,12.0
90,90,1,15,10.31,5.4711881707724155,6.75,9.0,12.0
91,91,1,16,10.32,5.31390628445779,7.0,9.0,12.0
92,92,1,17,10.17,4.681997436992036,7.0,9.0,12.0
93,93,1,18,10.4,6.326136261573883,7.0,9.0,12.0
94,94,1,19,10.61,6.188529712298392,7.0,9.0,12.0
95,95,1,20,10.43,6.193956732170478,7.0,8.0,11.0
96,96,1,21,10.02,4.747588861727603,7.0,9.0,11.0
97,97,1,22,10.73,6.7199032731133865,6.75,9.0,12.0
98,98,1,23,9.77,4.270491774959881,7.0,9.0,11.0
99,99,1,24,10.19,4.969295724748126,7.0,8.0,12.0
125,125,2,0,585.34,668.779413857813,106.5,303.0,932.0
126,126,2,1,19.37,33.26519352115661,7.0,10.0,15.25
127,127,2,2,18.46,34.361437688199246,7.0,10.0,14.0
128,128,2,3,14.37,15.830764352993196,8.0,10.0,14.25
129,129,2,4,17.53,34.20948844984385,7.0,10.0,14.25
130,130,2,5,11.98,9.344495706029301,7.0,9.0,12.0
131,131,2,6,12.28,9.271547875085368,7.0,9.0,14.0
132,132,2,7,13.56,21.069086358928804,7.0,9.0,12.0
133,133,2,8,12.07,17.845030120456514,7.0,9.0,12.0
134,134,2,9,10.69,6.007819904091668,7.0,9.0,12.0
135,135,2,10,11.3,10.433120338613945,7.0,9.0,11.25
136,136,2,11,10.41,7.124738591695838,7.0,8.0,11.0
137,137,2,12,10.75,6.53968653683034,7.0,8.5,13.0
138,138,2,13,9.85,4.616004766028736,7.0,8.5,11.0
139,139,2,14,10.28,6.145046785826776,7.0,8.0,11.25
140,140,2,15,10.48,5.9405050290358306,7.0,9.0,12.0
141,141,2,16,10.39,5.621200939301138,7.0,9.0,11.25
142,142,2,17,10.43,5.044313630217694,7.0,9.0,12.0
143,143,2,18,10.98,7.885404238211254,7.0,9.0,13.0
144,144,2,19,10.13,4.894190433565085,7.0,9.0,12.0
145,145,2,20,10.54,7.050418427299192,7.0,8.0,11.25
146,146,2,21,10.03,5.814559312622068,7.0,8.0,11.0
147,147,2,22,10.85,6.351968198912838,7.0,8.5,12.0
148,148,2,23,10.06,4.967534599778848,7.0,8.0,12.0
149,149,2,24,10.39,8.144808162258949,7.0,8.0,12.0
175,175,4,0,596.92,685.503168191074,101.75,262.0,993.75
176,176,4,1,13.6,18.580096878111263,6.0,8.0,13.0
177,177,4,2,11.51,10.839275806067489,6.0,8.0,12.25
178,178,4,3,10.71,9.402441172376461,6.0,7.0,11.0
179,179,4,4,10.32,8.241213502876867,6.0,7.0,10.25
180,180,4,5,10.23,7.159406399974791,6.0,7.0,12.0
181,181,4,6,9.64,5.4580582627890655,6.0,7.0,11.0
182,182,4,7,9.72,6.8323934312947765,6.0,7.5,10.0
183,183,4,8,9.96,6.548160046913942,6.0,8.0,11.25
184,184,4,9,9.76,6.4360236171101795,6.0,7.0,11.25
185,185,4,10,9.67,6.112372698060876,6.0,7.5,11.25
186,186,4,11,9.65,5.387717513010495,6.0,7.0,12.0
187,187,4,12,9.79,5.530452061088678,6.0,8.0,11.0
188,188,4,13,10.27,6.586129364049874,6.0,8.0,12.25
189,189,4,14,9.21,4.5459762427887815,6.0,8.0,11.0
190,190,4,15,9.47,5.8076759551476345,6.0,7.0,10.25
191,191,4,16,9.63,6.529402729193535,6.0,7.0,11.0
192,192,4,17,9.91,6.939877520533052,6.0,7.0,11.0
193,193,4,18,9.88,6.037019131988899,6.0,7.0,12.0
194,194,4,19,10.69,7.174531343579174,6.0,8.0,11.25
195,195,4,20,10.11,6.443438523024797,6.0,8.0,11.0
196,196,4,21,10.0,8.133879763065103,6.0,7.0,11.0
197,197,4,22,9.33,5.6622522020835495,6.0,7.0,10.25
198,198,4,23,9.65,6.461230532955778,6.0,8.0,11.0
199,199,4,24,9.18,4.616015597893924,6.0,7.5,10.25
