,Replay type,Trial,Mean,STD,Q1,Q2,Q3
0,0,0,114.6,100.63518271459539,43.75,82.5,164.5
1,0,1,92.66,80.6397197415765,31.75,72.5,115.75
2,0,2,78.07,60.1932313470543,33.0,59.5,106.25
3,0,3,63.24,51.075653691362575,30.75,46.0,79.5
4,0,4,53.63,43.5083107003708,25.0,38.5,69.5
5,0,5,51.9,39.582950875345304,25.75,39.0,72.0
6,0,6,40.73,28.653744955939004,19.75,30.5,54.0
7,0,7,35.92,29.89939129815187,17.0,25.0,44.25
8,0,8,33.09,22.96784491414029,17.75,26.0,43.0
9,0,9,30.47,22.607722132050366,15.75,23.0,37.5
10,0,10,28.36,14.899342267362005,17.0,24.5,37.0
11,0,11,22.96,15.772076591241877,12.0,17.0,28.0
12,0,12,23.68,20.664888095511184,11.0,17.0,27.0
13,0,13,22.31,17.38199930963064,12.0,18.0,25.25
14,0,14,18.78,9.20389048174738,12.0,17.5,23.0
15,0,15,21.49,15.378878372625232,10.75,16.0,30.0
16,0,16,18.96,15.920376879961102,9.0,13.0,22.0
17,0,17,15.55,10.082038484354243,9.0,14.0,17.0
18,0,18,15.67,10.05589876639577,9.0,12.0,19.0
19,0,19,15.71,10.69419936227112,9.0,13.0,18.25
20,0,20,15.07,9.339437884583846,9.0,11.0,18.0
21,0,21,13.44,6.744360607203622,9.0,12.0,16.0
22,0,22,12.79,7.399047235962208,8.0,10.5,14.0
23,0,23,14.98,10.586765322798083,8.0,11.5,17.0
24,0,24,14.01,10.12274172346603,8.0,11.0,14.0
25,0,25,760.61,571.3852622355603,315.5,627.0,1127.0
26,0,26,173.29,217.1387250123755,33.75,87.5,244.0
27,0,27,92.37,113.30354407519653,22.75,45.0,114.75
28,0,28,63.19,80.20968707082706,14.75,31.0,81.25
29,0,29,45.13,75.93018569712575,16.0,26.5,49.25
30,0,30,43.98,98.8601011530941,10.0,20.5,42.0
31,0,31,27.26,24.286877115018306,11.0,18.5,36.0
32,0,32,28.86,26.41401900506623,10.0,20.5,43.5
33,0,33,34.47,85.41796707953192,9.0,17.5,29.25
34,0,34,26.25,39.114032008986236,9.0,14.5,27.25
35,0,35,16.26,13.130590238066224,8.0,13.0,18.0
36,0,36,18.95,19.7435432483635,7.75,11.0,20.25
37,0,37,17.31,31.60370073266737,7.0,11.0,16.0
38,0,38,16.25,14.538483414716957,8.0,11.0,19.0
39,0,39,17.3,18.296174463531987,7.0,12.0,18.5
40,0,40,15.61,15.519597288589674,7.0,10.0,16.0
41,0,41,12.3,9.026073343375845,6.0,9.0,13.25
42,0,42,12.2,10.91879114188013,7.0,9.0,14.0
43,0,43,13.59,19.341713988165576,6.75,9.0,14.0
44,0,44,14.89,20.852767202460207,7.0,9.0,13.0
45,0,45,14.12,17.20365077534417,7.0,9.0,15.25
46,0,46,12.73,11.356808530568788,7.0,9.0,14.25
47,0,47,17.22,32.789199441279436,7.0,9.5,14.0
48,0,48,14.14,17.255735278451624,6.0,9.0,13.0
49,0,49,11.85,8.56665045394056,7.0,9.0,13.0
50,1,0,114.6,100.63518271459539,43.75,82.5,164.5
51,1,1,58.75,76.21566440043674,17.75,31.0,68.25
52,1,2,47.93,60.35300406773469,15.75,26.0,49.0
53,1,3,50.86,116.20834909764443,13.75,21.0,42.5
54,1,4,59.66,114.09278855387838,15.0,22.0,39.75
55,1,5,61.95,125.30142656809618,15.0,23.0,57.25
56,1,6,55.73,122.36109308109337,14.0,23.0,48.25
57,1,7,37.82,47.361245760642745,13.0,19.5,31.0
58,1,8,49.06,89.19807397023773,14.0,20.0,36.0
59,1,9,35.57,43.29555519911946,14.0,20.0,33.25
60,1,10,52.55,97.19592326841698,13.0,19.5,37.75
61,1,11,35.27,50.35213103732552,14.0,20.0,38.25
62,1,12,37.48,50.66763858716922,14.0,24.0,36.0
63,1,13,36.19,67.91858287685338,14.0,18.5,33.0
64,1,14,42.63,75.40340244312586,13.0,21.5,37.25
65,1,15,24.94,31.200583327880267,12.0,16.5,26.25
66,1,16,23.49,19.924103493005653,14.0,17.0,27.25
67,1,17,23.98,19.312679772626062,12.75,18.5,27.0
68,1,18,27.69,33.682842813515606,13.0,17.5,29.0
69,1,19,27.17,34.91877861552434,12.0,17.0,27.0
70,1,20,29.16,35.0076334532913,13.0,19.0,31.0
71,1,21,23.97,18.092238667450747,13.0,20.0,26.0
72,1,22,31.87,78.40735360921192,12.75,16.5,29.5
73,1,23,25.31,22.713297867108594,12.0,17.0,31.25
74,1,24,28.95,43.79323577905611,13.75,17.5,30.25
75,1,25,665.83,711.4323447103035,141.75,355.0,1010.0
76,1,26,155.66,232.0324210105131,20.75,70.0,157.25
77,1,27,91.44,132.9832560888776,11.0,32.0,96.25
78,1,28,63.03,112.92346567476577,9.0,15.5,62.25
79,1,29,33.13,49.14441066896621,10.0,16.5,30.0
80,1,30,52.39,119.82795124677713,9.0,13.0,43.5
81,1,31,30.83,39.51304974309121,9.0,13.0,34.0
82,1,32,59.65,145.0118184838739,9.0,14.5,40.0
83,1,33,46.58,148.4712214538562,8.0,14.0,25.25
84,1,34,28.87,47.277617325749404,8.0,11.5,25.5
85,1,35,24.28,35.39804514376465,8.0,13.0,25.0
86,1,36,33.23,59.45281406291883,9.0,12.5,30.0
87,1,37,24.54,60.42605729319099,8.75,12.5,21.25
88,1,38,22.27,27.67231649139623,9.0,13.0,20.25
89,1,39,26.29,55.44912893815376,9.0,14.0,23.5
90,1,40,33.13,64.54187090563768,9.0,15.5,28.0
91,1,41,29.52,55.49945585318833,9.0,15.0,26.5
92,1,42,31.26,52.4864973112133,9.0,13.5,26.25
93,1,43,25.63,37.05581061048321,8.0,13.0,27.25
94,1,44,26.35,39.18504178892757,8.0,12.0,27.0
95,1,45,24.97,30.921984088994034,9.0,12.5,23.75
96,1,46,27.33,52.874200703178495,8.75,12.0,21.0
97,1,47,35.35,97.58548816294358,8.0,13.0,23.0
98,1,48,27.4,50.95762945820772,9.0,14.0,23.0
99,1,49,29.1,64.21487366646453,9.0,14.0,26.0
100,2,0,114.6,100.63518271459539,43.75,82.5,164.5
101,2,1,56.85,75.38532682160367,17.75,31.0,62.25
102,2,2,39.26,44.42738344759908,16.0,22.5,39.25
103,2,3,52.61,95.24115654484673,13.0,21.0,45.25
104,2,4,65.31,146.91076849570968,14.75,22.0,42.0
105,2,5,44.63,57.7895587455035,13.0,23.0,48.0
106,2,6,38.37,52.73076047242255,14.0,18.0,43.0
107,2,7,35.08,56.43096313195443,11.75,19.0,35.25
108,2,8,54.43,97.7647436451403,14.0,20.5,36.5
109,2,9,45.71,71.75350792818425,13.0,20.5,38.5
110,2,10,51.31,188.93409935742147,14.0,18.0,31.5
111,2,11,36.42,45.971117019276356,13.0,23.5,38.25
112,2,12,46.71,94.23664839116468,13.75,20.0,35.75
113,2,13,44.92,66.41335407882966,12.0,23.0,38.0
114,2,14,32.76,45.36278651053085,13.0,18.0,32.5
115,2,15,37.99,63.296997559125984,12.0,17.5,31.75
116,2,16,31.91,37.19733727029396,12.0,18.5,34.25
117,2,17,33.12,66.2844295441999,12.0,18.0,33.5
118,2,18,33.43,39.89993859644398,12.0,19.0,36.5
119,2,19,30.4,29.119065919084697,13.75,21.0,34.0
120,2,20,48.83,128.503311630479,12.0,19.5,35.75
121,2,21,34.78,46.83066943788013,14.75,19.5,32.75
122,2,22,32.63,41.788432609993876,12.0,20.0,31.25
123,2,23,37.87,66.83511876251885,13.0,19.0,31.25
124,2,24,31.32,27.085376128088015,13.0,23.5,38.25
125,2,25,574.78,608.8156466451893,140.5,346.5,762.0
126,2,26,149.76,243.50581594697076,17.0,67.5,189.25
127,2,27,82.78,127.10708713521839,11.0,28.0,114.75
128,2,28,60.32,101.61179852753321,10.0,21.0,53.5
129,2,29,51.02,94.95282828857707,9.75,19.5,39.0
130,2,30,56.79,129.70522695712765,9.0,19.5,49.5
131,2,31,33.59,64.02750893170841,9.0,16.0,25.0
132,2,32,30.13,52.97294686913312,8.0,14.0,30.0
133,2,33,32.29,47.26019360942145,9.0,18.0,30.0
134,2,34,33.65,103.58237060426838,9.0,13.0,22.25
135,2,35,27.08,37.83429132414138,8.0,14.5,30.0
136,2,36,28.87,53.57007653531961,8.75,14.0,25.25
137,2,37,32.13,77.97828608016464,7.75,12.0,28.75
138,2,38,22.78,25.58576948227276,8.0,14.0,26.0
139,2,39,27.77,61.68092979195434,9.0,13.0,29.5
140,2,40,28.16,44.86707478764355,9.0,16.5,27.0
141,2,41,23.05,38.640231624564564,8.75,13.5,24.5
142,2,42,24.57,40.83779009691881,9.0,14.0,22.25
143,2,43,22.79,34.12485750886002,9.0,13.0,21.5
144,2,44,20.0,24.153260649444412,8.0,12.5,21.25
145,2,45,30.14,46.33897279828288,8.0,16.0,25.0
146,2,46,23.68,33.2111065759634,8.0,12.0,19.5
147,2,47,19.49,22.217783417793957,8.0,13.0,21.0
148,2,48,30.34,69.67771810270483,8.0,14.0,26.25
149,2,49,29.32,65.50326404080944,8.0,13.0,24.0
150,4,0,114.6,100.63518271459539,43.75,82.5,164.5
151,4,1,71.63,233.483817640538,15.0,22.5,40.0
152,4,2,51.79,191.00341855579444,14.0,21.0,32.0
153,4,3,59.68,173.50509387334998,13.0,20.0,33.5
154,4,4,75.96,238.2609040526792,12.0,18.0,28.25
155,4,5,83.97,281.14898025779854,12.0,17.5,34.5
156,4,6,104.91,377.59295795869923,12.0,19.0,38.75
157,4,7,139.64,475.4969720198017,13.0,20.0,30.75
158,4,8,73.61,196.78495343902694,12.0,19.5,30.0
159,4,9,47.61,104.59119418000734,13.0,18.0,30.25
160,4,10,81.96,275.5789150134676,12.0,18.5,32.5
161,4,11,93.82,268.75317226034747,13.0,19.0,37.0
162,4,12,88.38,395.85079967078497,13.0,19.0,31.0
163,4,13,65.31,161.71306038783635,11.75,18.0,32.0
164,4,14,81.7,230.14580161280372,12.0,19.0,33.0
165,4,15,90.9,369.837896922422,14.0,20.0,35.0
166,4,16,117.67,416.2283521097523,12.0,18.5,31.0
167,4,17,76.04,226.34499861936428,11.75,15.5,32.0
168,4,18,101.06,340.5462030327163,12.0,17.0,30.0
169,4,19,95.81,427.7978890784759,11.0,16.5,24.25
170,4,20,69.39,211.24047410475103,11.0,16.0,29.5
171,4,21,115.03,359.28808649884286,13.0,17.5,34.25
172,4,22,156.65,507.2198019596632,14.0,21.0,36.5
173,4,23,149.16,445.29681606766513,12.0,17.5,41.25
174,4,24,120.06,527.2426541925454,13.0,17.0,27.0
175,4,25,479.45,772.0335144927325,93.75,196.0,547.5
176,4,26,40.14,150.35258694149562,7.0,9.5,16.5
177,4,27,78.95,343.633914944378,6.0,9.0,18.0
178,4,28,24.73,48.31870341803472,6.0,9.0,20.0
179,4,29,48.34,158.37564332939584,6.0,10.0,17.25
180,4,30,41.05,130.0966083339608,7.0,9.0,17.0
181,4,31,34.63,102.24056484585753,6.0,8.0,15.25
182,4,32,51.36,240.29484056050805,6.0,9.0,16.0
183,4,33,47.44,200.87540018628462,6.0,8.0,14.25
184,4,34,40.82,151.86206767985217,6.0,7.5,16.0
185,4,35,41.25,182.9791449865257,6.0,9.0,15.0
186,4,36,56.6,213.57176779715059,6.0,7.0,11.25
187,4,37,59.85,253.9070843832444,6.0,9.0,17.0
188,4,38,50.91,163.29501492697196,6.0,8.0,16.0
189,4,39,43.46,116.24675651389161,6.0,8.0,18.0
190,4,40,51.11,200.043839945148,6.0,8.0,12.0
191,4,41,49.55,156.24675196624088,6.0,8.0,14.0
192,4,42,42.71,174.59400304706918,6.0,7.0,14.0
193,4,43,34.97,101.04033402557613,6.0,8.0,14.0
194,4,44,85.57,377.41208923403605,6.0,8.0,13.25
195,4,45,94.84,713.7258678232138,6.0,8.0,13.0
196,4,46,58.98,324.22634007742175,6.0,7.0,13.0
197,4,47,46.07,246.57158210142543,6.0,7.5,11.0
198,4,48,95.14,526.0844802880996,6.0,8.0,15.0
199,4,49,32.3,130.58104762943205,6.0,7.5,13.0
