,Replay type,Individual,Convergence trial,Performance at Convergence,Time to Convergence
0,0,0,3.0,6.0,383.0
1,0,1,2.0,8.0,357.0
2,0,2,10.0,8.0,1656.0
3,0,3,4.0,10.0,376.0
4,0,4,10.0,8.0,1309.0
5,0,5,7.0,7.0,859.0
6,0,6,4.0,18.0,872.0
7,0,7,4.0,15.0,928.0
8,0,8,6.0,7.0,896.0
9,0,9,4.0,20.0,263.0
10,0,10,2.0,55.0,1033.0
11,0,11,7.0,10.0,780.0
12,0,12,1.0,8.0,603.0
13,0,13,8.0,22.0,873.0
14,0,14,10.0,7.0,1685.0
15,0,15,6.0,6.0,963.0
16,0,16,16.0,15.0,1313.0
17,0,17,2.0,14.0,1826.0
18,0,18,2.0,6.0,425.0
19,0,19,6.0,15.0,1403.0
20,0,20,1.0,107.0,683.0
21,0,21,2.0,8.0,352.0
22,0,22,4.0,9.0,1330.0
23,0,23,1.0,16.0,596.0
24,0,24,7.0,69.0,652.0
25,0,25,6.0,7.0,1261.0
26,0,26,6.0,19.0,387.0
27,0,27,10.0,15.0,1043.0
28,0,28,2.0,6.0,273.0
29,0,29,4.0,18.0,563.0
30,0,30,4.0,18.0,747.0
31,0,31,5.0,20.0,753.0
32,0,32,6.0,6.0,409.0
33,0,33,8.0,10.0,1445.0
34,0,34,2.0,17.0,1291.0
35,0,35,2.0,23.0,123.0
36,0,36,5.0,16.0,581.0
37,0,37,1.0,22.0,472.0
38,0,38,7.0,7.0,646.0
39,0,39,2.0,28.0,219.0
40,0,40,8.0,15.0,737.0
41,0,41,3.0,6.0,678.0
42,0,42,8.0,32.0,999.0
43,0,43,9.0,8.0,3946.0
44,0,44,2.0,7.0,532.0
45,0,45,6.0,13.0,720.0
46,0,46,1.0,8.0,365.0
47,0,47,5.0,6.0,737.0
48,0,48,3.0,9.0,242.0
49,0,49,4.0,14.0,548.0
50,0,50,3.0,37.0,613.0
51,0,51,2.0,20.0,636.0
52,0,52,2.0,8.0,171.0
53,0,53,6.0,7.0,1650.0
54,0,54,1.0,6.0,338.0
55,0,55,7.0,18.0,2126.0
56,0,56,3.0,21.0,1740.0
57,0,57,6.0,10.0,1002.0
58,0,58,10.0,9.0,1896.0
59,0,59,6.0,12.0,855.0
60,0,60,2.0,6.0,524.0
61,0,61,4.0,8.0,1446.0
62,0,62,7.0,8.0,1692.0
63,0,63,6.0,16.0,794.0
64,0,64,5.0,17.0,1214.0
65,0,65,1.0,17.0,151.0
66,0,66,12.0,22.0,1389.0
67,0,67,1.0,6.0,234.0
68,0,68,2.0,16.0,260.0
69,0,69,12.0,17.0,1250.0
70,0,70,7.0,17.0,1302.0
71,0,71,7.0,6.0,1017.0
72,0,72,8.0,11.0,2177.0
73,0,73,10.0,9.0,2306.0
74,0,74,8.0,10.0,1257.0
75,0,75,6.0,17.0,1320.0
76,0,76,11.0,29.0,1135.0
77,0,77,1.0,21.0,224.0
78,0,78,8.0,9.0,1171.0
79,0,79,5.0,5.0,525.0
80,0,80,3.0,15.0,642.0
81,0,81,6.0,6.0,1092.0
82,0,82,10.0,21.0,778.0
83,0,83,5.0,27.0,193.0
84,0,84,6.0,21.0,363.0
85,0,85,3.0,19.0,225.0
86,0,86,4.0,14.0,699.0
87,0,87,1.0,6.0,596.0
88,0,88,3.0,26.0,131.0
89,0,89,2.0,10.0,703.0
90,0,90,12.0,6.0,1037.0
91,0,91,3.0,7.0,1303.0
92,0,92,4.0,13.0,246.0
93,0,93,4.0,22.0,716.0
94,0,94,10.0,20.0,2564.0
95,0,95,8.0,26.0,606.0
96,0,96,4.0,18.0,2570.0
97,0,97,7.0,14.0,2171.0
98,0,98,6.0,7.0,1631.0
99,0,99,2.0,7.0,575.0
100,1,0,1.0,8.0,226.0
101,1,1,0.0,20.0,20.0
102,1,2,2.0,6.0,168.0
103,1,3,1.0,12.0,1577.0
104,1,4,1.0,7.0,280.0
105,1,5,14.0,12.0,807.0
106,1,6,2.0,16.0,2319.0
107,1,7,2.0,14.0,1186.0
108,1,8,2.0,25.0,244.0
109,1,9,2.0,10.0,716.0
110,1,10,0.0,12.0,12.0
111,1,11,1.0,13.0,392.0
112,1,12,1.0,8.0,138.0
113,1,13,1.0,12.0,2599.0
114,1,14,1.0,10.0,74.0
115,1,15,6.0,48.0,384.0
116,1,16,1.0,7.0,152.0
117,1,17,1.0,10.0,164.0
118,1,18,0.0,18.0,18.0
119,1,19,1.0,9.0,1573.0
120,1,20,2.0,41.0,214.0
121,1,21,1.0,11.0,1062.0
122,1,22,3.0,13.0,241.0
123,1,23,1.0,10.0,1013.0
124,1,24,1.0,10.0,535.0
125,1,25,6.0,6.0,122.0
126,1,26,1.0,7.0,195.0
127,1,27,1.0,15.0,582.0
128,1,28,1.0,12.0,319.0
129,1,29,1.0,9.0,60.0
130,1,30,1.0,10.0,1078.0
131,1,31,1.0,12.0,922.0
132,1,32,1.0,7.0,129.0
133,1,33,1.0,8.0,1448.0
134,1,34,0.0,20.0,20.0
135,1,35,2.0,10.0,189.0
136,1,36,2.0,38.0,1483.0
137,1,37,2.0,13.0,208.0
138,1,38,1.0,8.0,203.0
139,1,39,1.0,21.0,1165.0
140,1,40,1.0,16.0,146.0
141,1,41,1.0,6.0,1402.0
142,1,42,3.0,16.0,3793.0
143,1,43,5.0,48.0,275.0
144,1,44,1.0,6.0,510.0
145,1,45,1.0,12.0,1155.0
146,1,46,1.0,5.0,118.0
147,1,47,1.0,8.0,327.0
148,1,48,1.0,9.0,239.0
149,1,49,1.0,7.0,532.0
150,1,50,0.0,11.0,11.0
151,1,51,3.0,20.0,1316.0
152,1,52,2.0,7.0,429.0
153,1,53,1.0,16.0,141.0
154,1,54,1.0,5.0,110.0
155,1,55,1.0,11.0,2100.0
156,1,56,1.0,8.0,384.0
157,1,57,2.0,18.0,1486.0
158,1,58,1.0,14.0,129.0
159,1,59,1.0,10.0,144.0
160,1,60,2.0,8.0,488.0
161,1,61,1.0,10.0,1297.0
162,1,62,1.0,18.0,245.0
163,1,63,1.0,16.0,411.0
164,1,64,8.0,21.0,425.0
165,1,65,1.0,8.0,333.0
166,1,66,1.0,15.0,442.0
167,1,67,2.0,7.0,806.0
168,1,68,1.0,6.0,257.0
169,1,69,1.0,8.0,99.0
170,1,70,1.0,14.0,427.0
171,1,71,1.0,15.0,1060.0
172,1,72,5.0,10.0,271.0
173,1,73,3.0,29.0,645.0
174,1,74,1.0,6.0,242.0
175,1,75,2.0,9.0,649.0
176,1,76,1.0,13.0,727.0
177,1,77,2.0,33.0,349.0
178,1,78,1.0,10.0,828.0
179,1,79,0.0,27.0,27.0
180,1,80,1.0,7.0,458.0
181,1,81,1.0,16.0,1314.0
182,1,82,1.0,6.0,1004.0
183,1,83,4.0,19.0,1949.0
184,1,84,1.0,14.0,121.0
185,1,85,1.0,6.0,314.0
186,1,86,1.0,12.0,1749.0
187,1,87,4.0,14.0,932.0
188,1,88,6.0,27.0,1785.0
189,1,89,4.0,15.0,819.0
190,1,90,1.0,6.0,131.0
191,1,91,6.0,10.0,308.0
192,1,92,0.0,22.0,22.0
193,1,93,1.0,12.0,364.0
194,1,94,8.0,6.0,460.0
195,1,95,4.0,6.0,98.0
196,1,96,1.0,5.0,257.0
197,1,97,9.0,46.0,730.0
198,1,98,5.0,7.0,1513.0
199,1,99,1.0,11.0,793.0
200,2,0,1.0,8.0,226.0
201,2,1,2.0,35.0,72.0
202,2,2,6.0,9.0,237.0
203,2,3,1.0,12.0,1577.0
204,2,4,1.0,43.0,316.0
205,2,5,0.0,60.0,60.0
206,2,6,2.0,16.0,2319.0
207,2,7,2.0,14.0,1186.0
208,2,8,2.0,17.0,236.0
209,2,9,2.0,10.0,716.0
210,2,10,0.0,12.0,12.0
211,2,11,1.0,13.0,392.0
212,2,12,1.0,8.0,138.0
213,2,13,1.0,12.0,2599.0
214,2,14,1.0,7.0,71.0
215,2,15,6.0,73.0,265.0
216,2,16,1.0,7.0,152.0
217,2,17,1.0,10.0,164.0
218,2,18,9.0,12.0,433.0
219,2,19,1.0,9.0,1573.0
220,2,20,2.0,25.0,182.0
221,2,21,1.0,11.0,1062.0
222,2,22,5.0,24.0,257.0
223,2,23,1.0,10.0,1013.0
224,2,24,1.0,10.0,535.0
225,2,25,0.0,10.0,10.0
226,2,26,1.0,7.0,195.0
227,2,27,1.0,15.0,582.0
228,2,28,1.0,12.0,319.0
229,2,29,2.0,10.0,194.0
230,2,30,1.0,10.0,1078.0
231,2,31,1.0,12.0,922.0
232,2,32,1.0,7.0,129.0
233,2,33,1.0,8.0,1448.0
234,2,34,9.0,15.0,413.0
235,2,35,2.0,7.0,187.0
236,2,36,2.0,38.0,1483.0
237,2,37,2.0,13.0,208.0
238,2,38,1.0,8.0,203.0
239,2,39,1.0,21.0,1165.0
240,2,40,1.0,16.0,146.0
241,2,41,1.0,6.0,1402.0
242,2,42,3.0,16.0,3793.0
243,2,43,10.0,9.0,657.0
244,2,44,1.0,6.0,510.0
245,2,45,1.0,12.0,1155.0
246,2,46,1.0,5.0,118.0
247,2,47,1.0,8.0,263.0
248,2,48,1.0,9.0,239.0
249,2,49,1.0,7.0,532.0
250,2,50,0.0,11.0,11.0
251,2,51,3.0,20.0,1316.0
252,2,52,3.0,7.0,145.0
253,2,53,1.0,15.0,286.0
254,2,54,1.0,5.0,110.0
255,2,55,1.0,11.0,2100.0
256,2,56,1.0,8.0,384.0
257,2,57,2.0,18.0,1486.0
258,2,58,1.0,14.0,129.0
259,2,59,1.0,10.0,144.0
260,2,60,2.0,8.0,488.0
261,2,61,1.0,10.0,1297.0
262,2,62,1.0,18.0,245.0
263,2,63,1.0,16.0,411.0
264,2,64,1.0,16.0,223.0
265,2,65,1.0,8.0,333.0
266,2,66,1.0,15.0,442.0
267,2,67,2.0,7.0,806.0
268,2,68,1.0,6.0,257.0
269,2,69,1.0,8.0,99.0
270,2,70,1.0,14.0,427.0
271,2,71,1.0,15.0,1060.0
272,2,72,5.0,20.0,272.0
273,2,73,5.0,32.0,727.0
274,2,74,1.0,6.0,242.0
275,2,75,2.0,9.0,649.0
276,2,76,2.0,23.0,1318.0
277,2,77,2.0,33.0,349.0
278,2,78,1.0,10.0,828.0
279,2,79,5.0,28.0,209.0
280,2,80,1.0,7.0,458.0
281,2,81,1.0,16.0,1314.0
282,2,82,1.0,6.0,1004.0
283,2,83,4.0,19.0,1949.0
284,2,84,1.0,14.0,121.0
285,2,85,1.0,6.0,314.0
286,2,86,1.0,12.0,1749.0
287,2,87,4.0,14.0,932.0
288,2,88,6.0,27.0,1785.0
289,2,89,4.0,16.0,819.0
290,2,90,1.0,6.0,131.0
291,2,91,3.0,10.0,169.0
292,2,92,0.0,22.0,22.0
293,2,93,1.0,12.0,364.0
294,2,94,5.0,11.0,253.0
295,2,95,1.0,12.0,22.0
296,2,96,1.0,6.0,258.0
297,2,97,12.0,36.0,1043.0
298,2,98,5.0,7.0,1513.0
299,2,99,1.0,11.0,793.0
300,3,0,,,
301,3,1,,,
302,3,2,,,
303,3,3,,,
304,3,4,,,
305,3,5,,,
306,3,6,,,
307,3,7,,,
308,3,8,,,
309,3,9,,,
310,3,10,,,
311,3,11,,,
312,3,12,,,
313,3,13,,,
314,3,14,,,
315,3,15,,,
316,3,16,,,
317,3,17,,,
318,3,18,,,
319,3,19,,,
320,3,20,,,
321,3,21,,,
322,3,22,,,
323,3,23,,,
324,3,24,,,
325,3,25,,,
326,3,26,,,
327,3,27,,,
328,3,28,,,
329,3,29,,,
330,3,30,,,
331,3,31,,,
332,3,32,,,
333,3,33,,,
334,3,34,,,
335,3,35,,,
336,3,36,,,
337,3,37,,,
338,3,38,,,
339,3,39,,,
340,3,40,,,
341,3,41,,,
342,3,42,,,
343,3,43,,,
344,3,44,,,
345,3,45,,,
346,3,46,,,
347,3,47,,,
348,3,48,,,
349,3,49,,,
350,3,50,,,
351,3,51,,,
352,3,52,,,
353,3,53,,,
354,3,54,,,
355,3,55,,,
356,3,56,,,
357,3,57,,,
358,3,58,,,
359,3,59,,,
360,3,60,,,
361,3,61,,,
362,3,62,,,
363,3,63,,,
364,3,64,,,
365,3,65,,,
366,3,66,,,
367,3,67,,,
368,3,68,,,
369,3,69,,,
370,3,70,,,
371,3,71,,,
372,3,72,,,
373,3,73,,,
374,3,74,,,
375,3,75,,,
376,3,76,,,
377,3,77,,,
378,3,78,,,
379,3,79,,,
380,3,80,,,
381,3,81,,,
382,3,82,,,
383,3,83,,,
384,3,84,,,
385,3,85,,,
386,3,86,,,
387,3,87,,,
388,3,88,,,
389,3,89,,,
390,3,90,,,
391,3,91,,,
392,3,92,,,
393,3,93,,,
394,3,94,,,
395,3,95,,,
396,3,96,,,
397,3,97,,,
398,3,98,,,
399,3,99,,,
400,4,0,1.0,7.0,124.0
401,4,1,5.0,21.0,218.0
402,4,2,1.0,6.0,42.0
403,4,3,3.0,28.0,409.0
404,4,4,1.0,6.0,263.0
405,4,5,1.0,5.0,41.0
406,4,6,1.0,10.0,797.0
407,4,7,2.0,6.0,1283.0
408,4,8,5.0,22.0,1117.0
409,4,9,2.0,13.0,1769.0
410,4,10,1.0,6.0,103.0
411,4,11,1.0,14.0,280.0
412,4,12,1.0,8.0,90.0
413,4,13,5.0,8.0,2076.0
414,4,14,1.0,5.0,43.0
415,4,15,0.0,35.0,35.0
416,4,16,1.0,7.0,124.0
417,4,17,1.0,8.0,109.0
418,4,18,1.0,6.0,136.0
419,4,19,3.0,11.0,1092.0
420,4,20,1.0,6.0,57.0
421,4,21,6.0,7.0,1229.0
422,4,22,1.0,6.0,31.0
423,4,23,4.0,22.0,2484.0
424,4,24,1.0,8.0,527.0
425,4,25,1.0,5.0,74.0
426,4,26,1.0,10.0,306.0
427,4,27,1.0,9.0,854.0
428,4,28,1.0,13.0,643.0
429,4,29,1.0,8.0,54.0
430,4,30,1.0,25.0,283.0
431,4,31,7.0,28.0,2021.0
432,4,32,1.0,5.0,224.0
433,4,33,1.0,8.0,99.0
434,4,34,3.0,18.0,110.0
435,4,35,1.0,9.0,43.0
436,4,36,1.0,5.0,237.0
437,4,37,1.0,13.0,1491.0
438,4,38,1.0,6.0,85.0
439,4,39,1.0,7.0,173.0
440,4,40,1.0,24.0,112.0
441,4,41,3.0,13.0,2055.0
442,4,42,10.0,41.0,3188.0
443,4,43,6.0,15.0,171.0
444,4,44,2.0,12.0,519.0
445,4,45,2.0,14.0,1327.0
446,4,46,1.0,11.0,166.0
447,4,47,1.0,7.0,174.0
448,4,48,2.0,5.0,602.0
449,4,49,1.0,6.0,122.0
450,4,50,1.0,6.0,330.0
451,4,51,4.0,21.0,1549.0
452,4,52,1.0,6.0,118.0
453,4,53,1.0,8.0,536.0
454,4,54,1.0,7.0,115.0
455,4,55,1.0,9.0,2736.0
456,4,56,1.0,9.0,356.0
457,4,57,3.0,9.0,1546.0
458,4,58,1.0,12.0,85.0
459,4,59,1.0,6.0,164.0
460,4,60,3.0,16.0,192.0
461,4,61,2.0,13.0,183.0
462,4,62,4.0,25.0,434.0
463,4,63,2.0,13.0,410.0
464,4,64,1.0,8.0,722.0
465,4,65,2.0,15.0,1921.0
466,4,66,2.0,10.0,1405.0
467,4,67,1.0,7.0,1584.0
468,4,68,1.0,6.0,257.0
469,4,69,1.0,6.0,233.0
470,4,70,1.0,6.0,390.0
471,4,71,1.0,14.0,1066.0
472,4,72,1.0,9.0,63.0
473,4,73,2.0,18.0,1482.0
474,4,74,1.0,5.0,229.0
475,4,75,1.0,6.0,314.0
476,4,76,4.0,19.0,2280.0
477,4,77,1.0,25.0,88.0
478,4,78,2.0,12.0,3036.0
479,4,79,0.0,27.0,27.0
480,4,80,1.0,7.0,285.0
481,4,81,1.0,12.0,1186.0
482,4,82,4.0,28.0,877.0
483,4,83,1.0,5.0,107.0
484,4,84,1.0,6.0,166.0
485,4,85,1.0,5.0,488.0
486,4,86,2.0,9.0,1435.0
487,4,87,1.0,21.0,614.0
488,4,88,1.0,7.0,1894.0
489,4,89,2.0,9.0,1714.0
490,4,90,1.0,6.0,138.0
491,4,91,1.0,6.0,78.0
492,4,92,0.0,22.0,22.0
493,4,93,1.0,6.0,75.0
494,4,94,1.0,5.0,66.0
495,4,95,1.0,8.0,149.0
496,4,96,1.0,5.0,229.0
497,4,97,1.0,32.0,967.0
498,4,98,2.0,6.0,359.0
499,4,99,1.0,24.0,1038.0
