,alpha,Mean D,STD D,Q1 D,Q2 D,Q3 D,Mean S,STD S,Q1 S,Q2 S,Q3 S,Mean tot,STD tot,Q1 tot,Q2 tot,Q3 tot
0,0.0,97.62915000000001,43.690799503757084,89.93499999999999,115.54,127.16,107.37075,42.212465806175075,97.555,111.72,125.38499999999999,102.49995000000001,43.23324887164392,95.62,113.08,126.6
1,0.1,56.9348,40.11435372731312,22.775,48.6,81.37,82.53025,53.60343531843365,45.325,71.99000000000001,98.68499999999999,69.73252500000001,49.04107045757031,31.525,62.54,89.94
2,0.2,44.16075,26.436258745092886,20.625,38.3,63.015,68.45705,46.43878101648987,36.84,61.58,81.625,56.308899999999994,39.68999405127192,28.189999999999998,48.099999999999994,74.135
3,0.3,38.751000000000005,23.692531629186444,19.335,32.019999999999996,51.675,63.957950000000004,46.946743899843575,35.63,54.129999999999995,73.125,51.354475,39.26211903316446,25.905,43.019999999999996,64.6
4,0.4,35.3407,20.979086574729607,18.740000000000002,29.46,46.82,60.24545,46.47219346337656,34.72,46.230000000000004,68.03999999999999,47.793075,38.14387319799046,25.31,39.14,56.34
5,0.5,33.29295,18.32920536459505,18.835,28.409999999999997,43.24000000000001,56.688500000000005,45.106632214675486,33.105,44.78,61.464999999999996,44.990725000000005,36.3609950286619,23.295,37.510000000000005,51.89
6,0.6,30.863400000000002,16.334145537492926,18.43,25.12,39.919999999999995,58.096599999999995,46.11926352881191,33.21,44.47,64.32499999999999,44.48,37.17939193962161,23.015,36.19,51.545
7,0.7,30.50875,17.645373740374556,17.950000000000003,23.78,37.15,56.7243,44.719113715613815,33.11,43.61,62.585,43.616525,36.433404156410845,21.985,34.95,51.605000000000004
8,0.8,28.626099999999997,14.352830410410347,17.92,23.880000000000003,35.565,57.826350000000005,44.760955605052715,32.400000000000006,46.04,63.38,43.22622499999999,36.30340333562922,22.049999999999997,33.84,51.515
9,0.9,29.7046,15.3833742995482,18.235,24.32,38.325,60.59025,46.457683303598984,32.845,46.92,68.30499999999999,45.147425000000005,37.89410396578042,22.325,35.739999999999995,52.474999999999994
10,1.0,29.103450000000002,15.293446998551373,17.615000000000002,23.259999999999998,38.84,64.06675,46.64631742632531,37.415,51.08,73.495,46.585100000000004,38.86505257927744,21.425,38.120000000000005,56.0
