,Replay type,alpha,Mean,STD,Q1,Q2,Q3
0,0,0.0,121.4524,14.111310578397742,111.30499999999999,122.55,129.975
1,0,0.1,81.37379999999999,13.524853772222457,72.60000000000001,81.53999999999999,88.62
2,0,0.2,62.9246,16.205503967479693,51.78999999999999,62.4,73.325
3,0,0.3,54.88080000000001,18.69988169374341,40.575,51.230000000000004,66.16999999999999
4,0,0.4,45.211800000000004,14.319199445499736,35.14,42.739999999999995,51.68
5,0,0.5,39.769800000000004,13.543082217870495,30.165,36.92,44.934999999999995
6,0,0.6,37.7174,12.86674493568595,29.16,36.22,44.11
7,0,0.7,35.551,14.196534330603367,25.115000000000002,32.01,40.21
8,0,0.8,35.2956,13.376538739150723,26.495,31.78,41.394999999999996
9,0,0.9,33.951,11.569900388508106,24.935000000000002,31.5,41.455
10,0,1.0,34.0844,14.033111010748827,23.28,29.990000000000002,41.260000000000005
11,1,0.0,121.4524,14.111310578397742,111.30499999999999,122.55,129.975
12,1,0.1,59.17960000000001,44.35421224461099,24.655,45.39,80.585
13,1,0.2,44.0384,29.153231406483915,21.015,33.86,64.785
14,1,0.3,36.6004,24.300764264524684,19.915,26.1,46.2
15,1,0.4,35.2314,24.722656856414115,18.35,25.86,43.44500000000001
16,1,0.5,33.6024,20.48741746145668,18.39,23.93,44.32
17,1,0.6,29.4104,16.611675286978134,18.205000000000002,22.27,37.465
18,1,0.7,30.0818,19.506833488805917,17.689999999999998,21.64,35.145
19,1,0.8,26.457600000000003,13.437190265825665,17.305,21.27,32.015
20,1,0.9,29.371199999999998,16.6707752237261,17.78,22.58,38.325
21,1,1.0,28.1922,15.351936658285167,17.475,20.990000000000002,36.785000000000004
22,2,0.0,121.4524,14.111310578397742,111.30499999999999,122.55,129.975
23,2,0.1,61.0264,49.92662318883583,24.695,45.72,84.22
24,2,0.2,43.520599999999995,27.90750285568381,21.695,34.84,60.6
25,2,0.3,37.3634,25.539625064593253,19.3,26.22,47.989999999999995
26,2,0.4,34.760200000000005,23.1206736052391,18.255000000000003,26.67,44.765
27,2,0.5,33.64020000000001,20.49503754473263,18.075,23.93,44.239999999999995
28,2,0.6,30.1664,18.067227541601394,17.845000000000002,22.33,37.315
29,2,0.7,30.242800000000003,19.77864687383846,17.535,21.12,36.915
30,2,0.8,26.5918,13.323955297133056,17.435000000000002,21.369999999999997,32.825
31,2,0.9,29.336799999999997,16.624650064287067,18.125,21.62,38.325
32,2,1.0,27.977800000000002,15.484943111293628,17.060000000000002,20.880000000000003,36.785000000000004
33,3,0.0,121.4524,14.111310578397742,111.30499999999999,122.55,129.975
34,3,0.1,189.9202,124.06330421184178,90.735,176.69,264.895
35,3,0.2,140.2996,98.46321652190731,60.505,128.64,201.37999999999997
36,3,0.3,99.2978,70.35209562735143,40.24,76.73,142.19
37,3,0.4,92.8748,81.19506007732244,37.754999999999995,69.28,113.36000000000001
38,3,0.5,83.75299999999999,59.56921731062109,33.74,72.62,105.59
39,3,0.6,76.8664,54.17851410882362,37.155,63.85,100.12499999999999
40,3,0.7,79.65899999999999,62.27814823033838,32.650000000000006,62.620000000000005,106.16
41,3,0.8,72.05160000000001,46.991557895434795,31.27,66.4,94.88
42,3,0.9,63.8658,43.63533726648621,29.485,50.26,94.105
43,3,1.0,56.1154,43.04896726798449,25.1,43.33,73.59
44,4,0.0,26.159400000000005,15.086076350065314,15.34,19.310000000000002,34.199999999999996
45,4,0.1,26.159400000000005,15.086076350065314,15.34,19.310000000000002,34.199999999999996
46,4,0.2,26.159400000000005,15.086076350065314,15.34,19.310000000000002,34.199999999999996
47,4,0.3,26.159400000000005,15.086076350065314,15.34,19.310000000000002,34.199999999999996
48,4,0.4,26.159400000000005,15.086076350065314,15.34,19.310000000000002,34.199999999999996
49,4,0.5,26.159400000000005,15.086076350065314,15.34,19.310000000000002,34.199999999999996
50,4,0.6,26.159400000000005,15.086076350065314,15.34,19.310000000000002,34.199999999999996
51,4,0.7,26.159400000000005,15.086076350065314,15.34,19.310000000000002,34.199999999999996
52,4,0.8,26.159400000000005,15.086076350065314,15.34,19.310000000000002,34.199999999999996
53,4,0.9,26.159400000000005,15.086076350065314,15.34,19.310000000000002,34.199999999999996
54,4,1.0,26.159400000000005,15.086076350065314,15.34,19.310000000000002,34.199999999999996
