,Replay type,Trial,Performance
0,0,0,83
1,0,1,51
2,0,2,62
3,0,3,93
4,0,4,37
5,0,5,23
6,0,6,16
7,0,7,13
8,0,8,6
9,0,9,6
10,0,10,6
11,0,11,6
12,0,12,6
13,0,13,6
14,0,14,6
15,0,15,6
16,0,16,6
17,0,17,6
18,0,18,6
19,0,19,6
20,0,20,6
21,0,21,6
22,0,22,6
23,0,23,6
24,0,24,6
25,0,25,161
26,0,26,83
27,0,27,133
28,0,28,6
29,0,29,6
30,0,30,6
31,0,31,6
32,0,32,6
33,0,33,6
34,0,34,6
35,0,35,6
36,0,36,6
37,0,37,6
38,0,38,6
39,0,39,6
40,0,40,6
41,0,41,6
42,0,42,6
43,0,43,6
44,0,44,6
45,0,45,6
46,0,46,6
47,0,47,6
48,0,48,6
49,0,49,6
50,1,0,83
51,1,1,10
52,1,2,9
53,1,3,13
54,1,4,11
55,1,5,13
56,1,6,15
57,1,7,11
58,1,8,14
59,1,9,11
60,1,10,20
61,1,11,9
62,1,12,11
63,1,13,14
64,1,14,8
65,1,15,18
66,1,16,11
67,1,17,10
68,1,18,11
69,1,19,11
70,1,20,11
71,1,21,9
72,1,22,11
73,1,23,7
74,1,24,19
75,1,25,218
76,1,26,8
77,1,27,9
78,1,28,8
79,1,29,7
80,1,30,7
81,1,31,7
82,1,32,7
83,1,33,8
84,1,34,7
85,1,35,7
86,1,36,9
87,1,37,7
88,1,38,7
89,1,39,7
90,1,40,9
91,1,41,7
92,1,42,9
93,1,43,7
94,1,44,7
95,1,45,9
96,1,46,8
97,1,47,8
98,1,48,7
99,1,49,9
100,2,0,83
101,2,1,10
102,2,2,9
103,2,3,13
104,2,4,11
105,2,5,13
106,2,6,15
107,2,7,11
108,2,8,14
109,2,9,11
110,2,10,20
111,2,11,9
112,2,12,11
113,2,13,14
114,2,14,8
115,2,15,18
116,2,16,11
117,2,17,10
118,2,18,11
119,2,19,11
120,2,20,11
121,2,21,9
122,2,22,11
123,2,23,7
124,2,24,19
125,2,25,218
126,2,26,8
127,2,27,9
128,2,28,8
129,2,29,7
130,2,30,7
131,2,31,7
132,2,32,7
133,2,33,8
134,2,34,7
135,2,35,7
136,2,36,9
137,2,37,7
138,2,38,7
139,2,39,7
140,2,40,9
141,2,41,7
142,2,42,9
143,2,43,7
144,2,44,7
145,2,45,9
146,2,46,8
147,2,47,8
148,2,48,7
149,2,49,9
150,4,0,83
151,4,1,10
152,4,2,9
153,4,3,13
154,4,4,11
155,4,5,13
156,4,6,15
157,4,7,11
158,4,8,14
159,4,9,11
160,4,10,20
161,4,11,9
162,4,12,11
163,4,13,14
164,4,14,8
165,4,15,18
166,4,16,11
167,4,17,10
168,4,18,11
169,4,19,11
170,4,20,11
171,4,21,9
172,4,22,11
173,4,23,7
174,4,24,19
175,4,25,117
176,4,26,7
177,4,27,8
178,4,28,7
179,4,29,7
180,4,30,7
181,4,31,7
182,4,32,8
183,4,33,7
184,4,34,7
185,4,35,7
186,4,36,7
187,4,37,7
188,4,38,7
189,4,39,7
190,4,40,7
191,4,41,7
192,4,42,7
193,4,43,7
194,4,44,7
195,4,45,7
196,4,46,7
197,4,47,7
198,4,48,7
199,4,49,7
