,Replay type,Trial,Performance
0,0,0,273
1,0,1,61
2,0,2,27
3,0,3,116
4,0,4,30
5,0,5,19
6,0,6,22
7,0,7,12
8,0,8,6
9,0,9,7
10,0,10,6
11,0,11,6
12,0,12,6
13,0,13,6
14,0,14,6
15,0,15,6
16,0,16,6
17,0,17,6
18,0,18,6
19,0,19,6
20,0,20,6
21,0,21,6
22,0,22,6
23,0,23,6
24,0,24,6
50,1,0,273
51,1,1,11
52,1,2,7
53,1,3,10
54,1,4,11
55,1,5,11
56,1,6,8
57,1,7,7
58,1,8,9
59,1,9,11
60,1,10,7
61,1,11,8
62,1,12,8
63,1,13,7
64,1,14,10
65,1,15,9
66,1,16,8
67,1,17,8
68,1,18,8
69,1,19,8
70,1,20,8
71,1,21,8
72,1,22,9
73,1,23,9
74,1,24,8
100,2,0,273
101,2,1,11
102,2,2,7
103,2,3,10
104,2,4,11
105,2,5,11
106,2,6,8
107,2,7,7
108,2,8,9
109,2,9,11
110,2,10,7
111,2,11,8
112,2,12,8
113,2,13,7
114,2,14,10
115,2,15,9
116,2,16,8
117,2,17,8
118,2,18,8
119,2,19,8
120,2,20,8
121,2,21,8
122,2,22,9
123,2,23,9
124,2,24,8
150,4,0,273
151,4,1,11
152,4,2,11
153,4,3,13
154,4,4,15
155,4,5,8
156,4,6,8
157,4,7,16
158,4,8,7
159,4,9,11
160,4,10,13
161,4,11,12
162,4,12,10
163,4,13,9
164,4,14,7
165,4,15,11
166,4,16,11
167,4,17,8
168,4,18,8
169,4,19,9
170,4,20,16
171,4,21,11
172,4,22,10
173,4,23,14
174,4,24,18
