,Replay type,Trial,Performance
0,0,0,83
1,0,1,51
2,0,2,62
3,0,3,93
4,0,4,37
5,0,5,23
6,0,6,16
7,0,7,13
8,0,8,6
9,0,9,6
10,0,10,6
11,0,11,6
12,0,12,6
13,0,13,6
14,0,14,6
15,0,15,6
16,0,16,6
17,0,17,6
18,0,18,6
19,0,19,6
20,0,20,6
21,0,21,6
22,0,22,6
23,0,23,6
24,0,24,6
50,1,0,83
51,1,1,10
52,1,2,9
53,1,3,13
54,1,4,11
55,1,5,13
56,1,6,15
57,1,7,11
58,1,8,14
59,1,9,11
60,1,10,20
61,1,11,9
62,1,12,11
63,1,13,14
64,1,14,8
65,1,15,18
66,1,16,11
67,1,17,10
68,1,18,11
69,1,19,11
70,1,20,11
71,1,21,9
72,1,22,11
73,1,23,7
74,1,24,19
100,2,0,83
101,2,1,10
102,2,2,9
103,2,3,13
104,2,4,11
105,2,5,13
106,2,6,15
107,2,7,11
108,2,8,14
109,2,9,11
110,2,10,20
111,2,11,9
112,2,12,11
113,2,13,14
114,2,14,8
115,2,15,18
116,2,16,11
117,2,17,10
118,2,18,11
119,2,19,11
120,2,20,11
121,2,21,9
122,2,22,11
123,2,23,7
124,2,24,19
150,4,0,83
151,4,1,10
152,4,2,9
153,4,3,13
154,4,4,11
155,4,5,13
156,4,6,15
157,4,7,11
158,4,8,14
159,4,9,11
160,4,10,20
161,4,11,9
162,4,12,11
163,4,13,14
164,4,14,8
165,4,15,18
166,4,16,11
167,4,17,10
168,4,18,11
169,4,19,11
170,4,20,11
171,4,21,9
172,4,22,11
173,4,23,7
174,4,24,19
