,Unnamed: 0,Replay type,Trial,Mean,STD,Q1,Q2,Q3
25,25,0,0,535.39,572.4460480254886,141.75,370.0,672.0
26,26,0,1,169.66,231.9267220481504,31.5,78.0,196.25
27,27,0,2,99.69,134.59849144771275,16.75,42.5,131.5
28,28,0,3,47.42,77.66121039489406,9.75,21.0,56.25
29,29,0,4,31.87,45.53298913974351,9.0,18.0,38.0
30,30,0,5,27.15,29.76251837462683,8.0,15.0,34.0
31,31,0,6,18.47,19.14912791747969,7.0,11.0,21.0
32,32,0,7,17.79,22.651399515261744,7.0,10.0,17.25
33,33,0,8,13.71,19.78954016646168,6.0,8.0,12.25
34,34,0,9,12.24,15.740470132750168,6.0,7.0,11.25
35,35,0,10,10.9,11.081967334368027,6.0,7.0,9.0
36,36,0,11,9.7,7.984359711335655,6.0,7.0,8.0
37,37,0,12,8.72,5.767287057187287,6.0,7.0,8.0
38,38,0,13,7.97,6.284035327717375,6.0,7.0,8.0
39,39,0,14,7.61,2.9661254187913224,6.0,7.0,8.0
40,40,0,15,7.92,5.049118734987324,6.0,7.0,8.0
41,41,0,16,7.21,1.850918690812754,6.0,7.0,8.0
42,42,0,17,7.24,2.3414525406251565,6.0,7.0,8.0
43,43,0,18,7.03,1.5129771974487916,6.0,7.0,7.25
44,44,0,19,7.09,1.772540549606694,6.0,7.0,7.25
45,45,0,20,7.13,1.9060692537261077,6.0,7.0,8.0
46,46,0,21,7.11,1.6726924403487928,6.0,7.0,7.25
47,47,0,22,7.13,1.6592468170829802,6.0,7.0,8.0
48,48,0,23,7.05,1.6147755261955143,6.0,7.0,7.25
49,49,0,24,6.98,1.4489996549343964,6.0,7.0,8.0
75,75,1,0,584.52,669.338770429444,106.5,307.5,932.0
76,76,1,1,31.85,69.49753592754206,8.0,10.5,16.0
77,77,1,2,12.46,8.781138878300467,7.0,10.0,14.25
78,78,1,3,12.65,10.077077949485158,8.0,10.0,14.25
79,79,1,4,14.75,18.991247984268966,7.0,10.0,14.0
80,80,1,5,14.06,19.086026301983345,7.0,9.0,12.25
81,81,1,6,14.4,15.64672489692332,7.0,9.5,14.0
82,82,1,7,13.25,12.916172033539969,7.0,10.0,12.25
83,83,1,8,11.09,7.031493440230177,7.0,9.0,12.0
84,84,1,9,11.28,9.66548498524518,7.0,9.0,12.25
85,85,1,10,11.16,7.3725436587381425,7.0,9.0,11.25
86,86,1,11,10.75,9.780976433874072,6.0,8.0,10.25
87,87,1,12,10.91,7.507456293579072,7.0,8.0,13.0
88,88,1,13,10.83,7.215337829928687,7.0,9.0,11.0
89,89,1,14,10.99,7.261535650260211,7.0,9.0,12.0
90,90,1,15,10.28,5.006156210107711,7.0,9.0,12.25
91,91,1,16,10.4,4.789572005931219,7.0,9.0,12.0
92,92,1,17,10.33,4.976052652454554,7.0,9.0,12.0
93,93,1,18,10.67,6.48236839434477,7.0,9.0,12.0
94,94,1,19,10.43,5.967000921736145,7.0,9.0,11.25
95,95,1,20,10.36,6.306377724177327,7.0,8.0,11.0
96,96,1,21,10.16,5.429033063078544,7.0,9.0,11.0
97,97,1,22,10.72,6.699373105000197,7.0,9.0,12.0
98,98,1,23,10.09,5.182846708132511,7.0,9.0,11.0
99,99,1,24,10.19,5.045185824129772,7.0,8.0,12.0
125,125,2,0,585.34,668.779413857813,106.5,303.0,932.0
126,126,2,1,26.29,65.68581201446779,7.75,10.5,16.0
127,127,2,2,16.6,25.817823300967884,7.0,10.0,14.0
128,128,2,3,14.39,15.991181945059596,8.0,10.0,15.0
129,129,2,4,16.62,24.97429878895501,7.75,10.0,15.0
130,130,2,5,13.13,13.762016567349422,7.0,9.5,13.25
131,131,2,6,13.02,11.523870877443915,7.0,10.0,14.0
132,132,2,7,13.41,15.55126682942583,7.0,10.0,13.0
133,133,2,8,13.19,15.679728951738928,7.0,9.0,12.0
134,134,2,9,11.6,10.13706071797935,7.0,9.0,12.25
135,135,2,10,10.76,6.585013287761841,7.0,9.0,12.0
136,136,2,11,11.22,11.401385880672578,6.75,8.0,11.25
137,137,2,12,11.4,9.055385138137416,7.0,8.0,13.0
138,138,2,13,10.6,6.468384651518492,7.0,9.0,11.0
139,139,2,14,10.72,6.133644919621612,7.0,9.0,12.0
140,140,2,15,10.82,6.624771694179354,7.0,9.0,12.25
141,141,2,16,10.59,6.746991922331018,7.0,9.0,11.25
142,142,2,17,10.87,5.166536557501553,7.0,9.0,13.0
143,143,2,18,10.36,4.706421145626473,7.0,9.0,13.0
144,144,2,19,10.33,4.927585615694567,7.0,9.0,12.0
145,145,2,20,10.82,6.467426072248527,7.0,8.0,12.0
146,146,2,21,10.82,6.984812094824027,7.0,9.0,13.0
147,147,2,22,11.07,7.377336917885748,7.0,9.0,12.0
148,148,2,23,10.61,6.016469064160473,7.0,9.0,12.0
149,149,2,24,10.56,5.165888113383796,7.0,9.0,13.0
175,175,4,0,596.5,685.9686508871962,100.0,262.0,993.75
176,176,4,1,36.62,86.19231752308322,6.0,8.0,14.0
177,177,4,2,14.81,26.933880151214744,6.0,8.0,13.0
178,178,4,3,11.43,14.514306735080387,6.0,7.5,11.0
179,179,4,4,12.92,29.39751009864611,6.0,7.0,12.0
180,180,4,5,9.94,6.807084544795959,6.0,7.0,11.25
181,181,4,6,9.47,5.158400915012326,6.0,7.0,11.0
182,182,4,7,9.45,5.129083738836791,6.0,8.0,11.0
183,183,4,8,9.8,5.902541825349482,6.0,8.0,12.0
184,184,4,9,9.75,5.6592844070606665,6.0,7.5,11.0
185,185,4,10,9.8,6.435837163881634,6.0,8.0,11.0
186,186,4,11,9.54,4.83822281421598,6.0,8.0,12.0
187,187,4,12,10.21,6.654765209982994,6.0,8.0,11.25
188,188,4,13,10.12,6.334477089705196,6.0,8.0,12.25
189,189,4,14,9.35,4.848453361640184,6.0,8.0,11.0
190,190,4,15,9.76,5.981839182057639,6.0,7.0,11.0
191,191,4,16,9.63,6.830307460136768,6.0,7.0,11.0
192,192,4,17,9.93,6.612495746690504,6.0,8.0,11.0
193,193,4,18,9.75,5.785110197740402,6.0,7.0,11.25
194,194,4,19,10.61,6.608925782606429,6.0,8.0,11.0
195,195,4,20,9.63,5.249104685563053,6.0,8.0,11.0
196,196,4,21,9.52,5.867674155915614,6.0,7.0,11.0
197,197,4,22,9.21,5.318449022036406,6.0,7.0,11.0
198,198,4,23,9.54,6.2712359228464685,6.0,8.0,11.0
199,199,4,24,9.37,4.480301329151868,6.0,8.0,11.0
