,Replay type,Individual,all,Mean,STD
0,0,0,"[8, 9, 10, 14, 14]",11.0,2.5298221281347035
1,0,1,"[24, 27, 32, 30, 17]",26.0,5.253570214625479
2,0,2,"[7, 7, 14, 11, 10]",9.8,2.6381811916545836
3,0,3,"[6, 12, 16, 10, 13]",11.4,3.32264954516723
4,0,4,"[7, 19, 8, 17, 13]",12.8,4.749736834815167
5,0,5,"[30, 10, 8, 32, 10]",18.0,10.658330075579382
6,0,6,"[11, 12, 15, 16, 44]",19.6,12.338557452149743
7,0,7,"[9, 13, 10, 21, 10]",12.6,4.409081537009721
8,0,8,"[9, 6, 8, 8, 6]",7.4,1.2
9,0,9,"[9, 28, 7, 7, 7]",11.6,8.2365041127896
10,0,10,"[13, 11, 11, 14, 10]",11.8,1.469693845669907
11,0,11,"[14, 9, 8, 8, 10]",9.8,2.2271057451320084
12,0,12,"[9, 30, 12, 21, 23]",19.0,7.615773105863909
13,0,13,"[23, 7, 30, 20, 28]",21.6,8.114185110040317
14,0,14,"[7, 10, 8, 11, 9]",9.0,1.4142135623730951
15,0,15,"[8, 17, 23, 67, 19]",26.8,20.6920274502041
16,0,16,"[15, 19, 9, 10, 14]",13.4,3.6110940170535577
17,0,17,"[8, 7, 10, 7, 10]",8.4,1.3564659966250536
18,0,18,"[8, 9, 10, 9, 7]",8.6,1.0198039027185568
19,0,19,"[7, 8, 13, 7, 7]",8.4,2.33238075793812
20,0,20,"[6, 7, 7, 6, 6]",6.4,0.48989794855663565
21,0,21,"[25, 32, 33, 45, 44]",35.8,7.626270385975047
22,0,22,"[7, 8, 8, 13, 12]",9.6,2.4166091947189146
23,0,23,"[30, 7, 8, 23, 8]",15.2,9.495261976375375
24,0,24,"[20, 15, 12, 8, 9]",12.8,4.354308211415448
25,0,25,"[6, 6, 10, 30, 33]",17.0,11.966620241321273
26,0,26,"[11, 9, 12, 7, 10]",9.8,1.7204650534085253
27,0,27,"[19, 11, 16, 12, 11]",13.8,3.1874754901018454
28,0,28,"[27, 17, 21, 17, 27]",21.8,4.48998886412873
29,0,29,"[14, 9, 20, 11, 9]",12.6,4.127953488110059
30,0,30,"[11, 12, 10, 11, 7]",10.2,1.7204650534085253
31,0,31,"[9, 12, 13, 13, 13]",12.0,1.5491933384829668
32,0,32,"[38, 14, 9, 35, 8]",20.8,13.013838787997953
33,0,33,"[15, 22, 10, 8, 13]",13.6,4.841487374764082
34,0,34,"[9, 20, 10, 11, 12]",12.4,3.9293765408777004
35,0,35,"[21, 12, 15, 14, 9]",14.2,3.9698866482558417
36,0,36,"[18, 8, 7, 8, 8]",9.8,4.118252056394801
37,0,37,"[18, 11, 12, 13, 22]",15.2,4.166533331199932
38,0,38,"[9, 11, 9, 7, 12]",9.6,1.7435595774162693
39,0,39,"[13, 10, 12, 18, 10]",12.6,2.9393876913398134
40,0,40,"[8, 43, 16, 22, 23]",22.4,11.60344776348823
41,0,41,"[24, 17, 49, 53, 73]",43.2,20.360746548199064
42,0,42,"[41, 15, 42, 14, 8]",24.0,14.491376746189438
43,0,43,"[21, 22, 21, 16, 14]",18.8,3.1874754901018454
44,0,44,"[12, 18, 9, 11, 8]",11.6,3.4985711369071804
45,0,45,"[22, 15, 12, 18, 17]",16.8,3.3105890714493698
46,0,46,"[11, 20, 13, 12, 11]",13.4,3.3823069050575527
47,0,47,"[16, 12, 14, 28, 13]",16.6,5.851495535331118
48,0,48,"[17, 12, 10, 33, 14]",17.2,8.23164625090267
49,0,49,"[8, 11, 8, 9, 16]",10.4,3.006659275674582
50,0,50,"[8, 13, 11, 10, 7]",9.8,2.1354156504062622
51,0,51,"[12, 9, 9, 9, 10]",9.8,1.1661903789690602
52,0,52,"[41, 16, 19, 14, 21]",22.2,9.703607576566563
53,0,53,"[9, 12, 8, 19, 13]",12.2,3.867815921162743
54,0,54,"[10, 22, 14, 31, 11]",17.6,7.914543574963751
55,0,55,"[50, 15, 16, 13, 20]",22.8,13.78985134075056
56,0,56,"[8, 9, 8, 10, 8]",8.6,0.8
57,0,57,"[8, 15, 11, 8, 13]",11.0,2.756809750418044
58,0,58,"[17, 8, 11, 9, 9]",10.8,3.249615361854384
59,0,59,"[9, 16, 17, 6, 7]",11.0,4.604345773288535
60,0,60,"[14, 7, 14, 15, 23]",14.6,5.083306010855534
61,0,61,"[7, 17, 8, 14, 7]",10.6,4.127953488110059
62,0,62,"[10, 13, 8, 6, 11]",9.6,2.4166091947189146
63,0,63,"[10, 14, 12, 12, 8]",11.2,2.0396078054371136
64,0,64,"[23, 26, 10, 51, 14]",24.8,14.330387294138285
65,0,65,"[16, 9, 9, 10, 7]",10.2,3.059411708155671
66,0,66,"[46, 9, 10, 11, 9]",17.0,14.51895313030523
67,0,67,"[10, 16, 14, 8, 11]",11.8,2.85657137141714
68,0,68,"[18, 14, 15, 20, 14]",16.2,2.4
69,0,69,"[19, 6, 12, 15, 26]",15.6,6.711184694225007
70,0,70,"[23, 8, 9, 8, 8]",11.2,5.912698199637793
71,0,71,"[17, 16, 8, 7, 7]",11.0,4.516635916254486
72,0,72,"[10, 7, 8, 8, 9]",8.4,1.0198039027185568
73,0,73,"[6, 14, 9, 8, 9]",9.2,2.6381811916545836
74,0,74,"[10, 16, 13, 14, 13]",13.2,1.9390719429665315
75,0,75,"[7, 10, 38, 30, 19]",20.8,11.754148203932091
76,0,76,"[10, 13, 12, 9, 11]",11.0,1.4142135623730951
77,0,77,"[8, 14, 11, 6, 6]",9.0,3.0983866769659336
78,0,78,"[8, 10, 8, 9, 8]",8.6,0.7999999999999999
79,0,79,"[45, 7, 13, 17, 48]",26.0,17.064583206161235
80,0,80,"[11, 10, 8, 9, 12]",10.0,1.4142135623730951
81,0,81,"[13, 9, 7, 7, 10]",9.2,2.2271057451320084
82,0,82,"[15, 13, 12, 11, 15]",13.2,1.6
83,0,83,"[9, 9, 9, 9, 22]",11.6,5.2
84,0,84,"[9, 7, 11, 13, 11]",10.2,2.0396078054371136
85,0,85,"[11, 8, 10, 8, 8]",9.0,1.2649110640673518
86,0,86,"[9, 21, 7, 12, 7]",11.2,5.230678732248808
87,0,87,"[7, 6, 5, 11, 12]",8.2,2.7856776554368237
88,0,88,"[13, 13, 14, 14, 39]",18.6,10.209799214480176
89,0,89,"[25, 11, 12, 12, 21]",16.2,5.706137047074843
90,0,90,"[9, 12, 7, 8, 8]",8.8,1.7204650534085253
91,0,91,"[14, 12, 9, 7, 8]",10.0,2.6076809620810595
92,0,92,"[18, 10, 13, 13, 9]",12.6,3.1368774282716245
93,0,93,"[16, 8, 10, 29, 8]",14.2,7.95989949685296
94,0,94,"[18, 9, 8, 6, 8]",9.8,4.214261501141095
95,0,95,"[11, 13, 14, 13, 13]",12.8,0.9797958971132713
96,0,96,"[19, 41, 26, 7, 7]",20.0,12.77497553813705
97,0,97,"[28, 15, 8, 17, 10]",15.6,7.002856560004639
98,0,98,"[14, 17, 7, 10, 11]",11.8,3.4292856398964493
99,0,99,"[11, 11, 7, 9, 14]",10.4,2.33238075793812
100,1,0,"[13, 14, 17, 12, 14]",14.0,1.6733200530681511
101,1,1,"[109, 14, 16, 52, 13]",40.8,37.10202150826825
102,1,2,"[10, 10, 44, 31, 16]",22.2,13.332666649999167
103,1,3,"[38, 78, 52, 35, 21]",44.8,19.30181338631166
104,1,4,"[14, 14, 17, 30, 17]",18.4,5.953150426454887
105,1,5,"[14, 45, 41, 15, 54]",33.8,16.31441080762649
106,1,6,"[15, 11, 44, 12, 11]",18.6,12.784365451597509
107,1,7,"[25, 21, 14, 23, 12]",19.0,5.0990195135927845
108,1,8,"[15, 11, 8, 12, 8]",10.8,2.6381811916545836
109,1,9,"[11, 7, 11, 9, 9]",9.4,1.4966629547095764
110,1,10,"[11, 24, 20, 17, 23]",19.0,4.69041575982343
111,1,11,"[9, 30, 14, 5, 12]",14.0,8.555699854482976
112,1,12,"[55, 11, 6, 6, 40]",23.6,20.16531675922796
113,1,13,"[21, 15, 26, 45, 30]",27.4,10.131140113531153
114,1,14,"[27, 83, 12, 94, 10]",45.2,36.007776937767204
115,1,15,"[43, 13, 22, 32, 84]",38.8,24.71760506197961
116,1,16,"[14, 9, 16, 14, 16]",13.8,2.5612496949731396
117,1,17,"[11, 20, 19, 18, 22]",18.0,3.7416573867739413
118,1,18,"[22, 8, 27, 10, 37]",20.8,10.796295661012623
119,1,19,"[33, 6, 58, 14, 46]",31.4,19.345283662949996
120,1,20,"[122, 23, 25, 19, 11]",40.0,41.27953488110059
121,1,21,"[19, 32, 8, 15, 8]",16.4,8.867919710958146
122,1,22,"[14, 26, 43, 27, 15]",25.0,10.488088481701515
123,1,23,"[7, 31, 50, 12, 22]",24.4,15.239422561238992
124,1,24,"[14, 20, 8, 15, 15]",14.4,3.8262252939417984
125,1,25,"[19, 23, 32, 24, 16]",22.8,5.418486873657627
126,1,26,"[88, 148, 18, 8, 11]",54.6,55.22897790109826
127,1,27,"[9, 8, 14, 28, 33]",18.4,10.209799214480176
128,1,28,"[10, 12, 25, 30, 16]",18.6,7.683749084919419
129,1,29,"[110, 61, 31, 16, 8]",45.2,37.11280102606108
130,1,30,"[43, 83, 35, 86, 116]",72.6,29.87038667309146
131,1,31,"[8, 49, 135, 120, 37]",69.8,49.19105609762815
132,1,32,"[18, 26, 6, 52, 103]",41.0,34.47897910321592
133,1,33,"[8, 26, 28, 20, 36]",23.6,9.329523031752482
134,1,34,"[29, 12, 7, 10, 38]",19.2,12.12270596855339
135,1,35,"[30, 59, 52, 92, 64]",59.4,20.015993605114886
136,1,36,"[9, 16, 34, 9, 21]",17.8,9.282241108697834
137,1,37,"[8, 21, 11, 8, 10]",11.6,4.841487374764082
138,1,38,"[24, 172, 54, 108, 107]",93.0,50.88025157170511
139,1,39,"[18, 14, 17, 52, 21]",24.4,13.979985693841035
140,1,40,"[14, 35, 32, 38, 8]",25.4,12.059850745345068
141,1,41,"[13, 16, 21, 11, 8]",13.8,4.445222154178574
142,1,42,"[12, 20, 8, 28, 17]",17.0,6.870225614927067
143,1,43,"[12, 18, 8, 13, 17]",13.6,3.6110940170535577
144,1,44,"[26, 22, 14, 14, 15]",18.2,4.915282290977803
145,1,45,"[62, 11, 23, 119, 15]",46.0,40.74309757492672
146,1,46,"[33, 14, 24, 23, 15]",21.8,6.910861017268399
147,1,47,"[7, 6, 6, 9, 12]",8.0,2.280350850198276
148,1,48,"[48, 35, 18, 60, 31]",38.4,14.430523206037957
149,1,49,"[15, 14, 9, 13, 6]",11.4,3.3823069050575527
150,1,50,"[6, 11, 26, 11, 39]",18.6,12.208193969625484
151,1,51,"[89, 105, 24, 57, 11]",57.2,36.14636911226354
152,1,52,"[26, 18, 22, 45, 60]",34.2,15.879546593023367
153,1,53,"[17, 41, 12, 38, 42]",30.0,12.821856339859686
154,1,54,"[26, 12, 25, 24, 19]",21.2,5.192301994298868
155,1,55,"[9, 7, 14, 9, 9]",9.6,2.33238075793812
156,1,56,"[16, 12, 7, 26, 7]",13.6,7.059745037889116
157,1,57,"[54, 114, 38, 58, 25]",57.8,30.465718438927386
158,1,58,"[23, 20, 39, 17, 17]",23.2,8.207313811473277
159,1,59,"[12, 72, 11, 12, 56]",32.6,26.135033958271418
160,1,60,"[16, 12, 11, 15, 9]",12.6,2.5768197453450252
161,1,61,"[23, 54, 14, 30, 32]",30.6,13.29059818066892
162,1,62,"[14, 29, 17, 54, 31]",29.0,14.127986409959489
163,1,63,"[29, 47, 27, 17, 54]",34.8,13.629380029920656
164,1,64,"[24, 14, 12, 27, 14]",18.2,6.079473661428265
165,1,65,"[17, 33, 12, 29, 25]",23.2,7.704544113703289
166,1,66,"[18, 9, 67, 12, 9]",23.0,22.244100341438852
167,1,67,"[14, 20, 13, 13, 18]",15.6,2.870540018881465
168,1,68,"[96, 14, 12, 18, 19]",31.8,32.20186330012597
169,1,69,"[53, 16, 55, 15, 39]",35.6,17.315888657530692
170,1,70,"[25, 15, 19, 35, 25]",23.8,6.764613810115105
171,1,71,"[25, 16, 21, 25, 10]",19.4,5.748043145279966
172,1,72,"[12, 18, 24, 22, 16]",18.4,4.2708313008125245
173,1,73,"[9, 7, 29, 9, 10]",12.8,8.158431221748456
174,1,74,"[24, 19, 19, 9, 26]",19.4,5.885575587824865
175,1,75,"[25, 21, 10, 24, 22]",20.4,5.388877434122992
176,1,76,"[18, 18, 31, 12, 12]",18.2,6.939740629158989
177,1,77,"[7, 60, 18, 20, 39]",28.8,18.69117438792972
178,1,78,"[19, 10, 9, 18, 28]",16.8,6.910861017268399
179,1,79,"[31, 15, 11, 12, 13]",16.4,7.418894796396564
180,1,80,"[66, 20, 50, 14, 26]",35.2,19.661129163911212
181,1,81,"[59, 12, 34, 26, 20]",30.2,16.104657711357916
182,1,82,"[68, 11, 11, 24, 49]",32.6,22.49088704342272
183,1,83,"[15, 23, 23, 14, 9]",16.8,5.455272678794342
184,1,84,"[12, 12, 11, 7, 14]",11.2,2.315167380558045
185,1,85,"[13, 30, 35, 16, 25]",23.8,8.280096617793781
186,1,86,"[23, 20, 12, 36, 24]",23.0,7.745966692414834
187,1,87,"[71, 19, 17, 33, 20]",32.0,20.29778313018444
188,1,88,"[26, 31, 20, 16, 16]",21.8,5.878775382679628
189,1,89,"[11, 25, 11, 54, 12]",22.6,16.572265988693278
190,1,90,"[12, 13, 28, 19, 13]",17.0,6.0332412515993425
191,1,91,"[39, 20, 14, 14, 7]",18.8,10.906878563548783
192,1,92,"[36, 12, 25, 11, 15]",19.8,9.495261976375376
193,1,93,"[46, 14, 30, 23, 23]",27.2,10.684568311354464
194,1,94,"[44, 15, 31, 79, 11]",36.0,24.511221919765646
195,1,95,"[22, 26, 93, 99, 19]",51.8,36.20718160807328
196,1,96,"[20, 11, 35, 20, 18]",20.8,7.833262411026456
197,1,97,"[24, 22, 14, 29, 32]",24.2,6.209669878504009
198,1,98,"[8, 14, 9, 14, 70]",23.0,23.630488780387086
199,1,99,"[51, 10, 9, 87, 10]",33.4,31.21922484623857
200,2,0,"[21, 16, 13, 33, 43]",25.2,11.214276615100948
201,2,1,"[22, 29, 14, 19, 46]",26.0,11.117553687749837
202,2,2,"[15, 7, 14, 6, 12]",10.8,3.655133376499413
203,2,3,"[13, 19, 39, 29, 23]",24.6,8.890444308357146
204,2,4,"[16, 20, 12, 13, 9]",14.0,3.7416573867739413
205,2,5,"[18, 47, 21, 20, 48]",30.8,13.673331708109767
206,2,6,"[18, 29, 19, 18, 16]",20.0,4.604345773288535
207,2,7,"[11, 24, 22, 16, 15]",17.6,4.758150901348127
208,2,8,"[7, 8, 7, 8, 13]",8.6,2.244994432064365
209,2,9,"[25, 46, 33, 14, 22]",28.0,10.862780491200215
210,2,10,"[60, 57, 29, 15, 22]",36.6,18.445595680270127
211,2,11,"[7, 7, 7, 34, 11]",13.2,10.514751542475933
212,2,12,"[34, 11, 25, 19, 12]",20.2,8.565045242145544
213,2,13,"[20, 10, 23, 43, 19]",23.0,10.89954127475097
214,2,14,"[44, 34, 17, 20, 25]",28.0,9.85900603509299
215,2,15,"[11, 15, 13, 8, 17]",12.8,3.1240998703626617
216,2,16,"[12, 21, 11, 16, 11]",14.2,3.867815921162743
217,2,17,"[21, 46, 123, 25, 53]",53.6,36.75649602451246
218,2,18,"[10, 9, 14, 20, 41]",18.8,11.754148203932091
219,2,19,"[8, 20, 58, 31, 37]",30.8,16.821414922651424
220,2,20,"[18, 35, 45, 10, 22]",26.0,12.47397290361014
221,2,21,"[15, 13, 19, 21, 11]",15.8,3.7094473981982814
222,2,22,"[12, 34, 91, 30, 17]",36.8,28.280028288528992
223,2,23,"[38, 69, 24, 27, 27]",37.0,16.69730517179344
224,2,24,"[10, 9, 22, 13, 11]",13.0,4.69041575982343
225,2,25,"[49, 30, 55, 126, 10]",54.0,39.29885494515076
226,2,26,"[9, 164, 32, 10, 157]",74.4,70.81412288519854
227,2,27,"[10, 10, 11, 13, 82]",25.2,28.421118908304788
228,2,28,"[25, 9, 12, 64, 38]",29.6,20.04594722132132
229,2,29,"[67, 7, 319, 10, 18]",84.2,119.3941372094962
230,2,30,"[25, 32, 15, 19, 25]",23.2,5.81033561853358
231,2,31,"[14, 14, 13, 18, 21]",16.0,3.03315017762062
232,2,32,"[6, 239, 45, 12, 28]",66.0,87.55569655939013
233,2,33,"[12, 17, 17, 14, 32]",18.4,7.059745037889116
234,2,34,"[11, 16, 12, 7, 12]",11.6,2.870540018881465
235,2,35,"[57, 17, 14, 11, 24]",24.6,16.764247671756703
236,2,36,"[20, 7, 13, 29, 78]",29.4,25.381883302859936
237,2,37,"[11, 12, 22, 11, 12]",13.6,4.223742416388575
238,2,38,"[24, 60, 14, 21, 32]",30.2,15.979987484350543
239,2,39,"[74, 23, 21, 13, 24]",31.0,21.844907873461036
240,2,40,"[17, 21, 21, 44, 11]",22.8,11.214276615100948
241,2,41,"[66, 18, 15, 10, 85]",38.8,30.66855066676611
242,2,42,"[10, 26, 18, 11, 16]",16.2,5.74108003776293
243,2,43,"[12, 10, 18, 14, 8]",12.4,3.4409301068170506
244,2,44,"[27, 32, 12, 20, 14]",21.0,7.58946638440411
245,2,45,"[12, 36, 52, 39, 14]",30.6,15.357083056361972
246,2,46,"[12, 15, 21, 22, 38]",21.6,9.00222194794152
247,2,47,"[15, 23, 62, 8, 36]",28.8,19.03050183258445
248,2,48,"[36, 21, 14, 45, 50]",33.2,13.760813929415658
249,2,49,"[16, 15, 9, 10, 7]",11.4,3.4985711369071804
250,2,50,"[10, 6, 16, 9, 8]",9.8,3.370459909270543
251,2,51,"[15, 13, 15, 10, 29]",16.4,6.560487786742691
252,2,52,"[19, 9, 21, 17, 14]",16.0,4.1952353926806065
253,2,53,"[86, 133, 21, 108, 69]",83.4,37.876641878603756
254,2,54,"[11, 9, 53, 19, 23]",23.0,15.84929020492716
255,2,55,"[10, 23, 11, 17, 13]",14.8,4.749736834815167
256,2,56,"[14, 25, 15, 21, 15]",18.0,4.2895221179054435
257,2,57,"[79, 22, 17, 60, 40]",43.6,23.27745690577044
258,2,58,"[15, 13, 30, 40, 23]",24.2,9.947864092356712
259,2,59,"[9, 19, 12, 10, 12]",12.4,3.4985711369071804
260,2,60,"[12, 44, 19, 21, 37]",26.6,11.943198901466893
261,2,61,"[11, 27, 10, 13, 30]",18.2,8.51821577561874
262,2,62,"[129, 36, 29, 57, 16]",53.4,40.06295046548618
263,2,63,"[8, 29, 8, 18, 6]",13.8,8.681013765684282
264,2,64,"[109, 283, 26, 14, 12]",88.8,103.49763282317136
265,2,65,"[13, 16, 13, 28, 34]",20.8,8.611620056644394
266,2,66,"[16, 15, 13, 14, 20]",15.6,2.4166091947189146
267,2,67,"[91, 37, 57, 36, 26]",49.4,23.104977818643324
268,2,68,"[18, 12, 14, 34, 9]",17.4,8.8
269,2,69,"[10, 19, 10, 26, 20]",17.0,6.196773353931867
270,2,70,"[30, 36, 23, 20, 32]",28.2,5.878775382679628
271,2,71,"[17, 14, 27, 23, 20]",20.2,4.534313619501853
272,2,72,"[21, 35, 14, 16, 19]",21.0,7.402702209328699
273,2,73,"[26, 22, 9, 13, 10]",16.0,6.782329983125268
274,2,74,"[48, 50, 33, 19, 53]",40.6,12.815615474880635
275,2,75,"[48, 61, 60, 9, 55]",46.6,19.355619339096332
276,2,76,"[22, 16, 9, 10, 19]",15.2,5.035871324805668
277,2,77,"[10, 33, 8, 16, 56]",24.6,17.99555500672319
278,2,78,"[19, 11, 9, 12, 23]",14.8,5.30659966456864
279,2,79,"[54, 27, 8, 9, 13]",22.2,17.29045979724079
280,2,80,"[41, 33, 12, 22, 9]",23.4,12.175385004179539
281,2,81,"[41, 21, 30, 46, 13]",30.2,12.221292893961751
282,2,82,"[45, 13, 40, 29, 55]",36.4,14.38888459888396
283,2,83,"[20, 9, 34, 14, 27]",20.8,8.930845424706442
284,2,84,"[24, 25, 6, 7, 11]",14.6,8.260750571225353
285,2,85,"[152, 12, 204, 38, 9]",83.0,79.92996934817378
286,2,86,"[18, 29, 33, 21, 12]",22.6,7.552483035399682
287,2,87,"[10, 40, 20, 24, 28]",24.4,9.830564581955606
288,2,88,"[21, 131, 116, 17, 29]",62.8,49.93756101372994
289,2,89,"[12, 12, 11, 14, 24]",14.6,4.8
290,2,90,"[22, 27, 33, 26, 10]",23.6,7.657675887630659
291,2,91,"[10, 22, 46, 21, 22]",24.2,11.805083650698965
292,2,92,"[12, 18, 11, 19, 9]",13.8,3.9698866482558417
293,2,93,"[35, 43, 20, 44, 12]",30.8,12.734205903785286
294,2,94,"[22, 542, 63, 35, 30]",138.4,202.27169846520795
295,2,95,"[57, 23, 11, 20, 41]",30.4,16.48757107641996
296,2,96,"[30, 15, 11, 36, 10]",20.4,10.594338110519223
297,2,97,"[6, 14, 14, 6, 28]",13.6,8.039900496896713
298,2,98,"[52, 8, 20, 27, 30]",27.4,14.44437606821423
299,2,99,"[31, 72, 11, 36, 23]",34.6,20.51925924588897
300,4,0,"[10, 24, 13, 12, 12]",14.2,4.995998398718719
301,4,1,"[16, 30, 18, 17, 13]",18.8,5.844655678480984
302,4,2,"[79, 33, 1089, 6, 1330]",507.4,578.7768481893519
303,4,3,"[12, 24, 32, 43, 118]",45.8,37.49346609744156
304,4,4,"[24, 26, 23, 14, 12]",19.8,5.67097875150313
305,4,5,"[44, 15, 29, 15, 35]",27.6,11.341957503006261
306,4,6,"[11, 16, 27, 8, 21]",16.6,6.829348431585549
307,4,7,"[27, 12, 45, 14, 18]",23.2,12.056533498481228
308,4,8,"[16, 13, 7, 348, 15]",79.8,134.13634854132565
309,4,9,"[15, 20, 19, 18, 17]",17.8,1.7204650534085253
310,4,10,"[10, 37, 42, 18, 14]",24.2,12.843675486401857
311,4,11,"[13, 19, 12, 25, 30]",19.8,6.910861017268399
312,4,12,"[21, 18, 19, 22, 24]",20.8,2.1354156504062622
313,4,13,"[258, 816, 610, 1073, 941]",739.6,285.05760821279614
314,4,14,"[78, 11, 226, 320, 270]",181.0,117.28256477413854
315,4,15,"[26, 12, 16, 142, 179]",75.0,70.93095234099144
316,4,16,"[8, 19, 29, 1564, 10]",326.0,619.0447479786901
317,4,17,"[52, 88, 92, 118, 75]",85.0,21.614809737770074
318,4,18,"[6, 10, 329, 9, 1128]",296.4,433.95326937355827
319,4,19,"[158, 19, 1151, 233, 9]",314.0,426.9697881583661
320,4,20,"[10, 26, 23, 11, 14]",16.8,6.493073232299171
321,4,21,"[10, 22, 18, 17, 19]",17.2,3.9698866482558417
322,4,22,"[13, 11, 28, 13, 13]",15.6,6.248199740725323
323,4,23,"[20, 12, 25, 15, 35]",21.4,8.114185110040317
324,4,24,"[9, 8, 8, 13, 13]",10.2,2.3151673805580453
325,4,25,"[27, 24, 32, 25, 48]",31.2,8.840814442120138
326,4,26,"[26, 24, 11, 10, 13]",16.8,6.794115100585211
327,4,27,"[12, 22, 28, 47, 21]",26.0,11.679041056525147
328,4,28,"[21, 12, 24, 13, 16]",17.2,4.621688003316537
329,4,29,"[15, 12, 7, 9, 1305]",269.6,517.7070986571462
330,4,30,"[11, 16, 18, 17, 25]",17.4,4.498888751680797
331,4,31,"[140, 124, 506, 258, 8]",207.2,169.10399167376266
332,4,32,"[19, 76, 1130, 859, 6]",418.0,479.0269303494324
333,4,33,"[15, 11, 12, 16, 17]",14.2,2.315167380558045
334,4,34,"[23, 12, 10, 27, 11]",16.6,7.002856560004639
335,4,35,"[845, 17, 20, 24, 17]",184.6,330.20999379182933
336,4,36,"[25, 31, 491, 474, 18]",207.8,224.39376105408994
337,4,37,"[24, 12, 16, 10, 9]",14.2,5.455272678794342
338,4,38,"[22, 11, 7, 2665, 2125]",966.0,1179.2136362847914
339,4,39,"[13, 35, 1675, 2749, 76]",909.6,1116.5066233569778
340,4,40,"[15, 15, 12, 12, 20]",14.8,2.9257477676655586
341,4,41,"[6, 40, 15, 12, 22]",19.0,11.696153213770756
342,4,42,"[15, 14, 89, 49, 34]",40.2,27.636208133533803
343,4,43,"[15, 6, 9, 41, 10]",16.2,12.734205903785286
344,4,44,"[52, 58, 206, 390, 84]",158.0,128.7167432776327
345,4,45,"[36, 10, 16, 20, 9]",18.2,9.765244492586962
346,4,46,"[11, 13, 16, 21, 17]",15.6,3.4409301068170506
347,4,47,"[264, 171, 392, 1535, 1778]",828.0,684.4253063702423
348,4,48,"[16, 64, 86, 27, 25]",43.6,26.822378716288384
349,4,49,"[14, 19, 12, 15, 10]",14.0,3.03315017762062
350,4,50,"[146, 46, 20, 21, 15]",49.6,49.39068738132726
351,4,51,"[16, 20, 25, 9, 10]",16.0,6.0332412515993425
352,4,52,"[10, 1984, 10, 20, 17]",408.2,787.9097410236784
353,4,53,"[43, 23, 125, 10, 10]",42.2,43.12493478255938
354,4,54,"[1722, 25, 10, 381, 8]",429.2,661.8414915974972
355,4,55,"[24, 20, 13, 9, 18]",16.8,5.268775948927796
356,4,56,"[15, 12, 8, 24, 18]",15.4,5.4258639865002145
357,4,57,"[697, 1153, 793, 57, 84]",556.8,425.2624601349148
358,4,58,"[11, 21, 15, 18, 18]",16.6,3.3823069050575527
359,4,59,"[27, 24, 30, 22, 29]",26.4,3.006659275674582
360,4,60,"[191, 10, 17, 19, 29]",53.2,69.16762248335561
361,4,61,"[13, 12, 52, 34, 15]",25.2,15.63841424185969
362,4,62,"[9, 9, 28, 16, 15]",15.4,6.945502141674136
363,4,63,"[43, 380, 177, 558, 1749]",581.4,609.5593818488892
364,4,64,"[9, 433, 156, 28, 48]",134.8,157.56827091771999
365,4,65,"[9, 22, 17, 10, 19]",15.4,5.083306010855534
366,4,66,"[38, 18, 12, 110, 50]",45.6,34.97198879103103
367,4,67,"[25, 15, 15, 33, 20]",21.6,6.8
368,4,68,"[11, 10, 13, 16, 10]",12.0,2.280350850198276
369,4,69,"[117, 174, 132, 132, 149]",140.8,19.446336415890784
370,4,70,"[78, 27, 74, 32, 21]",46.4,24.450766859139613
371,4,71,"[106, 29, 10, 19, 16]",36.0,35.535897343390666
372,4,72,"[12, 35, 18, 14, 22]",20.2,8.158431221748456
373,4,73,"[11, 12, 7, 340, 166]",107.2,131.15700515031594
374,4,74,"[10, 15, 12, 12, 17]",13.2,2.481934729198171
375,4,75,"[19, 34, 44, 12, 113]",44.4,36.0810199412378
376,4,76,"[13, 13, 13, 8, 22]",13.8,4.534313619501853
377,4,77,"[8, 7, 27, 7, 12]",12.2,7.626270385975047
378,4,78,"[20, 19, 14, 25, 17]",19.0,3.63318042491699
379,4,79,"[27, 9, 20, 17, 21]",18.8,5.8787753826796285
380,4,80,"[34, 12, 12, 29, 10]",19.4,10.031948963187562
381,4,81,"[15, 17, 10, 18, 8]",13.6,3.9293765408777004
382,4,82,"[274, 97, 54, 20, 83]",105.6,88.24194014186226
383,4,83,"[13, 36, 29, 24, 23]",25.0,7.563068160475615
384,4,84,"[400, 369, 1387, 10, 26]",438.4,501.9428652745251
385,4,85,"[18, 45, 63, 17, 17]",32.0,18.846750383023593
386,4,86,"[15, 133, 170, 37, 113]",93.6,58.56142074779265
387,4,87,"[124, 12, 346, 11, 12]",101.0,129.99692304050893
388,4,88,"[33, 19, 16, 19, 1760]",369.4,695.3251325818735
389,4,89,"[14, 7, 7, 13, 15]",11.2,3.4871191548325386
390,4,90,"[19, 8, 16, 18, 23]",16.8,4.955804677345547
391,4,91,"[11, 11, 31, 27, 20]",20.0,8.148619514985345
392,4,92,"[144, 115, 48, 49, 24]",76.0,45.52362024268281
393,4,93,"[12, 24, 23, 29, 17]",21.0,5.89915248150105
394,4,94,"[402, 43, 210, 341, 340]",267.2,128.41713281334387
395,4,95,"[55, 18, 163, 251, 52]",107.8,86.6242460284648
396,4,96,"[98, 39, 9, 15, 13]",34.8,33.301051034464365
397,4,97,"[14, 15, 59, 11, 9]",21.6,18.821264569629747
398,4,98,"[895, 9, 1747, 116, 25]",558.4,679.4325867957762
399,4,99,"[17, 19, 30, 23, 48]",27.4,11.217842929904126
