,Replay type,Individual,all,Mean,STD
0,0,0,"[161, 83, 133, 6, 6]",77.8,63.72880039668094
1,0,1,"[237, 112, 8, 10, 6]",74.6,90.65009652504513
2,0,2,"[224, 174, 716, 110, 103]",265.4,229.62195017027446
3,0,3,"[78, 168, 86, 34, 10]",75.2,54.19372657420783
4,0,4,"[199, 355, 494, 63, 38]",229.8,173.80149596594387
5,0,5,"[142, 58, 531, 35, 18]",156.8,191.88892620471876
6,0,6,"[708, 70, 26, 50, 18]",174.4,267.4274481050889
7,0,7,"[73, 716, 39, 85, 15]",185.6,266.352848680092
8,0,8,"[705, 25, 17, 12, 43]",160.4,272.50365135168374
9,0,9,"[99, 83, 49, 12, 20]",52.6,34.062295870947985
10,0,10,"[643, 335, 55, 61, 22]",223.2,238.24894543313303
11,0,11,"[164, 169, 302, 7, 71]",142.6,100.0771702237828
12,0,12,"[595, 8, 8, 8, 8]",125.4,234.80000000000004
13,0,13,"[537, 68, 32, 44, 75]",151.2,193.53077274686834
14,0,14,"[393, 325, 576, 112, 81]",297.4,183.6960533054535
15,0,15,"[802, 14, 20, 17, 18]",174.2,313.9059731830536
16,0,16,"[294, 314, 223, 108, 56]",199.0,101.54407909868502
17,0,17,"[1330, 482, 14, 7, 18]",370.2,513.1379541604772
18,0,18,"[309, 110, 6, 6, 6]",87.4,117.89418984835511
19,0,19,"[1002, 17, 107, 156, 33]",263.0,372.9133947714938
20,0,20,"[576, 107, 42, 111, 48]",176.8,201.65455611019556
21,0,21,"[306, 38, 8, 8, 7]",73.4,116.89242918170535
22,0,22,"[742, 522, 36, 21, 9]",266.0,306.94820409964933
23,0,23,"[580, 16, 7, 27, 18]",129.6,225.28968018975036
24,0,24,"[236, 60, 38, 65, 18]",83.4,78.11683557338968
25,0,25,"[206, 706, 18, 282, 8]",244.0,254.2062155022965
26,0,26,"[237, 17, 90, 7, 9]",72.0,88.05452856043237
27,0,27,"[485, 356, 25, 18, 25]",181.8,199.13754040863313
28,0,28,"[168, 99, 6, 6, 6]",57.0,66.16343401003307
29,0,29,"[86, 303, 103, 53, 18]",112.6,99.55219736399593
30,0,30,"[56, 293, 333, 47, 18]",149.4,134.76290290729122
31,0,31,"[238, 171, 198, 91, 35]",146.6,73.67116125051919
32,0,32,"[47, 163, 32, 129, 27]",79.6,55.661836117756664
33,0,33,"[917, 355, 60, 31, 9]",274.4,344.98672438225793
34,0,34,"[1195, 79, 17, 11, 28]",266.0,465.11933952481485
35,0,35,"[89, 11, 23, 9, 9]",28.2,30.8441242378512
36,0,36,"[383, 50, 60, 18, 54]",113.0,135.78217850660667
37,0,37,"[450, 22, 27, 30, 16]",109.0,170.5661162130392
38,0,38,"[131, 284, 170, 10, 9]",120.8,103.86029077563764
39,0,39,"[130, 61, 28, 27, 12]",51.6,42.34430304066888
40,0,40,"[120, 86, 239, 179, 14]",127.6,77.1300200959393
41,0,41,"[427, 191, 54, 6, 9]",137.4,159.65537886335056
42,0,42,"[421, 302, 105, 50, 17]",179.0,156.23955965119717
43,0,43,"[3566, 58, 26, 117, 21]",757.6,1404.6164743445095
44,0,44,"[489, 36, 7, 10, 8]",110.0,189.805163259591
45,0,45,"[40, 469, 28, 41, 54]",126.4,171.49763846770605
46,0,46,"[357, 8, 8, 6, 6]",77.0,140.00285711370321
47,0,47,"[566, 33, 95, 17, 20]",146.2,211.79556180430222
48,0,48,"[57, 106, 70, 9, 7]",49.8,37.722142038860945
49,0,49,"[439, 12, 13, 70, 14]",109.6,166.17412554305798
50,0,50,"[285, 212, 79, 37, 18]",126.2,104.37509281432999
51,0,51,"[610, 6, 20, 7, 7]",130.0,240.05582684034147
52,0,52,"[121, 42, 8, 8, 8]",37.4,43.82510695936748
53,0,53,"[1380, 10, 147, 28, 58]",324.6,529.7983012430298
54,0,54,"[332, 6, 6, 6, 6]",71.2,130.39999999999998
55,0,55,"[1275, 140, 90, 119, 399]",404.6,449.03924104692675
56,0,56,"[162, 1384, 173, 21, 33]",354.6,518.5466613526694
57,0,57,"[498, 70, 81, 68, 135]",170.4,165.6099030855341
58,0,58,"[1523, 120, 25, 31, 54]",350.6,587.1676421602267
59,0,59,"[494, 88, 164, 14, 59]",163.8,172.1631784093219
60,0,60,"[36, 482, 6, 6, 6]",107.2,187.75984661263442
61,0,61,"[1280, 71, 42, 45, 8]",289.2,495.80455826867905
62,0,62,"[1374, 14, 131, 19, 8]",309.2,534.3472279332981
63,0,63,"[657, 8, 14, 16, 31]",145.2,256.01203096729654
64,0,64,"[1019, 30, 135, 5, 8]",239.4,392.68643979643605
65,0,65,"[134, 17, 18, 10, 13]",38.4,47.885697238319494
66,0,66,"[634, 64, 396, 19, 33]",229.2,245.6236144999092
67,0,67,"[228, 6, 6, 6, 6]",50.4,88.8
68,0,68,"[167, 77, 16, 13, 15]",57.6,59.79832773581549
69,0,69,"[98, 564, 175, 61, 125]",204.6,183.50215257593027
70,0,70,"[881, 175, 56, 114, 25]",250.2,319.5443005281114
71,0,71,"[72, 448, 328, 81, 46]",195.0,162.49553840028963
72,0,72,"[1398, 348, 174, 92, 22]",406.8,507.40532121766324
73,0,73,"[1826, 217, 62, 19, 19]",428.6,702.4871813777104
74,0,74,"[822, 81, 184, 38, 49]",234.8,298.09085863206207
75,0,75,"[18, 1148, 43, 9, 55]",254.6,447.00720352137506
76,0,76,"[51, 144, 473, 46, 56]",154.0,163.54693515929915
77,0,77,"[203, 21, 20, 7, 9]",52.0,75.7099729229908
78,0,78,"[19, 97, 213, 667, 87]",216.6,233.67464560794778
79,0,79,"[389, 30, 73, 7, 21]",104.0,144.19431334140748
80,0,80,"[478, 39, 110, 15, 6]",129.6,177.98044836442006
81,0,81,"[1015, 9, 6, 12, 13]",211.0,402.0074626173002
82,0,82,"[270, 111, 235, 56, 38]",142.0,94.02765550623923
83,0,83,"[71, 40, 7, 40, 8]",33.2,23.844496220302076
84,0,84,"[244, 64, 8, 10, 8]",66.8,91.15788501276232
85,0,85,"[155, 17, 34, 19, 19]",48.8,53.45053788316821
86,0,86,"[35, 427, 190, 33, 14]",139.8,156.98331121491864
87,0,87,"[590, 6, 6, 6, 6]",122.8,233.6
88,0,88,"[17, 72, 16, 26, 38]",33.8,20.67268729507608
89,0,89,"[661, 32, 10, 16, 8]",145.4,257.9376668887272
90,0,90,"[283, 62, 12, 36, 98]",98.2,96.706566478187
91,0,91,"[1184, 65, 47, 7, 9]",262.4,461.33527937932524
92,0,92,"[47, 21, 120, 45, 13]",49.2,37.791004220581385
93,0,93,"[579, 91, 11, 13, 22]",143.2,219.89306492020162
94,0,94,"[2245, 74, 29, 57, 52]",491.4,876.9179209025208
95,0,95,"[141, 44, 109, 17, 35]",69.2,47.47378223819964
96,0,96,"[2413, 70, 60, 9, 18]",514.0,949.788818632858
97,0,97,"[918, 775, 165, 72, 70]",400.0,368.9601604509625
98,0,98,"[1230, 101, 21, 178, 68]",319.6,458.06750594208273
99,0,99,"[542, 26, 7, 7, 7]",117.8,212.22761366042826
100,1,0,"[218, 8, 9, 8, 7]",50.0,84.00238091863825
101,1,1,"[20, 16, 19, 17, 19]",18.2,1.4696938456699067
102,1,2,"[69, 93, 6, 6, 8]",36.4,37.20537595563307
103,1,3,"[1565, 12, 10, 13, 17]",323.4,620.8041881302025
104,1,4,"[273, 7, 7, 9, 7]",60.6,106.20282482118824
105,1,5,"[60, 415, 16, 51, 109]",130.2,145.46669721967294
106,1,6,"[2294, 9, 16, 11, 7]",467.4,913.3048998007182
107,1,7,"[1166, 6, 14, 11, 10]",241.4,462.30708409021815
108,1,8,"[206, 13, 25, 10, 15]",53.8,76.26637529081869
109,1,9,"[699, 7, 10, 9, 8]",146.6,276.2018102764716
110,1,10,"[12, 9, 11, 9, 9]",10.0,1.2649110640673518
111,1,11,"[379, 13, 10, 9, 12]",84.6,147.206793321504
112,1,12,"[130, 8, 8, 8, 8]",32.4,48.8
113,1,13,"[2587, 12, 17, 18, 11]",529.0,1029.0035957177215
114,1,14,"[64, 10, 6, 6, 6]",18.4,22.85257097133712
115,1,15,"[35, 19, 18, 23, 77]",34.4,22.141364004956877
116,1,16,"[145, 7, 7, 7, 7]",34.6,55.2
117,1,17,"[154, 10, 12, 8, 9]",38.6,57.715162652460755
118,1,18,"[18, 6, 6, 6, 6]",8.4,4.800000000000001
119,1,19,"[1564, 9, 6, 6, 7]",318.4,622.8009633903916
120,1,20,"[69, 104, 41, 29, 17]",52.0,31.20256399721023
121,1,21,"[1051, 11, 18, 12, 9]",220.2,415.41083279086496
122,1,22,"[51, 168, 9, 13, 16]",51.4,60.20166110665054
123,1,23,"[1003, 10, 5, 10, 5]",206.6,398.2062782026422
124,1,24,"[525, 10, 13, 10, 10]",113.6,205.70328145170652
125,1,25,"[10, 23, 31, 42, 5]",22.2,13.526270735128733
126,1,26,"[188, 7, 9, 9, 7]",44.0,72.00555534123738
127,1,27,"[567, 15, 9, 11, 7]",121.8,222.6157227151757
128,1,28,"[307, 12, 10, 9, 11]",69.8,118.60421577667465
129,1,29,"[51, 9, 10, 11, 9]",18.0,16.516658257650064
130,1,30,"[1068, 10, 12, 8, 14]",222.4,422.80473034250696
131,1,31,"[910, 12, 13, 8, 8]",190.2,359.90576544423396
132,1,32,"[122, 7, 7, 9, 8]",30.6,45.70601710934787
133,1,33,"[1440, 8, 6, 8, 9]",294.2,572.9008291144288
134,1,34,"[20, 18, 13, 15, 15]",16.2,2.481934729198171
135,1,35,"[81, 98, 10, 7, 8]",40.8,40.13676618762403
136,1,36,"[1428, 17, 38, 15, 52]",310.0,559.1683109762212
137,1,37,"[186, 9, 13, 7, 10]",45.0,70.52659073002182
138,1,38,"[195, 8, 7, 8, 6]",44.8,75.1036616950199
139,1,39,"[1144, 21, 9, 10, 12]",239.2,452.4198934618149
140,1,40,"[130, 16, 21, 16, 20]",40.6,44.74639650295876
141,1,41,"[1396, 6, 8, 8, 5]",284.6,555.7012146828546
142,1,42,"[3765, 6, 6, 16, 15]",761.6,1501.7060431389361
143,1,43,"[32, 32, 33, 29, 101]",45.4,27.832355272236665
144,1,44,"[504, 6, 8, 6, 8]",106.4,198.80201206225254
145,1,45,"[1143, 12, 11, 8, 13]",237.4,452.8030918622354
146,1,46,"[113, 5, 5, 5, 5]",26.6,43.2
147,1,47,"[319, 8, 7, 7, 7]",69.6,124.70060144201389
148,1,48,"[230, 9, 11, 8, 11]",53.8,88.1076614148849
149,1,49,"[525, 7, 6, 7, 11]",111.2,206.90712892503248
150,1,50,"[11, 6, 8, 10, 13]",9.6,2.4166091947189146
151,1,51,"[1277, 9, 10, 20, 9]",265.0,506.0169957620001
152,1,52,"[57, 365, 7, 8, 7]",88.8,139.433711849036
153,1,53,"[125, 16, 12, 15, 10]",35.6,44.75086591340999
154,1,54,"[105, 5, 5, 5, 5]",25.0,40.0
155,1,55,"[2089, 11, 9, 17, 9]",427.0,831.0051744724577
156,1,56,"[376, 8, 8, 8, 8]",81.6,147.19999999999996
157,1,57,"[1459, 9, 18, 16, 11]",302.6,578.2091663057582
158,1,58,"[115, 14, 10, 10, 11]",32.0,41.525895535195865
159,1,59,"[134, 10, 10, 10, 10]",34.8,49.599999999999994
160,1,60,"[473, 7, 8, 6, 12]",101.2,185.91116157993312
161,1,61,"[1287, 10, 13, 9, 8]",265.4,510.80274079139394
162,1,62,"[227, 18, 15, 12, 13]",57.0,85.0247022929219
163,1,63,"[395, 16, 10, 11, 14]",89.2,152.91487828200368
164,1,64,"[207, 16, 20, 16, 23]",56.4,75.34613460556552
165,1,65,"[325, 8, 7, 11, 6]",71.4,126.81104052881201
166,1,66,"[427, 15, 20, 21, 13]",99.2,163.92730095990723
167,1,67,"[794, 5, 7, 5, 10]",164.2,314.90531910401256
168,1,68,"[251, 6, 6, 6, 6]",55.0,98.0
169,1,69,"[91, 8, 10, 10, 8]",25.4,32.81219285570533
170,1,70,"[413, 14, 10, 11, 10]",91.6,160.70668934428335
171,1,71,"[1045, 15, 7, 14, 10]",218.2,413.4099176362366
172,1,72,"[54, 128, 9, 18, 52]",52.2,41.91610668943383
173,1,73,"[539, 19, 58, 29, 15]",132.0,204.0548945749648
174,1,74,"[236, 6, 6, 6, 7]",52.2,91.90081610083777
175,1,75,"[561, 79, 9, 6, 6]",132.2,216.20860297407222
176,1,76,"[714, 13, 17, 12, 13]",153.8,280.10526592693685
177,1,77,"[299, 17, 33, 21, 19]",77.8,110.74005598698241
178,1,78,"[818, 10, 6, 12, 12]",171.6,323.2074256572704
179,1,79,"[27, 14, 18, 15, 13]",17.4,5.083306010855534
180,1,80,"[451, 7, 7, 10, 7]",96.4,177.30380706572547
181,1,81,"[1298, 16, 10, 9, 8]",268.2,514.9075256781551
182,1,82,"[998, 6, 6, 6, 6]",204.4,396.80000000000007
183,1,83,"[1891, 9, 15, 15, 19]",389.8,750.606794533596
184,1,84,"[107, 14, 11, 11, 10]",30.6,38.223552948411275
185,1,85,"[308, 6, 5, 5, 7]",66.2,120.90227458571654
186,1,86,"[1737, 12, 10, 13, 10]",356.4,690.300977835031
187,1,87,"[894, 9, 7, 8, 14]",186.4,353.80819662636424
188,1,88,"[1705, 11, 10, 13, 9]",349.6,677.7012911305393
189,1,89,"[724, 20, 18, 42, 15]",163.8,280.263019322921
190,1,90,"[125, 6, 6, 8, 6]",30.2,47.40632869143106
191,1,91,"[65, 180, 7, 7, 10]",53.8,66.85925515588698
192,1,92,"[22, 14, 15, 16, 14]",16.2,2.993325909419153
193,1,93,"[352, 12, 10, 8, 14]",79.2,136.41466196857286
194,1,94,"[72, 289, 8, 6, 6]",76.2,109.36983130644391
195,1,95,"[10, 37, 40, 5, 6]",19.6,15.551205741035002
196,1,96,"[252, 5, 5, 7, 5]",54.8,98.60304254940615
197,1,97,"[39, 263, 21, 77, 113]",102.6,86.24986956511877
198,1,98,"[1458, 8, 6, 11, 23]",301.2,578.430082205274
199,1,99,"[782, 11, 11, 12, 17]",166.6,307.70804344378126
200,2,0,"[218, 8, 9, 8, 7]",50.0,84.00238091863825
201,2,1,"[20, 17, 35, 26, 17]",23.0,6.841052550594828
202,2,2,"[69, 7, 7, 55, 83]",44.2,31.637951893256304
203,2,3,"[1565, 12, 10, 13, 17]",323.4,620.8041881302025
204,2,4,"[273, 43, 13, 17, 16]",72.4,100.87933385981492
205,2,5,"[60, 27, 31, 34, 38]",38.0,11.575836902790225
206,2,6,"[2294, 9, 16, 11, 7]",467.4,913.3048998007182
207,2,7,"[1166, 6, 14, 11, 10]",241.4,462.30708409021815
208,2,8,"[206, 13, 17, 18, 15]",53.8,76.11937992390635
209,2,9,"[699, 7, 10, 9, 8]",146.6,276.2018102764716
210,2,10,"[12, 5, 5, 7, 6]",7.0,2.6076809620810595
211,2,11,"[379, 13, 10, 9, 12]",84.6,147.206793321504
212,2,12,"[130, 8, 8, 8, 8]",32.4,48.8
213,2,13,"[2587, 12, 17, 18, 11]",529.0,1029.0035957177215
214,2,14,"[64, 7, 7, 6, 6]",18.0,23.004347415216976
215,2,15,"[35, 19, 23, 64, 17]",31.6,17.362027531368565
216,2,16,"[145, 7, 7, 7, 7]",34.6,55.2
217,2,17,"[154, 10, 12, 8, 9]",38.6,57.715162652460755
218,2,18,"[18, 15, 182, 18, 20]",50.6,65.71940352742104
219,2,19,"[1564, 9, 6, 6, 7]",318.4,622.8009633903916
220,2,20,"[69, 88, 25, 15, 20]",43.4,29.452334372677495
221,2,21,"[1051, 11, 18, 12, 9]",220.2,415.41083279086496
222,2,22,"[51, 148, 14, 11, 9]",46.6,53.00037735714719
223,2,23,"[1003, 10, 5, 10, 5]",206.6,398.2062782026422
224,2,24,"[525, 10, 13, 10, 10]",113.6,205.70328145170652
225,2,25,"[10, 17, 5, 5, 5]",8.4,4.715930449020639
226,2,26,"[188, 7, 9, 9, 7]",44.0,72.00555534123738
227,2,27,"[567, 15, 9, 11, 7]",121.8,222.6157227151757
228,2,28,"[307, 12, 10, 9, 11]",69.8,118.60421577667465
229,2,29,"[51, 133, 10, 8, 10]",42.4,48.09407447908734
230,2,30,"[1068, 10, 12, 8, 14]",222.4,422.80473034250696
231,2,31,"[910, 12, 13, 8, 8]",190.2,359.90576544423396
232,2,32,"[122, 7, 7, 9, 8]",30.6,45.70601710934787
233,2,33,"[1440, 8, 6, 8, 9]",294.2,572.9008291144288
234,2,34,"[20, 18, 13, 15, 17]",16.6,2.4166091947189146
235,2,35,"[81, 99, 7, 9, 8]",40.8,40.57782645731533
236,2,36,"[1428, 17, 38, 15, 55]",310.6,558.8926909523867
237,2,37,"[186, 9, 13, 7, 10]",45.0,70.52659073002182
238,2,38,"[195, 8, 7, 8, 6]",44.8,75.1036616950199
239,2,39,"[1144, 21, 9, 10, 12]",239.2,452.4198934618149
240,2,40,"[130, 16, 21, 16, 20]",40.6,44.74639650295876
241,2,41,"[1396, 6, 8, 8, 5]",284.6,555.7012146828546
242,2,42,"[3765, 6, 6, 16, 15]",761.6,1501.7060431389361
243,2,43,"[32, 94, 16, 31, 118]",58.2,40.16167327191435
244,2,44,"[504, 6, 8, 6, 8]",106.4,198.80201206225254
245,2,45,"[1143, 12, 11, 8, 13]",237.4,452.8030918622354
246,2,46,"[113, 5, 5, 5, 5]",26.6,43.2
247,2,47,"[255, 8, 6, 8, 6]",56.6,99.20403217611671
248,2,48,"[230, 9, 11, 8, 11]",53.8,88.1076614148849
249,2,49,"[525, 7, 6, 7, 11]",111.2,206.90712892503248
250,2,50,"[11, 6, 8, 9, 8]",8.4,1.624807680927192
251,2,51,"[1277, 9, 10, 20, 9]",265.0,506.0169957620001
252,2,52,"[57, 10, 71, 7, 7]",30.4,27.81078927322991
253,2,53,"[271, 15, 12, 12, 11]",64.2,103.40870369557874
254,2,54,"[105, 5, 5, 5, 5]",25.0,40.0
255,2,55,"[2089, 11, 9, 17, 9]",427.0,831.0051744724577
256,2,56,"[376, 8, 8, 8, 8]",81.6,147.19999999999996
257,2,57,"[1459, 9, 18, 16, 11]",302.6,578.2091663057582
258,2,58,"[115, 14, 10, 10, 11]",32.0,41.525895535195865
259,2,59,"[134, 10, 10, 10, 10]",34.8,49.599999999999994
260,2,60,"[473, 7, 8, 6, 12]",101.2,185.91116157993312
261,2,61,"[1287, 10, 13, 9, 8]",265.4,510.80274079139394
262,2,62,"[227, 18, 15, 12, 13]",57.0,85.0247022929219
263,2,63,"[395, 16, 10, 11, 14]",89.2,152.91487828200368
264,2,64,"[207, 16, 14, 22, 16]",55.0,76.04735366861887
265,2,65,"[325, 8, 7, 11, 6]",71.4,126.81104052881201
266,2,66,"[427, 15, 20, 21, 13]",99.2,163.92730095990723
267,2,67,"[794, 5, 7, 5, 10]",164.2,314.90531910401256
268,2,68,"[251, 6, 6, 6, 6]",55.0,98.0
269,2,69,"[91, 8, 10, 10, 8]",25.4,32.81219285570533
270,2,70,"[413, 14, 10, 11, 10]",91.6,160.70668934428335
271,2,71,"[1045, 15, 7, 14, 10]",218.2,413.4099176362366
272,2,72,"[54, 94, 9, 22, 73]",50.4,31.449006343603294
273,2,73,"[539, 19, 100, 18, 19]",139.0,202.46579958106506
274,2,74,"[236, 6, 6, 6, 7]",52.2,91.90081610083777
275,2,75,"[561, 79, 9, 6, 6]",132.2,216.20860297407222
276,2,76,"[714, 581, 23, 15, 11]",268.8,312.07845167521583
277,2,77,"[299, 17, 33, 21, 19]",77.8,110.74005598698241
278,2,78,"[818, 10, 6, 12, 12]",171.6,323.2074256572704
279,2,79,"[27, 38, 14, 13, 89]",36.2,27.952817389308006
280,2,80,"[451, 7, 7, 10, 7]",96.4,177.30380706572547
281,2,81,"[1298, 16, 10, 9, 8]",268.2,514.9075256781551
282,2,82,"[998, 6, 6, 6, 6]",204.4,396.80000000000007
283,2,83,"[1891, 9, 15, 15, 19]",389.8,750.606794533596
284,2,84,"[107, 14, 11, 11, 10]",30.6,38.223552948411275
285,2,85,"[308, 6, 5, 5, 7]",66.2,120.90227458571654
286,2,86,"[1737, 12, 10, 13, 10]",356.4,690.300977835031
287,2,87,"[894, 9, 7, 8, 14]",186.4,353.80819662636424
288,2,88,"[1705, 11, 10, 13, 9]",349.6,677.7012911305393
289,2,89,"[724, 20, 18, 41, 16]",163.8,280.24446470893946
290,2,90,"[125, 6, 6, 8, 6]",30.2,47.40632869143106
291,2,91,"[65, 25, 69, 10, 9]",35.6,26.28763968103641
292,2,92,"[22, 14, 14, 14, 14]",15.6,3.2000000000000006
293,2,93,"[352, 12, 10, 8, 14]",79.2,136.41466196857286
294,2,94,"[72, 6, 7, 127, 30]",48.4,46.01130295916428
295,2,95,"[10, 12, 6, 5, 18]",10.2,4.66476151587624
296,2,96,"[252, 6, 6, 5, 5]",54.8,98.601014193567
297,2,97,"[39, 257, 158, 80, 196]",146.0,78.44743462982075
298,2,98,"[1458, 8, 6, 11, 23]",301.2,578.430082205274
299,2,99,"[782, 11, 11, 12, 17]",166.6,307.70804344378126
300,4,0,"[117, 7, 8, 7, 7]",29.2,43.9017083950044
301,4,1,"[20, 28, 31, 85, 33]",39.4,23.22584767021432
302,4,2,"[36, 6, 6, 6, 6]",12.0,12.0
303,4,3,"[355, 14, 12, 28, 10]",83.8,135.74741249836035
304,4,4,"[257, 6, 6, 6, 6]",56.2,100.4
305,4,5,"[36, 5, 5, 6, 5]",11.4,12.30609605033213
306,4,6,"[787, 10, 10, 10, 10]",165.4,310.80000000000007
307,4,7,"[987, 290, 6, 8, 8]",259.8,379.72432105410365
308,4,8,"[1060, 9, 9, 9, 8]",219.0,420.50017835905845
309,4,9,"[1750, 6, 13, 6, 9]",356.8,696.6047372793269
310,4,10,"[97, 6, 7, 6, 6]",24.4,36.302066056906455
311,4,11,"[266, 14, 18, 21, 22]",68.2,98.93917323285051
312,4,12,"[82, 8, 8, 8, 8]",22.8,29.6
313,4,13,"[2048, 5, 5, 5, 5]",413.6,817.2
314,4,14,"[38, 5, 5, 5, 5]",11.6,13.199999999999998
315,4,15,"[35, 30, 36, 29, 27]",31.4,3.4985711369071804
316,4,16,"[117, 7, 7, 7, 7]",29.0,44.0
317,4,17,"[101, 8, 11, 10, 8]",27.6,36.71838776417069
318,4,18,"[130, 6, 6, 6, 6]",30.8,49.60000000000001
319,4,19,"[749, 326, 6, 11, 14]",221.2,290.8548779030532
320,4,20,"[51, 6, 6, 6, 6]",15.0,18.0
321,4,21,"[1164, 10, 7, 6, 12]",239.8,462.1049231505763
322,4,22,"[25, 6, 6, 6, 6]",9.8,7.6000000000000005
323,4,23,"[2432, 11, 9, 10, 22]",496.8,967.6113682672399
324,4,24,"[519, 8, 8, 11, 8]",110.8,204.10330717555755
325,4,25,"[69, 5, 5, 5, 5]",17.8,25.600000000000005
326,4,26,"[296, 10, 6, 11, 7]",66.0,115.01478165870681
327,4,27,"[845, 9, 7, 8, 12]",176.2,334.4041865766635
328,4,28,"[630, 13, 20, 20, 8]",138.2,245.94178172892867
329,4,29,"[46, 8, 8, 8, 8]",15.6,15.200000000000001
330,4,30,"[258, 25, 18, 17, 26]",68.8,94.66868542448447
331,4,31,"[1590, 191, 173, 11, 9]",394.8,602.5573499676193
332,4,32,"[219, 5, 5, 5, 5]",47.8,85.6
333,4,33,"[91, 8, 8, 7, 7]",24.2,33.40299387779484
334,4,34,"[20, 59, 13, 18, 24]",26.8,16.485144827995903
335,4,35,"[34, 9, 7, 7, 7]",12.8,10.628264204469138
336,4,36,"[232, 5, 5, 5, 5]",50.4,90.80000000000001
337,4,37,"[1478, 13, 18, 9, 10]",305.6,586.2083588622736
338,4,38,"[79, 6, 6, 6, 6]",20.6,29.2
339,4,39,"[166, 7, 7, 8, 7]",39.0,63.501181091378136
340,4,40,"[88, 24, 21, 23, 24]",36.0,26.023066690918657
341,4,41,"[1403, 448, 191, 13, 9]",412.8,520.3508047461828
342,4,42,"[2089, 455, 94, 122, 299]",611.8,750.0094399405916
343,4,43,"[32, 14, 13, 20, 22]",20.2,6.823488843692792
344,4,44,"[500, 7, 12, 11, 8]",107.6,196.2086644366145
345,4,45,"[1305, 8, 14, 11, 9]",269.4,517.8040556040479
346,4,46,"[155, 11, 11, 11, 12]",40.0,57.50130433303231
347,4,47,"[167, 7, 7, 7, 7]",39.0,64.0
348,4,48,"[505, 92, 5, 5, 5]",122.4,194.24479401003262
349,4,49,"[116, 6, 6, 6, 6]",28.0,44.0
350,4,50,"[324, 6, 5, 5, 5]",69.0,127.50058823393718
351,4,51,"[1501, 8, 9, 10, 21]",309.8,595.6184684846501
352,4,52,"[112, 6, 6, 6, 6]",27.2,42.4
353,4,53,"[528, 8, 8, 7, 7]",111.6,208.2004803068427
354,4,54,"[108, 7, 7, 7, 7]",27.2,40.4
355,4,55,"[2727, 9, 9, 6, 5]",551.2,1087.9011719820878
356,4,56,"[347, 9, 9, 10, 7]",76.4,135.30351067137912
357,4,57,"[1146, 309, 82, 9, 7]",310.6,432.0391648913325
358,4,58,"[73, 12, 10, 11, 13]",23.8,24.620316813558677
359,4,59,"[158, 6, 6, 6, 7]",36.6,60.70123557226822
360,4,60,"[148, 14, 14, 16, 15]",41.4,53.30515922497558
361,4,61,"[163, 7, 13, 6, 7]",39.2,61.949656980486985
362,4,62,"[375, 11, 13, 10, 25]",86.8,144.2004160881653
363,4,63,"[389, 8, 13, 11, 10]",86.2,151.40858628228455
364,4,64,"[714, 8, 8, 6, 9]",149.0,282.5016814109254
365,4,65,"[1899, 7, 15, 13, 14]",389.6,754.7051344730603
366,4,66,"[1263, 132, 10, 9, 7]",284.2,491.72650935250584
367,4,67,"[1577, 7, 8, 7, 7]",321.2,627.9001194457602
368,4,68,"[251, 6, 6, 6, 6]",55.0,98.0
369,4,69,"[227, 6, 6, 7, 6]",50.4,88.3008493730383
370,4,70,"[384, 6, 7, 6, 6]",81.8,151.1004963592112
371,4,71,"[1052, 14, 8, 9, 9]",218.4,416.80527827751894
372,4,72,"[54, 9, 9, 13, 9]",18.8,17.668050260286222
373,4,73,"[1174, 290, 18, 8, 10]",300.0,450.0808816201817
374,4,74,"[224, 5, 5, 5, 5]",48.8,87.6
375,4,75,"[308, 6, 6, 6, 6]",66.4,120.80000000000001
376,4,76,"[2232, 10, 8, 11, 19]",456.0,888.0078828478945
377,4,77,"[63, 25, 20, 26, 13]",29.4,17.41952927033334
378,4,78,"[2893, 131, 12, 11, 13]",612.0,1141.4310316440499
379,4,79,"[27, 14, 27, 30, 16]",22.8,6.493073232299171
380,4,80,"[278, 7, 7, 7, 7]",61.2,108.4
381,4,81,"[1174, 12, 6, 7, 10]",241.8,466.10488090128393
382,4,82,"[811, 13, 16, 9, 28]",175.4,317.86324103299523
383,4,83,"[102, 5, 5, 5, 6]",24.6,38.701937935974215
384,4,84,"[160, 6, 6, 6, 6]",36.8,61.6
385,4,85,"[483, 5, 5, 5, 7]",101.0,191.0015706741701
386,4,86,"[1421, 5, 9, 5, 6]",289.2,565.9018996257213
387,4,87,"[593, 21, 9, 12, 16]",130.2,231.4350016743362
388,4,88,"[1887, 7, 6, 6, 8]",382.8,752.1003656427779
389,4,89,"[1646, 59, 9, 8, 7]",345.8,650.4003075030024
390,4,90,"[132, 6, 6, 6, 6]",31.2,50.400000000000006
391,4,91,"[72, 6, 6, 6, 6]",19.2,26.399999999999995
392,4,92,"[22, 11, 12, 11, 12]",13.6,4.223742416388575
393,4,93,"[69, 6, 6, 6, 6]",18.6,25.200000000000003
394,4,94,"[61, 5, 5, 5, 6]",16.4,22.303362975121036
395,4,95,"[141, 8, 7, 6, 6]",33.6,53.70512079867245
396,4,96,"[224, 5, 5, 5, 5]",48.8,87.6
397,4,97,"[935, 32, 27, 24, 20]",207.6,363.721101944883
398,4,98,"[312, 41, 6, 6, 6]",74.2,119.67021350361168
399,4,99,"[1014, 24, 15, 13, 10]",215.2,399.4272900040757
