,Replay type,Individual,all,Mean,STD
0,0,0,"[83, 51, 62, 93, 37]",65.2,20.478281177872326
1,0,1,"[66, 124, 38, 42, 80]",70.0,31.11269837220809
2,0,2,"[100, 23, 402, 118, 16]",131.8,141.03673280390467
3,0,3,"[50, 29, 22, 51, 13]",33.0,15.165750888103101
4,0,4,"[273, 61, 27, 116, 30]",101.4,91.56986403833959
5,0,5,"[41, 37, 37, 144, 59]",63.6,41.01511916354749
6,0,6,"[125, 49, 46, 79, 8]",61.4,38.979994869163335
7,0,7,"[58, 17, 30, 29, 50]",36.8,14.985326155943353
8,0,8,"[53, 39, 26, 188, 99]",81.0,58.89991511029536
9,0,9,"[17, 17, 44, 10, 8]",19.2,12.921300244170475
10,0,10,"[151, 259, 16, 39, 95]",112.0,87.13667425372626
11,0,11,"[110, 72, 326, 245, 34]",157.4,110.33331319234459
12,0,12,"[50, 52, 88, 121, 26]",67.4,33.32026410459557
13,0,13,"[64, 129, 30, 23, 30]",55.2,39.57473941796711
14,0,14,"[246, 118, 12, 44, 13]",86.6,88.53383533994221
15,0,15,"[53, 28, 62, 25, 103]",54.2,28.22339455132922
16,0,16,"[52, 217, 30, 32, 87]",83.6,69.77277405980071
17,0,17,"[112, 46, 89, 134, 39]",84.0,36.81847362398393
18,0,18,"[127, 106, 27, 76, 10]",69.2,44.78124607466835
19,0,19,"[188, 59, 114, 26, 21]",81.6,62.682054848257806
20,0,20,"[151, 254, 59, 16, 28]",101.6,89.69414696623186
21,0,21,"[45, 19, 25, 34, 23]",29.2,9.303762679690406
22,0,22,"[129, 41, 28, 16, 16]",46.0,42.51587938641279
23,0,23,"[173, 34, 155, 52, 16]",86.0,64.94613152451807
24,0,24,"[32, 50, 32, 70, 35]",43.8,14.702380759591284
25,0,25,"[165, 173, 214, 120, 19]",138.2,66.65553240354473
26,0,26,"[24, 42, 144, 128, 62]",80.0,47.54787061478148
27,0,27,"[39, 27, 14, 12, 50]",28.4,14.540976583434826
28,0,28,"[30, 86, 67, 155, 23]",72.2,47.48641911115219
29,0,29,"[78, 283, 117, 118, 46]",128.4,81.81589087701728
30,0,30,"[17, 163, 18, 18, 101]",63.4,59.34509246770114
31,0,31,"[131, 32, 56, 109, 14]",68.4,44.73298559228972
32,0,32,"[336, 50, 74, 57, 31]",109.6,114.03613462407431
33,0,33,"[67, 66, 24, 190, 56]",80.6,56.87741203676553
34,0,34,"[35, 23, 23, 12, 55]",29.6,14.63693957082559
35,0,35,"[126, 68, 87, 34, 104]",83.8,31.396815125104645
36,0,36,"[211, 149, 30, 106, 73]",113.8,62.345489010833816
37,0,37,"[28, 14, 29, 97, 75]",48.6,31.765389970847203
38,0,38,"[259, 23, 19, 18, 75]",78.8,92.59892008009598
39,0,39,"[322, 77, 185, 26, 7]",123.4,116.9830756990087
40,0,40,"[14, 81, 114, 45, 20]",54.8,37.84917436351815
41,0,41,"[83, 171, 64, 47, 74]",87.8,43.28232895767047
42,0,42,"[106, 32, 106, 264, 8]",103.2,89.44808550215036
43,0,43,"[28, 19, 60, 54, 30]",38.2,15.904716281656833
44,0,44,"[28, 191, 64, 56, 47]",77.2,58.14946259424931
45,0,45,"[54, 67, 75, 71, 36]",60.6,14.178857499812882
46,0,46,"[149, 191, 106, 25, 51]",104.4,61.069141143461316
47,0,47,"[96, 27, 73, 12, 68]",55.2,31.005805907926344
48,0,48,"[269, 30, 40, 11, 29]",75.8,97.05132662668758
49,0,49,"[164, 188, 40, 13, 23]",85.6,74.70100400931703
50,0,50,"[167, 157, 9, 96, 13]",88.4,67.72178379221859
51,0,51,"[92, 342, 38, 97, 72]",128.2,108.8933423125583
52,0,52,"[252, 35, 178, 243, 23]",146.2,99.11488283804809
53,0,53,"[40, 138, 228, 50, 10]",93.2,79.74559548965699
54,0,54,"[179, 157, 28, 54, 24]",88.4,66.17129286934025
55,0,55,"[108, 172, 141, 66, 50]",107.4,45.41189271545505
56,0,56,"[34, 35, 78, 34, 47]",45.6,16.930445948054647
57,0,57,"[43, 42, 61, 36, 52]",46.8,8.749857141690944
58,0,58,"[42, 30, 14, 156, 290]",106.4,104.58604113360444
59,0,59,"[325, 55, 37, 29, 22]",93.6,116.22323347764852
60,0,60,"[27, 171, 47, 20, 128]",78.6,60.12187621822858
61,0,61,"[51, 19, 84, 195, 81]",86.0,59.37002610745594
62,0,62,"[52, 217, 15, 18, 16]",63.6,77.93997690530837
63,0,63,"[31, 59, 128, 88, 30]",67.2,37.12357741382153
64,0,64,"[58, 194, 64, 12, 30]",71.6,64.04248589803491
65,0,65,"[32, 128, 108, 253, 214]",147.0,78.5264286721356
66,0,66,"[56, 103, 23, 111, 23]",63.2,37.822744480008325
67,0,67,"[81, 50, 20, 66, 49]",53.2,20.33125672456083
68,0,68,"[18, 54, 40, 34, 34]",36.0,11.593101396951552
69,0,69,"[109, 46, 96, 23, 39]",62.6,33.672540741678525
70,0,70,"[263, 29, 42, 13, 15]",72.4,95.8740840894973
71,0,71,"[53, 48, 47, 23, 66]",47.4,13.95134402127623
72,0,72,"[73, 41, 18, 24, 39]",39.0,19.110206696946005
73,0,73,"[32, 214, 131, 25, 119]",104.2,69.96970773127468
74,0,74,"[126, 33, 65, 55, 85]",72.8,31.435012327021603
75,0,75,"[75, 26, 59, 21, 20]",40.2,22.551274908527898
76,0,76,"[121, 11, 169, 106, 54]",92.2,54.718918117959895
77,0,77,"[45, 62, 132, 70, 79]",77.6,29.411562352245078
78,0,78,"[149, 66, 39, 103, 32]",77.8,43.46676891603516
79,0,79,"[36, 41, 56, 34, 55]",44.4,9.350935782048767
80,0,80,"[38, 92, 8, 26, 24]",37.6,28.827764394763598
81,0,81,"[172, 54, 46, 17, 64]",70.6,53.06448906754874
82,0,82,"[50, 50, 46, 102, 48]",59.2,21.451340284467076
83,0,83,"[215, 153, 44, 20, 17]",89.8,79.9234633884193
84,0,84,"[315, 35, 105, 12, 13]",96.0,114.63681782045418
85,0,85,"[161, 60, 39, 10, 22]",58.4,53.9874059387928
86,0,86,"[50, 47, 78, 28, 49]",50.4,15.982490419205638
87,0,87,"[74, 89, 57, 74, 38]",66.4,17.442476888332113
88,0,88,"[170, 20, 92, 23, 151]",91.2,62.46086774933567
89,0,89,"[179, 41, 195, 14, 23]",90.4,79.51251473824733
90,0,90,"[97, 107, 49, 88, 27]",73.6,30.486718419665966
91,0,91,"[51, 47, 68, 56, 29]",50.2,12.734205903785284
92,0,92,"[42, 53, 30, 55, 14]",38.8,15.27612516314265
93,0,93,"[311, 21, 58, 95, 52]",107.4,104.4808116354386
94,0,94,"[395, 45, 157, 46, 35]",135.6,137.18833769675905
95,0,95,"[109, 84, 44, 39, 10]",57.2,35.02798880895105
96,0,96,"[100, 89, 74, 49, 31]",68.6,25.413382301456842
97,0,97,"[120, 19, 50, 147, 200]",107.2,65.43821513458326
98,0,98,"[229, 51, 21, 52, 42]",79.0,75.82347921323579
99,0,99,"[87, 56, 208, 44, 46]",88.2,61.84626100258608
100,1,0,"[83, 10, 9, 13, 11]",25.2,28.930260973589576
101,1,1,"[66, 12, 10, 8, 9]",21.0,22.538855339169288
102,1,2,"[100, 8, 9, 6, 6]",25.8,37.118189611024945
103,1,3,"[50, 37, 21, 39, 17]",32.8,12.172099243762352
104,1,4,"[273, 11, 7, 10, 11]",62.4,105.31020843204138
105,1,5,"[41, 19, 13, 34, 31]",27.6,10.190191362285598
106,1,6,"[125, 7, 10, 10, 13]",33.0,46.039113805545824
107,1,7,"[58, 21, 10, 19, 10]",23.6,17.783138080777533
108,1,8,"[53, 8, 11, 17, 7]",19.2,17.255723688098392
109,1,9,"[17, 9, 10, 12, 9]",11.4,3.006659275674582
110,1,10,"[151, 14, 31, 27, 20]",48.6,51.53096156680952
111,1,11,"[110, 22, 15, 13, 8]",33.6,38.46348918130023
112,1,12,"[50, 12, 27, 14, 16]",23.8,14.09113196304683
113,1,13,"[64, 8, 8, 22, 12]",22.8,21.22639865827456
114,1,14,"[246, 12, 20, 11, 22]",62.2,92.00086956110796
115,1,15,"[53, 20, 16, 10, 21]",24.0,15.006665185843255
116,1,16,"[52, 23, 11, 20, 28]",26.8,13.760813929415658
117,1,17,"[112, 11, 9, 8, 12]",30.4,40.824502446447525
118,1,18,"[127, 9, 26, 15, 12]",37.8,44.968433372756046
119,1,19,"[188, 16, 11, 10, 17]",48.4,69.85298848295612
120,1,20,"[151, 15, 12, 17, 13]",41.6,54.72695862187118
121,1,21,"[45, 10, 10, 11, 11]",17.4,13.807244475274565
122,1,22,"[129, 27, 9, 21, 29]",43.0,43.56145084819834
123,1,23,"[173, 15, 18, 16, 20]",48.4,62.32367126541888
124,1,24,"[32, 9, 13, 14, 9]",15.4,8.5463442476886
125,1,25,"[165, 12, 12, 16, 16]",44.2,60.426484259801185
126,1,26,"[24, 6, 8, 7, 7]",10.4,6.829348431585549
127,1,27,"[39, 21, 15, 10, 11]",19.2,10.628264204469138
128,1,28,"[30, 13, 11, 15, 15]",16.8,6.764613810115105
129,1,29,"[78, 26, 25, 20, 27]",35.2,21.535087647836498
130,1,30,"[17, 11, 13, 17, 11]",13.8,2.7129319932501073
131,1,31,"[131, 8, 8, 12, 9]",33.6,48.722068921588296
132,1,32,"[336, 8, 7, 7, 8]",73.2,131.40076103280376
133,1,33,"[67, 15, 10, 22, 12]",25.2,21.292252111977255
134,1,34,"[35, 8, 7, 6, 16]",14.4,10.892199043352083
135,1,35,"[126, 18, 12, 14, 12]",36.4,44.85353943670444
136,1,36,"[211, 18, 19, 8, 13]",53.8,78.69790340282262
137,1,37,"[28, 6, 7, 14, 9]",12.8,8.084553172563094
138,1,38,"[259, 18, 11, 13, 18]",63.8,97.63892666349828
139,1,39,"[322, 42, 14, 11, 13]",80.4,121.33688639486346
140,1,40,"[14, 9, 10, 12, 12]",11.4,1.7435595774162693
141,1,41,"[83, 22, 6, 13, 6]",26.0,29.099828178186893
142,1,42,"[106, 11, 14, 9, 12]",30.4,37.83437590340298
143,1,43,"[28, 11, 8, 11, 14]",14.4,7.059745037889116
144,1,44,"[28, 14, 12, 15, 11]",16.0,6.164414002968976
145,1,45,"[54, 11, 8, 14, 9]",19.2,17.520273970460618
146,1,46,"[149, 31, 16, 19, 18]",46.6,51.46882551603447
147,1,47,"[96, 15, 27, 29, 18]",37.0,29.966648127543394
148,1,48,"[269, 22, 10, 6, 12]",63.8,102.73538825545945
149,1,49,"[164, 9, 26, 14, 9]",44.4,60.12187621822858
150,1,50,"[167, 19, 20, 22, 30]",51.6,57.829404285363346
151,1,51,"[92, 23, 14, 16, 24]",33.8,29.355749011054037
152,1,52,"[252, 10, 11, 12, 13]",59.6,96.20519736479937
153,1,53,"[40, 16, 15, 15, 12]",19.6,10.287856919689348
154,1,54,"[179, 15, 12, 11, 13]",46.0,66.51315659326356
155,1,55,"[108, 7, 10, 12, 10]",29.4,39.33242936814353
156,1,56,"[34, 11, 21, 11, 13]",18.0,8.809086218218097
157,1,57,"[43, 11, 13, 20, 13]",20.0,11.899579824514813
158,1,58,"[42, 16, 14, 13, 12]",19.4,11.377170122662314
159,1,59,"[325, 10, 13, 13, 14]",75.0,125.00719979265195
160,1,60,"[27, 15, 23, 13, 13]",18.2,5.741080037762929
161,1,61,"[51, 7, 9, 9, 7]",16.6,17.22324011328879
162,1,62,"[52, 20, 10, 13, 12]",21.4,15.666524822052912
163,1,63,"[31, 7, 9, 8, 7]",12.4,9.329523031752482
164,1,64,"[58, 14, 37, 12, 11]",26.4,18.488915598271305
165,1,65,"[32, 13, 11, 17, 12]",17.0,7.771743691090179
166,1,66,"[56, 6, 7, 11, 6]",17.2,19.487431847218865
167,1,67,"[81, 10, 28, 21, 9]",29.8,26.55861442169
168,1,68,"[18, 8, 11, 9, 8]",10.8,3.7629775444453557
169,1,69,"[109, 7, 10, 7, 12]",29.0,40.044974715936576
170,1,70,"[263, 16, 19, 25, 18]",68.2,97.4461902795589
171,1,71,"[53, 8, 14, 10, 9]",18.8,17.22091751330341
172,1,72,"[73, 38, 8, 21, 12]",30.4,23.66938951472978
173,1,73,"[32, 14, 11, 11, 14]",16.4,7.914543574963751
174,1,74,"[126, 6, 6, 8, 8]",30.8,47.6084026197057
175,1,75,"[75, 8, 10, 10, 19]",24.4,25.585933635495895
176,1,76,"[121, 11, 7, 6, 6]",30.2,45.43742950475961
177,1,77,"[45, 12, 14, 25, 19]",23.0,11.882760622010357
178,1,78,"[149, 18, 10, 12, 17]",41.2,53.98296027451625
179,1,79,"[36, 10, 9, 11, 15]",16.2,10.107423014794621
180,1,80,"[38, 13, 13, 17, 14]",19.0,9.612491872558333
181,1,81,"[172, 18, 15, 12, 12]",45.8,63.13921127160205
182,1,82,"[50, 13, 18, 10, 13]",20.8,14.824304368165137
183,1,83,"[215, 12, 26, 12, 15]",56.0,79.66680613655853
184,1,84,"[315, 11, 11, 14, 12]",72.6,121.2049503939505
185,1,85,"[161, 15, 16, 14, 14]",44.0,58.50470066584394
186,1,86,"[50, 11, 13, 9, 11]",18.8,15.651198037211081
187,1,87,"[74, 23, 15, 13, 26]",30.2,22.426769718352215
188,1,88,"[170, 14, 18, 16, 31]",49.8,60.393377120343246
189,1,89,"[179, 11, 7, 11, 8]",43.2,67.91877501839974
190,1,90,"[97, 12, 13, 11, 11]",28.8,34.10806356274129
191,1,91,"[51, 17, 28, 13, 16]",25.0,13.957077057894322
192,1,92,"[42, 18, 9, 12, 13]",18.8,11.9565881421081
193,1,93,"[311, 9, 8, 10, 10]",69.6,120.70227835463588
194,1,94,"[395, 14, 11, 10, 12]",88.4,153.30570765630353
195,1,95,"[109, 17, 27, 12, 21]",37.2,36.23478991245844
196,1,96,"[100, 21, 14, 10, 14]",31.8,34.28352373954579
197,1,97,"[120, 9, 11, 7, 11]",31.6,44.224879875472816
198,1,98,"[229, 12, 27, 11, 19]",59.6,84.89428720473481
199,1,99,"[87, 10, 13, 19, 11]",28.0,29.664793948382652
200,2,0,"[83, 10, 9, 13, 11]",25.2,28.930260973589576
201,2,1,"[66, 12, 10, 8, 9]",21.0,22.538855339169288
202,2,2,"[100, 8, 9, 6, 6]",25.8,37.118189611024945
203,2,3,"[50, 37, 21, 39, 17]",32.8,12.172099243762352
204,2,4,"[273, 11, 7, 10, 11]",62.4,105.31020843204138
205,2,5,"[41, 19, 13, 34, 31]",27.6,10.190191362285598
206,2,6,"[125, 7, 10, 10, 13]",33.0,46.039113805545824
207,2,7,"[58, 21, 10, 19, 10]",23.6,17.783138080777533
208,2,8,"[53, 8, 11, 17, 7]",19.2,17.255723688098392
209,2,9,"[17, 9, 10, 12, 9]",11.4,3.006659275674582
210,2,10,"[151, 14, 31, 27, 20]",48.6,51.53096156680952
211,2,11,"[110, 22, 15, 13, 8]",33.6,38.46348918130023
212,2,12,"[50, 12, 27, 14, 16]",23.8,14.09113196304683
213,2,13,"[64, 8, 8, 22, 12]",22.8,21.22639865827456
214,2,14,"[246, 12, 20, 11, 22]",62.2,92.00086956110796
215,2,15,"[53, 20, 16, 10, 21]",24.0,15.006665185843255
216,2,16,"[52, 23, 11, 20, 28]",26.8,13.760813929415658
217,2,17,"[112, 11, 9, 8, 12]",30.4,40.824502446447525
218,2,18,"[127, 9, 26, 15, 12]",37.8,44.968433372756046
219,2,19,"[188, 16, 11, 10, 17]",48.4,69.85298848295612
220,2,20,"[151, 15, 12, 17, 13]",41.6,54.72695862187118
221,2,21,"[45, 10, 10, 11, 11]",17.4,13.807244475274565
222,2,22,"[129, 27, 9, 21, 29]",43.0,43.56145084819834
223,2,23,"[173, 15, 18, 16, 20]",48.4,62.32367126541888
224,2,24,"[32, 9, 13, 14, 9]",15.4,8.5463442476886
225,2,25,"[165, 12, 12, 16, 16]",44.2,60.426484259801185
226,2,26,"[24, 6, 8, 7, 7]",10.4,6.829348431585549
227,2,27,"[39, 21, 15, 10, 11]",19.2,10.628264204469138
228,2,28,"[30, 13, 11, 15, 15]",16.8,6.764613810115105
229,2,29,"[78, 26, 25, 20, 27]",35.2,21.535087647836498
230,2,30,"[17, 11, 13, 17, 11]",13.8,2.7129319932501073
231,2,31,"[131, 8, 8, 12, 9]",33.6,48.722068921588296
232,2,32,"[336, 8, 7, 7, 8]",73.2,131.40076103280376
233,2,33,"[67, 15, 10, 22, 12]",25.2,21.292252111977255
234,2,34,"[35, 8, 7, 6, 16]",14.4,10.892199043352083
235,2,35,"[126, 18, 12, 14, 12]",36.4,44.85353943670444
236,2,36,"[211, 18, 19, 8, 13]",53.8,78.69790340282262
237,2,37,"[28, 6, 7, 14, 9]",12.8,8.084553172563094
238,2,38,"[259, 18, 11, 13, 18]",63.8,97.63892666349828
239,2,39,"[322, 42, 14, 11, 13]",80.4,121.33688639486346
240,2,40,"[14, 9, 10, 12, 12]",11.4,1.7435595774162693
241,2,41,"[83, 22, 6, 13, 6]",26.0,29.099828178186893
242,2,42,"[106, 11, 14, 9, 12]",30.4,37.83437590340298
243,2,43,"[28, 11, 8, 11, 14]",14.4,7.059745037889116
244,2,44,"[28, 14, 12, 15, 11]",16.0,6.164414002968976
245,2,45,"[54, 11, 8, 14, 9]",19.2,17.520273970460618
246,2,46,"[149, 31, 16, 19, 18]",46.6,51.46882551603447
247,2,47,"[96, 15, 27, 29, 18]",37.0,29.966648127543394
248,2,48,"[269, 22, 10, 6, 12]",63.8,102.73538825545945
249,2,49,"[164, 9, 26, 14, 9]",44.4,60.12187621822858
250,2,50,"[167, 19, 20, 22, 30]",51.6,57.829404285363346
251,2,51,"[92, 23, 14, 16, 24]",33.8,29.355749011054037
252,2,52,"[252, 10, 11, 12, 13]",59.6,96.20519736479937
253,2,53,"[40, 16, 15, 15, 12]",19.6,10.287856919689348
254,2,54,"[179, 15, 12, 11, 13]",46.0,66.51315659326356
255,2,55,"[108, 7, 10, 12, 10]",29.4,39.33242936814353
256,2,56,"[34, 11, 21, 11, 13]",18.0,8.809086218218097
257,2,57,"[43, 11, 13, 20, 13]",20.0,11.899579824514813
258,2,58,"[42, 16, 14, 13, 12]",19.4,11.377170122662314
259,2,59,"[325, 10, 13, 13, 14]",75.0,125.00719979265195
260,2,60,"[27, 15, 23, 13, 13]",18.2,5.741080037762929
261,2,61,"[51, 7, 9, 9, 7]",16.6,17.22324011328879
262,2,62,"[52, 20, 10, 13, 12]",21.4,15.666524822052912
263,2,63,"[31, 7, 9, 8, 7]",12.4,9.329523031752482
264,2,64,"[58, 14, 37, 12, 11]",26.4,18.488915598271305
265,2,65,"[32, 13, 11, 17, 12]",17.0,7.771743691090179
266,2,66,"[56, 6, 7, 11, 6]",17.2,19.487431847218865
267,2,67,"[81, 10, 28, 21, 9]",29.8,26.55861442169
268,2,68,"[18, 8, 11, 9, 8]",10.8,3.7629775444453557
269,2,69,"[109, 7, 10, 7, 12]",29.0,40.044974715936576
270,2,70,"[263, 16, 19, 25, 18]",68.2,97.4461902795589
271,2,71,"[53, 8, 14, 10, 9]",18.8,17.22091751330341
272,2,72,"[73, 38, 8, 21, 12]",30.4,23.66938951472978
273,2,73,"[32, 14, 11, 11, 14]",16.4,7.914543574963751
274,2,74,"[126, 6, 6, 8, 8]",30.8,47.6084026197057
275,2,75,"[75, 8, 10, 10, 19]",24.4,25.585933635495895
276,2,76,"[121, 11, 7, 6, 6]",30.2,45.43742950475961
277,2,77,"[45, 12, 14, 25, 19]",23.0,11.882760622010357
278,2,78,"[149, 18, 10, 12, 17]",41.2,53.98296027451625
279,2,79,"[36, 10, 9, 11, 15]",16.2,10.107423014794621
280,2,80,"[38, 13, 13, 17, 14]",19.0,9.612491872558333
281,2,81,"[172, 18, 15, 12, 12]",45.8,63.13921127160205
282,2,82,"[50, 13, 18, 10, 13]",20.8,14.824304368165137
283,2,83,"[215, 12, 26, 12, 15]",56.0,79.66680613655853
284,2,84,"[315, 11, 11, 14, 12]",72.6,121.2049503939505
285,2,85,"[161, 15, 16, 14, 14]",44.0,58.50470066584394
286,2,86,"[50, 11, 13, 9, 11]",18.8,15.651198037211081
287,2,87,"[74, 23, 15, 13, 26]",30.2,22.426769718352215
288,2,88,"[170, 14, 18, 16, 31]",49.8,60.393377120343246
289,2,89,"[179, 11, 7, 11, 8]",43.2,67.91877501839974
290,2,90,"[97, 12, 13, 11, 11]",28.8,34.10806356274129
291,2,91,"[51, 17, 28, 13, 16]",25.0,13.957077057894322
292,2,92,"[42, 18, 9, 12, 13]",18.8,11.9565881421081
293,2,93,"[311, 9, 8, 10, 10]",69.6,120.70227835463588
294,2,94,"[395, 14, 11, 10, 12]",88.4,153.30570765630353
295,2,95,"[109, 17, 27, 12, 21]",37.2,36.23478991245844
296,2,96,"[100, 21, 14, 10, 14]",31.8,34.28352373954579
297,2,97,"[120, 9, 11, 7, 11]",31.6,44.224879875472816
298,2,98,"[229, 12, 27, 11, 19]",59.6,84.89428720473481
299,2,99,"[87, 10, 13, 19, 11]",28.0,29.664793948382652
300,4,0,"[83, 10, 9, 13, 11]",25.2,28.930260973589576
301,4,1,"[66, 12, 10, 8, 9]",21.0,22.538855339169288
302,4,2,"[100, 13, 7, 9, 7]",27.2,36.4658744581835
303,4,3,"[50, 37, 21, 39, 17]",32.8,12.172099243762352
304,4,4,"[273, 11, 11, 13, 15]",64.6,104.21055608718342
305,4,5,"[41, 19, 13, 65, 18]",31.2,19.456618411224493
306,4,6,"[125, 7, 10, 10, 13]",33.0,46.039113805545824
307,4,7,"[58, 21, 10, 19, 10]",23.6,17.783138080777533
308,4,8,"[53, 8, 11, 17, 7]",19.2,17.255723688098392
309,4,9,"[17, 9, 10, 12, 9]",11.4,3.006659275674582
310,4,10,"[151, 8, 10, 11, 11]",38.2,56.410637294751425
311,4,11,"[110, 13, 14, 17, 11]",33.0,38.54867053479276
312,4,12,"[50, 12, 27, 14, 16]",23.8,14.09113196304683
313,4,13,"[64, 8, 8, 22, 12]",22.8,21.22639865827456
314,4,14,"[246, 14, 9, 17, 14]",60.0,93.0354771041671
315,4,15,"[53, 20, 16, 10, 21]",24.0,15.006665185843255
316,4,16,"[52, 23, 11, 20, 28]",26.8,13.760813929415658
317,4,17,"[112, 15, 12, 16, 13]",33.6,39.22550190883477
318,4,18,"[127, 7, 10, 13, 11]",33.6,46.74013264850668
319,4,19,"[188, 12, 10, 22, 6]",47.6,70.3977272360408
320,4,20,"[151, 19, 21, 10, 9]",42.0,54.70648956019752
321,4,21,"[45, 10, 10, 11, 11]",17.4,13.807244475274565
322,4,22,"[129, 7, 15, 7, 10]",33.6,47.7895386041757
323,4,23,"[173, 15, 18, 23, 15]",48.8,62.16880246554537
324,4,24,"[32, 9, 13, 14, 9]",15.4,8.5463442476886
325,4,25,"[165, 20, 14, 22, 15]",47.2,58.97592729241314
326,4,26,"[24, 6, 8, 7, 7]",10.4,6.829348431585549
327,4,27,"[39, 21, 15, 10, 11]",19.2,10.628264204469138
328,4,28,"[30, 13, 11, 15, 15]",16.8,6.764613810115105
329,4,29,"[78, 26, 25, 20, 27]",35.2,21.535087647836498
330,4,30,"[17, 11, 13, 17, 11]",13.8,2.7129319932501073
331,4,31,"[131, 8, 8, 16, 8]",34.2,48.499072156073254
332,4,32,"[336, 13, 11, 16, 12]",77.6,129.21083545895056
333,4,33,"[67, 15, 10, 22, 12]",25.2,21.292252111977255
334,4,34,"[35, 8, 7, 6, 16]",14.4,10.892199043352083
335,4,35,"[126, 18, 12, 20, 13]",37.8,44.201357445218804
336,4,36,"[211, 18, 16, 12, 14]",54.2,78.4255060551094
337,4,37,"[28, 6, 7, 14, 9]",12.8,8.084553172563094
338,4,38,"[259, 21, 9, 12, 14]",63.0,98.07955954224101
339,4,39,"[322, 26, 11, 7, 12]",75.6,123.36709447822786
340,4,40,"[14, 9, 10, 12, 12]",11.4,1.7435595774162693
341,4,41,"[83, 22, 6, 13, 6]",26.0,29.099828178186893
342,4,42,"[106, 11, 14, 9, 12]",30.4,37.83437590340298
343,4,43,"[28, 11, 8, 11, 14]",14.4,7.059745037889116
344,4,44,"[28, 14, 12, 15, 11]",16.0,6.164414002968976
345,4,45,"[54, 11, 8, 14, 9]",19.2,17.520273970460618
346,4,46,"[149, 14, 23, 9, 21]",43.2,53.13529900169942
347,4,47,"[96, 15, 27, 29, 18]",37.0,29.966648127543394
348,4,48,"[269, 11, 9, 13, 11]",62.6,103.20775164686033
349,4,49,"[164, 11, 24, 15, 12]",45.2,59.57650543628755
350,4,50,"[167, 9, 39, 15, 14]",48.8,60.007999466737765
351,4,51,"[92, 23, 14, 16, 24]",33.8,29.355749011054037
352,4,52,"[252, 7, 14, 12, 10]",59.0,96.52771622699876
353,4,53,"[40, 16, 15, 15, 12]",19.6,10.287856919689348
354,4,54,"[179, 20, 17, 12, 14]",48.4,65.35625448264305
355,4,55,"[108, 9, 9, 11, 13]",30.0,39.0281949364815
356,4,56,"[34, 11, 21, 11, 13]",18.0,8.809086218218097
357,4,57,"[43, 11, 13, 20, 13]",20.0,11.899579824514813
358,4,58,"[42, 16, 14, 13, 12]",19.4,11.377170122662314
359,4,59,"[325, 13, 9, 9, 16]",74.4,125.32773037121514
360,4,60,"[27, 15, 23, 13, 13]",18.2,5.741080037762929
361,4,61,"[51, 7, 9, 9, 7]",16.6,17.22324011328879
362,4,62,"[52, 20, 10, 13, 12]",21.4,15.666524822052912
363,4,63,"[31, 7, 9, 8, 7]",12.4,9.329523031752482
364,4,64,"[58, 14, 37, 12, 11]",26.4,18.488915598271305
365,4,65,"[32, 13, 11, 17, 12]",17.0,7.771743691090179
366,4,66,"[56, 6, 7, 11, 6]",17.2,19.487431847218865
367,4,67,"[81, 10, 28, 21, 9]",29.8,26.55861442169
368,4,68,"[18, 8, 11, 9, 8]",10.8,3.7629775444453557
369,4,69,"[109, 8, 9, 7, 12]",29.0,40.0349847008838
370,4,70,"[263, 26, 28, 14, 20]",70.2,96.52440106004286
371,4,71,"[53, 8, 14, 10, 9]",18.8,17.22091751330341
372,4,72,"[73, 38, 8, 21, 12]",30.4,23.66938951472978
373,4,73,"[32, 14, 11, 11, 14]",16.4,7.914543574963751
374,4,74,"[126, 10, 9, 8, 7]",32.0,47.01063709417264
375,4,75,"[75, 8, 10, 10, 19]",24.4,25.585933635495895
376,4,76,"[121, 9, 6, 9, 14]",31.8,44.67392975774573
377,4,77,"[45, 12, 14, 25, 19]",23.0,11.882760622010357
378,4,78,"[149, 12, 11, 12, 9]",38.6,55.210868495251916
379,4,79,"[36, 10, 9, 11, 15]",16.2,10.107423014794621
380,4,80,"[38, 13, 13, 17, 14]",19.0,9.612491872558333
381,4,81,"[172, 18, 29, 17, 19]",51.0,60.65311203887234
382,4,82,"[50, 13, 18, 10, 13]",20.8,14.824304368165137
383,4,83,"[215, 28, 13, 15, 15]",57.2,79.08071825672805
384,4,84,"[315, 8, 14, 10, 7]",70.8,122.12354400360316
385,4,85,"[161, 15, 10, 12, 8]",41.2,59.944641128294364
386,4,86,"[50, 11, 13, 9, 11]",18.8,15.651198037211081
387,4,87,"[74, 23, 15, 13, 26]",30.2,22.426769718352215
388,4,88,"[170, 11, 12, 8, 10]",42.2,63.91369180386938
389,4,89,"[179, 29, 8, 16, 13]",49.0,65.36971775983127
390,4,90,"[97, 10, 14, 14, 10]",29.0,34.04702630186666
391,4,91,"[51, 17, 28, 13, 16]",25.0,13.957077057894322
392,4,92,"[42, 18, 9, 12, 13]",18.8,11.9565881421081
393,4,93,"[311, 13, 11, 11, 19]",73.0,119.03612896931755
394,4,94,"[395, 15, 20, 11, 6]",89.4,152.86935598739205
395,4,95,"[109, 25, 18, 11, 23]",37.2,36.223749115738975
396,4,96,"[100, 22, 13, 10, 14]",31.8,34.33016166580053
397,4,97,"[120, 9, 10, 7, 11]",31.4,44.31974729169831
398,4,98,"[229, 7, 9, 14, 15]",54.8,87.15136258257813
399,4,99,"[87, 10, 13, 19, 11]",28.0,29.664793948382652
