0,0,6, 1.0
0,0,16, 2.0
0,0,31, 24.0
0,1,26, 2.0
0,1,31, 19.0
0,2,26, 18.0
0,2,31, 1.0
0,3,1, 4.0
0,3,26, 2.0
0,3,30, 12.0
0,4,1, 24.0
0,4,30, 3.0
0,5,1, 7.0
0,5,5, 1.0
0,5,23, 10.0
0,6,5, 16.0
0,6,23, 2.0
0,7,5, 6.0
0,7,6, 15.0
1,0,0, 16.0
1,0,5, 1.0
1,0,26, 2.0
1,1,0, 9.0
1,1,26, 16.0
1,1,30, 2.0
1,2,26, 1.0
1,2,30, 23.0
1,3,2, 2.0
1,3,3, 13.0
1,3,30, 8.0
1,4,2, 17.0
1,4,3, 6.0
1,5,2, 15.0
1,5,23, 4.0
1,6,2, 3.0
1,6,23, 19.0
1,7,5, 7.0
1,7,23, 4.0
2,0,1, 14.0
2,0,23, 7.0
2,1,1, 18.0
2,1,30, 6.0
2,2,1, 1.0
2,2,3, 12.0
2,2,30, 9.0
2,3,3, 15.0
2,3,4, 5.0
2,4,4, 17.0
2,4,42, 1.0
2,5,25, 12.0
2,5,41, 1.0
2,5,42, 1.0
2,6,23, 1.0
2,6,24, 2.0
2,6,25, 22.0
2,7,1, 3.0
2,7,23, 20.0
2,7,25, 1.0
3,0,1, 11.0
3,0,30, 11.0
3,1,30, 13.0
3,1,32, 1.0
3,1,37, 1.0
3,1,38, 3.0
3,1,39, 5.0
3,2,3, 1.0
3,2,38, 12.0
3,2,39, 7.0
3,2,40, 4.0
3,2,41, 4.0
3,3,3, 9.0
3,3,4, 1.0
3,3,38, 4.0
3,3,39, 4.0
3,3,40, 1.0
3,3,41, 9.0
3,3,42, 1.0
3,4,3, 12.0
3,4,4, 4.0
3,4,38, 1.0
3,4,39, 1.0
3,4,41, 4.0
3,5,3, 1.0
3,5,4, 23.0
3,6,2, 18.0
3,6,4, 9.0
3,7,1, 6.0
3,7,2, 18.0
3,7,30, 1.0
4,0,2, 10.0
4,0,3, 7.0
4,0,25, 1.0
4,1,3, 22.0
4,1,41, 2.0
4,2,3, 9.0
4,2,4, 5.0
4,2,38, 1.0
4,2,39, 1.0
4,2,40, 1.0
4,2,41, 8.0
4,2,42, 1.0
4,3,4, 26.0
4,4,4, 29.0
4,5,4, 22.0
4,5,25, 1.0
4,6,4, 1.0
4,6,25, 7.0
4,6,36, 4.0
4,6,41, 4.0
4,6,42, 4.0
4,7,2, 5.0
4,7,3, 1.0
4,7,25, 6.0
5,0,6, 22.0
5,1,0, 1.0
5,1,6, 6.0
5,1,31, 13.0
5,2,0, 16.0
5,3,0, 8.0
5,3,1, 14.0
5,4,1, 2.0
5,4,23, 9.0
5,5,11, 1.0
5,5,23, 10.0
5,6,11, 15.0
5,6,23, 1.0
5,7,6, 9.0
5,7,11, 8.0
6,0,16, 18.0
6,1,16, 12.0
6,1,17, 1.0
6,1,31, 4.0
6,2,0, 1.0
6,2,5, 1.0
6,2,31, 22.0
6,3,0, 17.0
6,3,5, 4.0
6,3,31, 4.0
6,4,0, 2.0
6,4,5, 22.0
6,4,11, 2.0
6,5,5, 3.0
6,5,11, 15.0
6,6,7, 14.0
6,6,11, 3.0
6,7,7, 13.0
6,7,15, 6.0
6,7,16, 4.0
7,0,8, 1.0
7,0,15, 17.0
7,1,15, 5.0
7,1,16, 16.0
7,2,6, 12.0
7,2,16, 4.0
7,3,5, 1.0
7,3,6, 10.0
7,3,11, 8.0
7,4,9, 1.0
7,4,11, 16.0
7,5,9, 14.0
7,5,10, 5.0
7,5,11, 2.0
7,6,8, 8.0
7,6,9, 18.0
7,7,8, 9.0
7,7,15, 4.0
8,0,21, 3.0
8,0,29, 16.0
8,1,15, 10.0
8,1,21, 2.0
8,1,29, 1.0
8,2,7, 4.0
8,2,15, 10.0
8,3,7, 17.0
8,3,9, 3.0
8,3,11, 1.0
8,4,9, 17.0
8,5,9, 7.0
8,5,14, 7.0
8,5,22, 3.0
8,6,14, 14.0
8,7,14, 2.0
8,7,29, 13.0
9,0,7, 1.0
9,0,8, 14.0
9,0,14, 1.0
9,1,7, 22.0
9,1,8, 9.0
9,2,7, 6.0
9,2,11, 7.0
9,3,7, 1.0
9,3,11, 14.0
9,4,10, 20.0
9,4,11, 1.0
9,4,13, 1.0
9,5,10, 1.0
9,5,13, 2.0
9,5,22, 7.0
9,6,14, 1.0
9,6,22, 18.0
9,7,8, 1.0
9,7,14, 15.0
10,0,9, 19.0
10,0,22, 2.0
10,1,7, 4.0
10,1,9, 4.0
10,1,11, 8.0
10,2,11, 14.0
10,2,23, 3.0
10,3,11, 1.0
10,3,12, 8.0
10,3,23, 13.0
10,4,12, 17.0
10,4,24, 1.0
10,5,12, 2.0
10,5,13, 11.0
10,6,12, 1.0
10,6,13, 7.0
10,6,22, 5.0
10,7,9, 2.0
10,7,22, 12.0
11,0,7, 15.0
11,1,5, 3.0
11,1,6, 24.0
11,2,5, 19.0
11,2,6, 6.0
11,3,5, 6.0
11,3,23, 18.0
11,4,12, 4.0
11,4,23, 20.0
11,4,24, 2.0
11,5,10, 8.0
11,5,12, 6.0
11,6,7, 1.0
11,6,9, 2.0
11,6,10, 15.0
11,7,7, 4.0
11,7,9, 15.0
11,7,10, 2.0
12,0,10, 20.0
12,0,13, 7.0
12,1,10, 3.0
12,1,11, 20.0
12,1,23, 4.0
12,2,23, 12.0
12,2,24, 12.0
12,3,23, 1.0
12,3,24, 21.0
12,3,25, 1.0
12,4,12, 10.0
12,4,24, 13.0
12,5,12, 24.0
12,5,13, 4.0
12,5,24, 4.0
12,6,12, 8.0
12,6,13, 15.0
12,7,10, 4.0
12,7,13, 11.0
13,0,22, 15.0
13,1,9, 1.0
13,1,10, 10.0
13,1,12, 1.0
13,2,10, 10.0
13,2,12, 10.0
13,3,12, 21.0
13,3,24, 1.0
13,4,12, 3.0
13,4,13, 20.0
13,5,13, 19.0
13,6,13, 24.0
13,7,13, 14.0
13,7,22, 1.0
14,0,14, 9.0
14,0,29, 7.0
14,1,8, 4.0
14,1,29, 15.0
14,2,8, 14.0
14,2,9, 2.0
14,2,29, 1.0
14,3,8, 3.0
14,3,9, 21.0
14,4,22, 15.0
14,5,14, 19.0
14,5,22, 6.0
14,6,14, 14.0
14,7,14, 21.0
15,0,20, 8.0
15,0,21, 13.0
15,1,19, 11.0
15,1,20, 6.0
15,2,16, 13.0
15,2,17, 3.0
15,2,19, 4.0
15,3,6, 11.0
15,3,7, 3.0
15,3,16, 12.0
15,4,6, 1.0
15,4,7, 19.0
15,4,8, 2.0
15,4,16, 1.0
15,5,7, 6.0
15,5,8, 16.0
15,5,9, 1.0
15,6,8, 16.0
15,6,21, 1.0
15,6,29, 14.0
15,7,21, 7.0
15,7,29, 6.0
16,0,17, 6.0
16,0,19, 10.0
16,0,20, 2.0
16,1,17, 13.0
16,1,19, 5.0
16,2,17, 16.0
16,2,31, 4.0
16,2,33, 6.0
16,3,6, 3.0
16,3,31, 19.0
16,4,6, 14.0
16,4,31, 1.0
16,5,6, 10.0
16,5,7, 13.0
16,5,15, 1.0
16,6,6, 2.0
16,6,7, 10.0
16,6,15, 9.0
16,7,15, 20.0
16,7,19, 1.0
16,7,20, 4.0
16,7,21, 3.0
17,0,18, 3.0
17,0,19, 3.0
17,0,34, 9.0
17,0,40, 1.0
17,0,43, 1.0
17,1,18, 9.0
17,1,34, 9.0
17,2,18, 8.0
17,2,33, 3.0
17,3,18, 4.0
17,3,31, 2.0
17,3,33, 6.0
17,4,16, 2.0
17,4,31, 11.0
17,5,16, 21.0
17,6,15, 1.0
17,6,16, 9.0
17,6,19, 9.0
17,7,19, 30.0
18,0,34, 13.0
18,0,38, 1.0
18,1,34, 6.0
18,1,36, 1.0
18,1,37, 2.0
18,1,38, 4.0
18,1,41, 2.0
18,2,36, 6.0
18,2,37, 4.0
18,2,38, 6.0
18,2,39, 1.0
18,3,33, 13.0
18,3,36, 2.0
18,3,37, 2.0
18,3,38, 1.0
18,3,39, 2.0
18,4,31, 1.0
18,4,33, 22.0
18,5,17, 9.0
18,5,31, 6.0
18,5,33, 2.0
18,6,17, 10.0
18,7,17, 2.0
18,7,19, 2.0
18,7,34, 4.0
18,7,39, 2.0
18,7,40, 3.0
18,7,41, 1.0
18,7,43, 1.0
19,0,19, 12.0
19,0,20, 9.0
19,0,38, 2.0
19,0,39, 2.0
19,0,40, 1.0
19,0,41, 1.0
19,1,19, 4.0
19,1,34, 8.0
19,1,38, 2.0
19,1,39, 3.0
19,1,41, 1.0
19,1,43, 1.0
19,2,17, 6.0
19,2,18, 1.0
19,2,34, 14.0
19,3,17, 14.0
19,3,18, 4.0
19,3,34, 1.0
19,4,16, 9.0
19,4,17, 8.0
19,5,15, 20.0
19,5,16, 4.0
19,5,20, 1.0
19,6,15, 4.0
19,6,20, 13.0
19,6,21, 8.0
19,7,19, 5.0
19,7,20, 16.0
19,7,21, 1.0
20,0,20, 20.0
20,1,19, 1.0
20,1,20, 18.0
20,1,43, 1.0
20,2,19, 13.0
20,2,38, 1.0
20,2,39, 2.0
20,2,40, 6.0
20,2,43, 1.0
20,3,16, 2.0
20,3,19, 24.0
20,4,15, 13.0
20,4,16, 2.0
20,4,19, 3.0
20,4,21, 1.0
20,5,15, 1.0
20,5,21, 9.0
20,6,20, 3.0
20,6,21, 18.0
20,7,20, 22.0
20,7,21, 1.0
21,0,20, 5.0
21,0,21, 20.0
21,1,20, 12.0
21,1,21, 6.0
21,2,19, 4.0
21,2,20, 11.0
21,3,15, 14.0
21,3,16, 2.0
21,3,19, 1.0
21,3,20, 6.0
21,4,8, 3.0
21,4,15, 15.0
21,5,8, 3.0
21,5,15, 3.0
21,5,29, 17.0
21,6,21, 15.0
21,6,29, 7.0
21,7,21, 16.0
22,0,14, 13.0
22,1,8, 7.0
22,1,9, 7.0
22,1,14, 9.0
22,2,9, 10.0
22,3,9, 2.0
22,3,10, 17.0
22,3,13, 2.0
22,4,13, 18.0
22,5,22, 16.0
22,6,22, 15.0
22,7,14, 1.0
22,7,22, 19.0
23,0,5, 15.0
23,0,11, 18.0
23,1,0, 7.0
23,1,5, 18.0
23,1,11, 2.0
23,2,0, 1.0
23,2,1, 15.0
23,2,2, 1.0
23,2,5, 1.0
23,3,1, 4.0
23,3,2, 29.0
23,3,25, 2.0
23,4,2, 2.0
23,4,24, 5.0
23,4,25, 18.0
23,5,12, 1.0
23,5,24, 28.0
23,5,25, 4.0
23,6,10, 2.0
23,6,12, 22.0
23,6,24, 3.0
23,7,10, 15.0
23,7,11, 12.0
23,7,12, 1.0
24,0,10, 1.0
24,0,12, 14.0
24,0,23, 10.0
24,1,23, 23.0
24,2,2, 2.0
24,2,23, 8.0
24,2,25, 21.0
24,3,25, 23.0
24,3,40, 2.0
24,4,24, 16.0
24,4,25, 4.0
24,4,40, 1.0
24,5,24, 27.0
24,6,12, 9.0
24,6,24, 16.0
24,7,12, 24.0
24,7,13, 3.0
25,0,23, 20.0
25,0,24, 11.0
25,1,1, 3.0
25,1,2, 18.0
25,1,23, 5.0
25,1,24, 1.0
25,2,2, 10.0
25,2,4, 8.0
25,2,41, 2.0
25,3,2, 3.0
25,3,4, 9.0
25,3,25, 5.0
25,3,36, 5.0
25,3,41, 2.0
25,3,42, 1.0
25,4,4, 1.0
25,4,25, 24.0
25,4,36, 1.0
25,4,41, 1.0
25,4,42, 2.0
25,5,24, 1.0
25,5,25, 24.0
25,6,24, 16.0
25,6,25, 20.0
25,6,40, 4.0
25,7,24, 22.0
25,7,40, 1.0
26,0,31, 8.0
26,0,33, 13.0
26,0,43, 1.0
26,1,28, 2.0
26,1,33, 1.0
26,1,35, 2.0
26,1,37, 2.0
26,1,39, 1.0
26,1,40, 3.0
26,1,43, 3.0
26,2,27, 14.0
26,2,28, 5.0
26,2,43, 2.0
26,3,27, 16.0
26,3,30, 2.0
26,3,32, 3.0
26,4,27, 2.0
26,4,30, 18.0
26,5,0, 6.0
26,5,1, 6.0
26,5,30, 2.0
26,6,0, 20.0
26,6,1, 1.0
26,6,31, 2.0
26,7,0, 6.0
26,7,31, 18.0
27,0,28, 3.0
27,0,33, 2.0
27,0,35, 1.0
27,0,37, 3.0
27,0,39, 4.0
27,0,40, 1.0
27,0,43, 4.0
27,1,28, 16.0
27,1,36, 1.0
27,2,28, 5.0
27,2,32, 1.0
27,2,36, 6.0
27,2,37, 1.0
27,2,40, 1.0
27,2,41, 1.0
27,3,28, 1.0
27,3,32, 9.0
27,3,36, 4.0
27,3,37, 1.0
27,3,41, 2.0
27,4,30, 3.0
27,4,32, 13.0
27,5,26, 2.0
27,5,30, 20.0
27,6,26, 12.0
27,6,30, 6.0
27,7,26, 19.0
28,0,35, 15.0
28,0,42, 1.0
28,1,28, 25.0
28,1,35, 3.0
28,2,28, 17.0
28,2,37, 1.0
28,3,28, 12.0
28,3,36, 2.0
28,3,37, 2.0
28,3,40, 6.0
28,4,27, 8.0
28,4,32, 1.0
28,4,36, 9.0
28,4,37, 2.0
28,4,40, 4.0
28,4,41, 2.0
28,4,42, 1.0
28,5,27, 19.0
28,5,36, 1.0
28,5,37, 1.0
28,6,26, 8.0
28,6,27, 2.0
28,6,31, 1.0
28,6,37, 3.0
28,6,39, 1.0
28,6,40, 3.0
28,6,43, 2.0
28,7,33, 3.0
28,7,35, 6.0
28,7,37, 3.0
28,7,39, 3.0
28,7,40, 3.0
28,7,42, 2.0
28,7,43, 2.0
29,0,29, 14.0
29,1,21, 21.0
29,2,15, 13.0
29,2,21, 8.0
29,3,8, 13.0
29,3,15, 8.0
29,4,8, 7.0
29,4,14, 7.0
29,5,14, 14.0
29,5,29, 4.0
29,6,29, 25.0
29,7,29, 25.0
30,0,0, 1.0
30,0,26, 15.0
30,0,27, 1.0
30,1,27, 21.0
30,1,32, 1.0
30,2,32, 15.0
30,3,27, 1.0
30,3,32, 6.0
30,3,37, 5.0
30,3,38, 3.0
30,3,39, 13.0
30,3,40, 1.0
30,4,3, 21.0
30,4,38, 4.0
30,4,39, 3.0
30,4,41, 5.0
30,5,1, 3.0
30,5,2, 7.0
30,5,3, 11.0
30,6,1, 28.0
30,6,2, 2.0
30,7,0, 18.0
30,7,1, 7.0
30,7,26, 1.0
31,0,17, 15.0
31,0,18, 1.0
31,0,33, 5.0
31,1,18, 4.0
31,1,33, 18.0
31,2,26, 2.0
31,2,28, 1.0
31,2,33, 6.0
31,2,37, 6.0
31,2,39, 2.0
31,2,40, 2.0
31,2,42, 1.0
31,2,43, 5.0
31,3,26, 22.0
31,3,37, 3.0
31,3,39, 1.0
31,3,42, 3.0
31,4,0, 31.0
31,4,26, 12.0
31,5,0, 10.0
31,5,5, 8.0
31,5,6, 4.0
31,6,6, 16.0
31,6,16, 8.0
31,7,6, 3.0
31,7,16, 17.0
31,7,17, 3.0
32,0,27, 11.0
32,0,28, 5.0
32,1,27, 1.0
32,1,28, 1.0
32,1,32, 2.0
32,1,36, 6.0
32,1,37, 1.0
32,1,41, 1.0
32,1,42, 4.0
32,2,32, 27.0
32,2,40, 1.0
32,3,32, 24.0
32,3,38, 1.0
32,4,32, 24.0
32,4,37, 3.0
32,4,38, 2.0
32,4,39, 3.0
32,4,40, 1.0
32,5,3, 1.0
32,5,30, 2.0
32,5,37, 2.0
32,5,38, 3.0
32,5,39, 7.0
32,5,40, 1.0
32,5,41, 2.0
32,6,3, 1.0
32,6,27, 1.0
32,6,30, 18.0
32,6,39, 1.0
32,7,26, 2.0
32,7,27, 11.0
32,7,30, 10.0
33,0,18, 8.0
33,0,36, 2.0
33,1,18, 1.0
33,1,35, 2.0
33,1,36, 8.0
33,1,37, 3.0
33,1,38, 1.0
33,1,39, 1.0
33,2,35, 21.0
33,2,36, 1.0
33,2,37, 1.0
33,2,38, 1.0
33,3,28, 2.0
33,3,35, 1.0
33,3,37, 2.0
33,3,39, 1.0
33,3,40, 2.0
33,3,42, 1.0
33,3,43, 1.0
33,4,26, 8.0
33,4,27, 2.0
33,4,31, 10.0
33,4,37, 2.0
33,4,40, 1.0
33,4,42, 1.0
33,4,43, 2.0
33,5,26, 2.0
33,5,31, 18.0
33,6,16, 11.0
33,6,17, 3.0
33,6,31, 13.0
33,7,17, 14.0
33,7,18, 8.0
34,0,34, 12.0
34,1,34, 14.0
34,2,34, 5.0
34,2,36, 1.0
34,2,37, 4.0
34,2,38, 4.0
34,2,41, 3.0
34,3,18, 8.0
34,3,36, 3.0
34,3,37, 2.0
34,3,38, 5.0
34,4,17, 3.0
34,4,18, 21.0
34,4,19, 1.0
34,4,36, 1.0
34,5,17, 7.0
34,5,18, 2.0
34,5,19, 6.0
34,6,19, 14.0
34,6,38, 2.0
34,6,39, 2.0
34,6,40, 3.0
34,6,41, 1.0
34,6,43, 2.0
34,7,19, 3.0
34,7,34, 14.0
34,7,39, 2.0
35,0,35, 1.0
35,0,36, 2.0
35,0,37, 6.0
35,0,38, 6.0
35,0,39, 4.0
35,1,35, 25.0
35,1,38, 2.0
35,2,35, 24.0
35,3,28, 6.0
35,3,35, 11.0
35,4,28, 23.0
35,5,26, 1.0
35,5,28, 4.0
35,5,33, 1.0
35,5,37, 1.0
35,5,39, 1.0
35,5,40, 5.0
35,5,42, 1.0
35,5,43, 1.0
35,6,33, 16.0
35,6,37, 1.0
35,6,40, 1.0
35,7,36, 7.0
35,7,37, 8.0
35,7,38, 4.0
35,7,39, 4.0
36,0,2, 2.0
36,0,25, 1.0
36,0,28, 9.0
36,0,34, 1.0
36,0,36, 3.0
36,0,37, 1.0
36,1,2, 1.0
36,1,36, 8.0
36,1,37, 2.0
36,1,38, 1.0
36,1,42, 1.0
36,1,43, 1.0
36,2,35, 1.0
36,2,36, 10.0
36,3,35, 5.0
36,3,36, 13.0
36,3,37, 3.0
36,3,43, 1.0
36,4,32, 1.0
36,4,33, 1.0
36,4,35, 1.0
36,4,36, 5.0
36,4,37, 1.0
36,4,40, 2.0
36,5,18, 1.0
36,5,32, 7.0
36,5,33, 8.0
36,5,36, 2.0
36,6,18, 8.0
36,6,25, 2.0
36,6,27, 5.0
36,6,32, 1.0
36,6,33, 1.0
36,6,34, 1.0
36,7,18, 3.0
36,7,25, 4.0
36,7,27, 1.0
36,7,28, 4.0
36,7,34, 5.0
36,7,36, 1.0
37,0,28, 3.0
37,0,32, 3.0
37,0,33, 5.0
37,0,36, 4.0
37,0,37, 4.0
37,0,38, 3.0
37,1,32, 2.0
37,1,35, 4.0
37,1,36, 1.0
37,1,37, 11.0
37,1,38, 1.0
37,2,28, 4.0
37,2,35, 3.0
37,2,37, 16.0
37,3,27, 1.0
37,3,35, 4.0
37,3,36, 1.0
37,3,37, 9.0
37,3,38, 2.0
37,4,27, 5.0
37,4,35, 5.0
37,4,36, 5.0
37,4,37, 1.0
37,4,38, 2.0
37,4,40, 1.0
37,5,18, 2.0
37,5,26, 3.0
37,5,32, 3.0
37,5,33, 4.0
37,5,36, 2.0
37,5,41, 1.0
37,6,3, 4.0
37,6,18, 4.0
37,6,31, 1.0
37,6,33, 2.0
37,6,34, 2.0
37,6,36, 1.0
37,7,18, 2.0
37,7,27, 2.0
37,7,28, 1.0
37,7,30, 4.0
37,7,33, 1.0
37,7,34, 2.0
37,7,36, 1.0
37,7,38, 1.0
38,0,30, 2.0
38,0,32, 2.0
38,0,37, 3.0
38,0,38, 11.0
38,1,32, 4.0
38,1,38, 19.0
38,2,32, 1.0
38,2,38, 11.0
38,3,18, 1.0
38,3,34, 1.0
38,3,35, 2.0
38,3,38, 12.0
38,3,39, 3.0
38,4,17, 1.0
38,4,33, 1.0
38,4,35, 3.0
38,4,37, 4.0
38,4,38, 5.0
38,4,39, 2.0
38,5,3, 4.0
38,5,18, 6.0
38,5,19, 2.0
38,5,33, 4.0
38,5,36, 1.0
38,5,37, 1.0
38,5,41, 3.0
38,6,3, 7.0
38,6,18, 6.0
38,6,20, 2.0
38,6,33, 1.0
38,6,34, 1.0
38,6,36, 2.0
38,6,41, 1.0
38,7,3, 5.0
38,7,18, 1.0
38,7,30, 8.0
38,7,34, 7.0
38,7,37, 3.0
38,7,38, 2.0
39,0,27, 1.0
39,0,30, 2.0
39,0,32, 3.0
39,0,36, 1.0
39,0,38, 1.0
39,0,39, 6.0
39,1,32, 14.0
39,1,35, 3.0
39,1,39, 6.0
39,2,28, 1.0
39,2,32, 1.0
39,2,34, 3.0
39,2,35, 1.0
39,2,39, 15.0
39,3,17, 1.0
39,3,18, 1.0
39,3,28, 2.0
39,3,34, 1.0
39,3,35, 1.0
39,3,39, 14.0
39,4,17, 1.0
39,4,27, 1.0
39,4,28, 1.0
39,4,33, 1.0
39,4,35, 4.0
39,4,39, 11.0
39,4,42, 1.0
39,4,43, 1.0
39,5,3, 4.0
39,5,26, 1.0
39,5,33, 1.0
39,5,39, 3.0
39,5,42, 3.0
39,6,3, 9.0
39,6,4, 2.0
39,6,18, 6.0
39,6,20, 4.0
39,6,31, 1.0
39,7,3, 2.0
39,7,18, 1.0
39,7,30, 4.0
39,7,33, 1.0
39,7,38, 2.0
39,7,39, 5.0
40,0,24, 2.0
40,0,28, 3.0
40,0,32, 1.0
40,0,33, 2.0
40,0,36, 1.0
40,0,37, 2.0
40,0,40, 2.0
40,1,24, 1.0
40,1,25, 1.0
40,1,32, 1.0
40,1,35, 3.0
40,1,40, 3.0
40,2,28, 2.0
40,2,34, 5.0
40,2,35, 2.0
40,2,40, 3.0
40,3,18, 1.0
40,3,25, 1.0
40,3,28, 3.0
40,3,40, 1.0
40,4,17, 1.0
40,4,27, 4.0
40,4,40, 9.0
40,5,19, 3.0
40,5,32, 3.0
40,5,40, 3.0
40,6,3, 1.0
40,6,4, 2.0
40,6,20, 4.0
40,6,27, 2.0
40,6,31, 1.0
40,7,3, 1.0
40,7,28, 2.0
40,7,30, 3.0
40,7,31, 1.0
40,7,33, 3.0
40,7,40, 1.0
41,0,2, 1.0
41,0,3, 2.0
41,0,25, 2.0
41,0,28, 2.0
41,0,30, 1.0
41,1,2, 1.0
41,1,4, 1.0
41,1,37, 3.0
41,1,38, 5.0
41,1,41, 2.0
41,2,41, 13.0
41,3,18, 1.0
41,3,34, 1.0
41,3,38, 2.0
41,3,41, 13.0
41,4,19, 1.0
41,4,41, 5.0
41,5,4, 4.0
41,5,32, 1.0
41,5,41, 5.0
41,6,3, 7.0
41,6,4, 4.0
41,6,18, 1.0
41,6,25, 3.0
41,6,34, 2.0
41,6,41, 1.0
41,7,3, 3.0
41,7,25, 1.0
41,7,27, 1.0
41,7,28, 2.0
41,7,34, 1.0
42,0,2, 1.0
42,0,3, 2.0
42,0,25, 1.0
42,0,28, 1.0
42,0,39, 1.0
42,0,42, 2.0
42,1,4, 1.0
42,1,35, 1.0
42,1,39, 1.0
42,1,42, 2.0
42,2,42, 3.0
42,3,28, 1.0
42,3,42, 8.0
42,3,43, 1.0
42,4,27, 1.0
42,4,28, 1.0
42,4,42, 3.0
42,5,18, 2.0
42,5,26, 2.0
42,5,42, 2.0
42,6,4, 2.0
42,6,18, 1.0
42,6,25, 1.0
42,6,27, 2.0
42,6,31, 1.0
42,6,42, 2.0
42,7,25, 3.0
42,7,27, 1.0
42,7,28, 1.0
42,7,31, 1.0
42,7,33, 2.0
43,0,43, 3.0
43,1,35, 1.0
43,1,43, 2.0
43,2,28, 3.0
43,2,34, 2.0
43,2,35, 1.0
43,3,27, 1.0
43,3,34, 1.0
43,4,17, 2.0
43,4,18, 1.0
43,4,27, 4.0
43,4,35, 1.0
43,5,26, 4.0
43,6,20, 2.0
43,6,31, 5.0
43,7,33, 4.0
43,7,42, 1.0
43,7,43, 1.0
44,0,35, 1.0
31