,Replay type,Individual,Convergence trial,Performance at Convergence,Time to Convergence
0,0,0,6.0,16.0,365.0
1,0,1,5.0,25.0,375.0
2,0,2,5.0,36.0,695.0
3,0,3,5.0,44.0,209.0
4,0,4,5.0,19.0,526.0
5,0,5,10.0,14.0,500.0
6,0,6,6.0,15.0,362.0
7,0,7,8.0,35.0,497.0
8,0,8,5.0,35.0,440.0
9,0,9,7.0,11.0,146.0
10,0,10,6.0,21.0,606.0
11,0,11,4.0,34.0,787.0
12,0,12,7.0,49.0,512.0
13,0,13,10.0,9.0,471.0
14,0,14,9.0,6.0,601.0
15,0,15,2.0,62.0,143.0
16,0,16,13.0,16.0,644.0
17,0,17,0.0,112.0,112.0
18,0,18,5.0,22.0,368.0
19,0,19,3.0,26.0,387.0
20,0,20,4.0,28.0,508.0
21,0,21,0.0,45.0,45.0
22,0,22,1.0,41.0,170.0
23,0,23,4.0,16.0,430.0
24,0,24,1.0,50.0,82.0
25,0,25,4.0,19.0,691.0
26,0,26,8.0,7.0,580.0
27,0,27,6.0,9.0,274.0
28,0,28,9.0,7.0,514.0
29,0,29,5.0,17.0,659.0
30,0,30,10.0,18.0,471.0
31,0,31,6.0,15.0,403.0
32,0,32,10.0,13.0,739.0
33,0,33,10.0,26.0,605.0
34,0,34,8.0,20.0,453.0
35,0,35,1.0,68.0,194.0
36,0,36,5.0,45.0,614.0
37,0,37,6.0,8.0,279.0
38,0,38,5.0,11.0,405.0
39,0,39,5.0,16.0,633.0
40,0,40,5.0,18.0,292.0
41,0,41,6.0,21.0,592.0
42,0,42,6.0,27.0,558.0
43,0,43,2.0,60.0,107.0
44,0,44,6.0,27.0,581.0
45,0,45,0.0,54.0,54.0
46,0,46,9.0,26.0,668.0
47,0,47,8.0,24.0,472.0
48,0,48,1.0,30.0,299.0
49,0,49,4.0,23.0,428.0
50,0,50,4.0,13.0,442.0
51,0,51,3.0,97.0,569.0
52,0,52,6.0,24.0,870.0
53,0,53,6.0,28.0,508.0
54,0,54,3.0,54.0,418.0
55,0,55,8.0,33.0,726.0
56,0,56,12.0,21.0,448.0
57,0,57,0.0,43.0,43.0
58,0,58,5.0,46.0,578.0
59,0,59,1.0,55.0,380.0
60,0,60,5.0,43.0,436.0
61,0,61,4.0,81.0,430.0
62,0,62,7.0,19.0,389.0
63,0,63,11.0,11.0,581.0
64,0,64,17.0,8.0,965.0
65,0,65,5.0,24.0,759.0
66,0,66,6.0,13.0,369.0
67,0,67,5.0,23.0,289.0
68,0,68,1.0,54.0,72.0
69,0,69,3.0,23.0,274.0
70,0,70,3.0,13.0,347.0
71,0,71,0.0,53.0,53.0
72,0,72,1.0,41.0,114.0
73,0,73,13.0,20.0,845.0
74,0,74,3.0,55.0,279.0
75,0,75,9.0,15.0,313.0
76,0,76,8.0,10.0,513.0
77,0,77,8.0,47.0,555.0
78,0,78,8.0,17.0,552.0
79,0,79,0.0,36.0,36.0
80,0,80,11.0,13.0,429.0
81,0,81,10.0,27.0,715.0
82,0,82,11.0,21.0,511.0
83,0,83,4.0,17.0,449.0
84,0,84,8.0,22.0,627.0
85,0,85,4.0,22.0,292.0
86,0,86,0.0,50.0,50.0
87,0,87,0.0,74.0,74.0
88,0,88,5.0,17.0,473.0
89,0,89,4.0,23.0,452.0
90,0,90,9.0,18.0,631.0
91,0,91,10.0,8.0,549.0
92,0,92,0.0,42.0,42.0
93,0,93,5.0,8.0,545.0
94,0,94,10.0,18.0,966.0
95,0,95,8.0,19.0,484.0
96,0,96,0.0,100.0,100.0
97,0,97,9.0,12.0,720.0
98,0,98,1.0,51.0,280.0
99,0,99,8.0,29.0,526.0
100,1,0,1.0,10.0,93.0
101,1,1,1.0,12.0,78.0
102,1,2,1.0,8.0,108.0
103,1,3,0.0,50.0,50.0
104,1,4,1.0,11.0,284.0
105,1,5,0.0,41.0,41.0
106,1,6,2.0,10.0,142.0
107,1,7,1.0,21.0,79.0
108,1,8,2.0,11.0,72.0
109,1,9,0.0,17.0,17.0
110,1,10,2.0,31.0,196.0
111,1,11,1.0,22.0,132.0
112,1,12,2.0,27.0,89.0
113,1,13,3.0,22.0,102.0
114,1,14,2.0,20.0,278.0
115,1,15,1.0,20.0,73.0
116,1,16,1.0,23.0,75.0
117,1,17,1.0,11.0,123.0
118,1,18,2.0,26.0,162.0
119,1,19,1.0,16.0,204.0
120,1,20,1.0,15.0,166.0
121,1,21,1.0,10.0,55.0
122,1,22,1.0,27.0,156.0
123,1,23,1.0,15.0,188.0
124,1,24,1.0,9.0,41.0
125,1,25,1.0,12.0,177.0
126,1,26,1.0,6.0,30.0
127,1,27,1.0,21.0,60.0
128,1,28,0.0,30.0,30.0
129,1,29,1.0,26.0,104.0
130,1,30,0.0,17.0,17.0
131,1,31,1.0,8.0,139.0
132,1,32,1.0,8.0,344.0
133,1,33,1.0,15.0,82.0
134,1,34,4.0,16.0,72.0
135,1,35,1.0,18.0,144.0
136,1,36,9.0,9.0,368.0
137,1,37,3.0,14.0,55.0
138,1,38,1.0,18.0,277.0
139,1,39,7.0,28.0,460.0
140,1,40,0.0,14.0,14.0
141,1,41,3.0,13.0,124.0
142,1,42,1.0,11.0,117.0
143,1,43,1.0,11.0,39.0
144,1,44,0.0,28.0,28.0
145,1,45,1.0,11.0,65.0
146,1,46,1.0,31.0,180.0
147,1,47,2.0,27.0,138.0
148,1,48,2.0,10.0,301.0
149,1,49,2.0,26.0,199.0
150,1,50,1.0,19.0,186.0
151,1,51,1.0,23.0,115.0
152,1,52,1.0,10.0,262.0
153,1,53,1.0,16.0,56.0
154,1,54,1.0,15.0,194.0
155,1,55,2.0,10.0,125.0
156,1,56,2.0,21.0,66.0
157,1,57,3.0,20.0,87.0
158,1,58,1.0,16.0,58.0
159,1,59,1.0,10.0,335.0
160,1,60,0.0,27.0,27.0
161,1,61,1.0,7.0,58.0
162,1,62,1.0,20.0,72.0
163,1,63,2.0,9.0,47.0
164,1,64,3.0,12.0,121.0
165,1,65,0.0,32.0,32.0
166,1,66,9.0,14.0,157.0
167,1,67,2.0,28.0,119.0
168,1,68,0.0,18.0,18.0
169,1,69,2.0,10.0,126.0
170,1,70,1.0,16.0,279.0
171,1,71,2.0,14.0,75.0
172,1,72,3.0,21.0,140.0
173,1,73,0.0,32.0,32.0
174,1,74,3.0,8.0,146.0
175,1,75,4.0,19.0,122.0
176,1,76,1.0,11.0,132.0
177,1,77,3.0,25.0,96.0
178,1,78,6.0,39.0,262.0
179,1,79,1.0,10.0,46.0
180,1,80,0.0,38.0,38.0
181,1,81,1.0,18.0,190.0
182,1,82,2.0,18.0,81.0
183,1,83,2.0,26.0,253.0
184,1,84,1.0,11.0,326.0
185,1,85,1.0,15.0,176.0
186,1,86,1.0,11.0,61.0
187,1,87,1.0,23.0,97.0
188,1,88,4.0,31.0,249.0
189,1,89,5.0,21.0,237.0
190,1,90,1.0,12.0,109.0
191,1,91,1.0,17.0,68.0
192,1,92,1.0,18.0,60.0
193,1,93,1.0,9.0,320.0
194,1,94,1.0,14.0,409.0
195,1,95,1.0,17.0,126.0
196,1,96,1.0,21.0,121.0
197,1,97,1.0,9.0,129.0
198,1,98,2.0,27.0,268.0
199,1,99,2.0,13.0,110.0
200,2,0,1.0,10.0,93.0
201,2,1,1.0,12.0,78.0
202,2,2,1.0,8.0,108.0
203,2,3,0.0,50.0,50.0
204,2,4,1.0,11.0,284.0
205,2,5,0.0,41.0,41.0
206,2,6,2.0,10.0,142.0
207,2,7,1.0,21.0,79.0
208,2,8,2.0,11.0,72.0
209,2,9,0.0,17.0,17.0
210,2,10,2.0,31.0,196.0
211,2,11,1.0,22.0,132.0
212,2,12,2.0,27.0,89.0
213,2,13,3.0,22.0,102.0
214,2,14,2.0,20.0,278.0
215,2,15,1.0,20.0,73.0
216,2,16,1.0,23.0,75.0
217,2,17,1.0,11.0,123.0
218,2,18,2.0,26.0,162.0
219,2,19,1.0,16.0,204.0
220,2,20,1.0,15.0,166.0
221,2,21,1.0,10.0,55.0
222,2,22,1.0,27.0,156.0
223,2,23,1.0,15.0,188.0
224,2,24,1.0,9.0,41.0
225,2,25,1.0,12.0,177.0
226,2,26,1.0,6.0,30.0
227,2,27,1.0,21.0,60.0
228,2,28,0.0,30.0,30.0
229,2,29,1.0,26.0,104.0
230,2,30,0.0,17.0,17.0
231,2,31,1.0,8.0,139.0
232,2,32,1.0,8.0,344.0
233,2,33,1.0,15.0,82.0
234,2,34,4.0,16.0,72.0
235,2,35,1.0,18.0,144.0
236,2,36,9.0,9.0,368.0
237,2,37,3.0,14.0,55.0
238,2,38,1.0,18.0,277.0
239,2,39,7.0,28.0,460.0
240,2,40,0.0,14.0,14.0
241,2,41,3.0,13.0,124.0
242,2,42,1.0,11.0,117.0
243,2,43,1.0,11.0,39.0
244,2,44,0.0,28.0,28.0
245,2,45,1.0,11.0,65.0
246,2,46,1.0,31.0,180.0
247,2,47,2.0,27.0,138.0
248,2,48,2.0,10.0,301.0
249,2,49,2.0,26.0,199.0
250,2,50,1.0,19.0,186.0
251,2,51,1.0,23.0,115.0
252,2,52,1.0,10.0,262.0
253,2,53,1.0,16.0,56.0
254,2,54,1.0,15.0,194.0
255,2,55,2.0,10.0,125.0
256,2,56,2.0,21.0,66.0
257,2,57,3.0,20.0,87.0
258,2,58,1.0,16.0,58.0
259,2,59,1.0,10.0,335.0
260,2,60,0.0,27.0,27.0
261,2,61,1.0,7.0,58.0
262,2,62,1.0,20.0,72.0
263,2,63,2.0,9.0,47.0
264,2,64,3.0,12.0,121.0
265,2,65,0.0,32.0,32.0
266,2,66,9.0,14.0,157.0
267,2,67,2.0,28.0,119.0
268,2,68,0.0,18.0,18.0
269,2,69,2.0,10.0,126.0
270,2,70,1.0,16.0,279.0
271,2,71,2.0,14.0,75.0
272,2,72,3.0,21.0,140.0
273,2,73,0.0,32.0,32.0
274,2,74,3.0,8.0,146.0
275,2,75,4.0,19.0,122.0
276,2,76,1.0,11.0,132.0
277,2,77,3.0,25.0,96.0
278,2,78,6.0,39.0,262.0
279,2,79,1.0,10.0,46.0
280,2,80,0.0,38.0,38.0
281,2,81,1.0,18.0,190.0
282,2,82,2.0,18.0,81.0
283,2,83,2.0,26.0,253.0
284,2,84,1.0,11.0,326.0
285,2,85,1.0,15.0,176.0
286,2,86,1.0,11.0,61.0
287,2,87,1.0,23.0,97.0
288,2,88,4.0,31.0,249.0
289,2,89,5.0,21.0,237.0
290,2,90,1.0,12.0,109.0
291,2,91,1.0,17.0,68.0
292,2,92,1.0,18.0,60.0
293,2,93,1.0,9.0,320.0
294,2,94,1.0,14.0,409.0
295,2,95,1.0,17.0,126.0
296,2,96,1.0,21.0,121.0
297,2,97,1.0,9.0,129.0
298,2,98,2.0,27.0,268.0
299,2,99,2.0,13.0,110.0
300,3,0,,,
301,3,1,,,
302,3,2,,,
303,3,3,,,
304,3,4,,,
305,3,5,,,
306,3,6,,,
307,3,7,,,
308,3,8,,,
309,3,9,,,
310,3,10,,,
311,3,11,,,
312,3,12,,,
313,3,13,,,
314,3,14,,,
315,3,15,,,
316,3,16,,,
317,3,17,,,
318,3,18,,,
319,3,19,,,
320,3,20,,,
321,3,21,,,
322,3,22,,,
323,3,23,,,
324,3,24,,,
325,3,25,,,
326,3,26,,,
327,3,27,,,
328,3,28,,,
329,3,29,,,
330,3,30,,,
331,3,31,,,
332,3,32,,,
333,3,33,,,
334,3,34,,,
335,3,35,,,
336,3,36,,,
337,3,37,,,
338,3,38,,,
339,3,39,,,
340,3,40,,,
341,3,41,,,
342,3,42,,,
343,3,43,,,
344,3,44,,,
345,3,45,,,
346,3,46,,,
347,3,47,,,
348,3,48,,,
349,3,49,,,
350,3,50,,,
351,3,51,,,
352,3,52,,,
353,3,53,,,
354,3,54,,,
355,3,55,,,
356,3,56,,,
357,3,57,,,
358,3,58,,,
359,3,59,,,
360,3,60,,,
361,3,61,,,
362,3,62,,,
363,3,63,,,
364,3,64,,,
365,3,65,,,
366,3,66,,,
367,3,67,,,
368,3,68,,,
369,3,69,,,
370,3,70,,,
371,3,71,,,
372,3,72,,,
373,3,73,,,
374,3,74,,,
375,3,75,,,
376,3,76,,,
377,3,77,,,
378,3,78,,,
379,3,79,,,
380,3,80,,,
381,3,81,,,
382,3,82,,,
383,3,83,,,
384,3,84,,,
385,3,85,,,
386,3,86,,,
387,3,87,,,
388,3,88,,,
389,3,89,,,
390,3,90,,,
391,3,91,,,
392,3,92,,,
393,3,93,,,
394,3,94,,,
395,3,95,,,
396,3,96,,,
397,3,97,,,
398,3,98,,,
399,3,99,,,
400,4,0,1.0,10.0,93.0
401,4,1,1.0,12.0,78.0
402,4,2,6.0,18.0,184.0
403,4,3,0.0,50.0,50.0
404,4,4,1.0,11.0,284.0
405,4,5,0.0,41.0,41.0
406,4,6,2.0,10.0,142.0
407,4,7,1.0,21.0,79.0
408,4,8,2.0,11.0,72.0
409,4,9,0.0,17.0,17.0
410,4,10,2.0,10.0,169.0
411,4,11,1.0,13.0,123.0
412,4,12,2.0,27.0,89.0
413,4,13,3.0,22.0,102.0
414,4,14,1.0,14.0,260.0
415,4,15,1.0,20.0,73.0
416,4,16,1.0,23.0,75.0
417,4,17,1.0,15.0,127.0
418,4,18,2.0,10.0,144.0
419,4,19,7.0,11.0,262.0
420,4,20,1.0,19.0,170.0
421,4,21,1.0,10.0,55.0
422,4,22,2.0,15.0,151.0
423,4,23,1.0,15.0,188.0
424,4,24,1.0,9.0,41.0
425,4,25,1.0,20.0,185.0
426,4,26,1.0,6.0,30.0
427,4,27,1.0,21.0,60.0
428,4,28,0.0,30.0,30.0
429,4,29,1.0,26.0,104.0
430,4,30,0.0,17.0,17.0
431,4,31,3.0,16.0,163.0
432,4,32,1.0,13.0,349.0
433,4,33,1.0,15.0,82.0
434,4,34,4.0,16.0,72.0
435,4,35,1.0,18.0,144.0
436,4,36,6.0,18.0,329.0
437,4,37,3.0,14.0,55.0
438,4,38,1.0,21.0,280.0
439,4,39,2.0,11.0,359.0
440,4,40,0.0,14.0,14.0
441,4,41,3.0,13.0,124.0
442,4,42,1.0,11.0,117.0
443,4,43,1.0,11.0,39.0
444,4,44,0.0,28.0,28.0
445,4,45,1.0,11.0,65.0
446,4,46,1.0,14.0,163.0
447,4,47,2.0,27.0,138.0
448,4,48,1.0,11.0,280.0
449,4,49,2.0,24.0,199.0
450,4,50,3.0,15.0,230.0
451,4,51,1.0,23.0,115.0
452,4,52,2.0,14.0,273.0
453,4,53,1.0,16.0,56.0
454,4,54,1.0,20.0,199.0
455,4,55,1.0,9.0,117.0
456,4,56,2.0,21.0,66.0
457,4,57,3.0,20.0,87.0
458,4,58,1.0,16.0,58.0
459,4,59,1.0,13.0,338.0
460,4,60,0.0,27.0,27.0
461,4,61,1.0,7.0,58.0
462,4,62,1.0,20.0,72.0
463,4,63,2.0,9.0,47.0
464,4,64,3.0,12.0,121.0
465,4,65,0.0,32.0,32.0
466,4,66,9.0,14.0,157.0
467,4,67,2.0,28.0,119.0
468,4,68,0.0,18.0,18.0
469,4,69,1.0,8.0,117.0
470,4,70,1.0,26.0,289.0
471,4,71,2.0,14.0,75.0
472,4,72,3.0,21.0,140.0
473,4,73,0.0,32.0,32.0
474,4,74,1.0,10.0,136.0
475,4,75,4.0,19.0,122.0
476,4,76,1.0,9.0,130.0
477,4,77,3.0,25.0,96.0
478,4,78,1.0,12.0,161.0
479,4,79,1.0,10.0,46.0
480,4,80,0.0,38.0,38.0
481,4,81,1.0,18.0,190.0
482,4,82,2.0,18.0,81.0
483,4,83,1.0,28.0,243.0
484,4,84,6.0,26.0,393.0
485,4,85,1.0,15.0,176.0
486,4,86,1.0,11.0,61.0
487,4,87,1.0,23.0,97.0
488,4,88,9.0,18.0,284.0
489,4,89,3.0,16.0,232.0
490,4,90,1.0,10.0,107.0
491,4,91,1.0,17.0,68.0
492,4,92,1.0,18.0,60.0
493,4,93,4.0,19.0,365.0
494,4,94,1.0,15.0,410.0
495,4,95,1.0,25.0,134.0
496,4,96,1.0,22.0,122.0
497,4,97,1.0,9.0,129.0
498,4,98,3.0,14.0,259.0
499,4,99,2.0,13.0,110.0
