,Replay type,alpha,Mean,STD,Q1,Q2,Q3
0,0,0.0,114.8318,14.452864932600733,104.69999999999999,114.91,125.38499999999999
1,0,0.1,85.25659999999998,14.934601716818564,72.965,86.61,94.06
2,0,0.2,72.001,13.178512321199232,62.91,70.77000000000001,80.33
3,0,0.3,60.63440000000001,14.15992742354282,52.33,58.34,67.43499999999999
4,0,0.4,53.8916,13.020389296791398,45.15,51.35,61.375
5,0,0.5,48.5602,13.43416703632942,40.44,45.72,54.93
6,0,0.6,46.476400000000005,13.381897736868265,35.584999999999994,42.94,55.495
7,0,0.7,45.333999999999996,11.855212018348723,36.85,43.01,52.93
8,0,0.8,47.76399999999999,14.872703318495937,36.665,47.1,56.655
9,0,0.9,48.889399999999995,14.304826166018238,37.605,46.150000000000006,57.25
10,0,1.0,53.6758,15.798870667234414,41.785,51.4,63.42
11,1,0.0,114.8318,14.452864932600733,104.69999999999999,114.91,125.38499999999999
12,1,0.1,75.92580000000002,50.36757340154477,40.42,55.53,91.81
13,1,0.2,61.58739999999999,36.65397109782241,34.125,51.019999999999996,77.18
14,1,0.3,58.235,35.76106423192687,33.62,48.85,73.125
15,1,0.4,50.793200000000006,30.417350998402213,31.724999999999998,40.57,61.69
16,1,0.5,45.645999999999994,22.85930016426575,28.764999999999997,42.94,52.68000000000001
17,1,0.6,50.47959999999999,30.568271652810203,32.205,44.55,59.43
18,1,0.7,49.1152,22.7248151798865,32.755,43.230000000000004,58.375
19,1,0.8,49.946,24.075558809714053,31.24,45.44,62.535000000000004
20,1,0.9,53.8262,30.03144601180569,31.605,45.17,67.75999999999999
21,1,1.0,57.474399999999996,31.639683194368434,36.66,47.87,72.99000000000001
22,2,0.0,114.8318,14.452864932600733,104.69999999999999,114.91,125.38499999999999
23,2,0.1,83.95099999999998,53.304441944363326,46.225,69.31,112.625
24,2,0.2,55.2522,27.726701339322712,33.055,47.34,70.905
25,2,0.3,51.9748,29.564905360240882,30.04,42.51,62.79
26,2,0.4,51.3094,29.8205282924364,29.425,41.85,59.07
27,2,0.5,47.5602,23.02893145501979,30.545,41.07,57.25
28,2,0.6,50.442800000000005,24.223773945444584,32.68,44.540000000000006,62.745
29,2,0.7,47.4604,20.90588395261009,31.265,42.43,61.614999999999995
30,2,0.8,48.6078,19.8587719449114,31.74,43.63,62.245000000000005
31,2,0.9,54.657799999999995,29.677545032566286,32.64,47.28,67.57499999999999
32,2,1.0,60.12919999999999,31.864066083285728,38.485,51.46,73.34
33,3,0.0,114.8318,14.452864932600733,104.69999999999999,114.91,125.38499999999999
34,3,0.1,238.6128,170.06233098531845,126.63,195.57999999999998,323.515
35,3,0.2,155.1626,105.28310176490812,72.26,132.81,202.9
36,3,0.3,122.16059999999999,84.33657362995014,61.13,97.38,159.58999999999997
37,3,0.4,116.5354,84.14315177624381,58.335,100.50999999999999,147.88500000000002
38,3,0.5,91.73800000000001,61.23772618247677,46.919999999999995,71.83,124.32000000000001
39,3,0.6,105.155,73.64218266048339,47.230000000000004,88.74000000000001,131.385
40,3,0.7,86.73800000000003,59.50203838525197,47.48,70.46000000000001,105.06
41,3,0.8,81.648,46.40233899277061,49.730000000000004,71.68,103.72500000000001
42,3,0.9,83.54260000000001,57.4358785885617,47.565,68.78999999999999,99.59
43,3,1.0,91.87380000000003,57.66746047434376,48.809999999999995,84.19,117.095
44,4,0.0,84.98760000000001,76.37346370461405,29.78,56.12,119.12
45,4,0.1,84.98760000000001,76.37346370461405,29.78,56.12,119.12
46,4,0.2,84.98760000000001,76.37346370461405,29.78,56.12,119.12
47,4,0.3,84.98760000000001,76.37346370461405,29.78,56.12,119.12
48,4,0.4,84.98760000000001,76.37346370461405,29.78,56.12,119.12
49,4,0.5,84.98760000000001,76.37346370461405,29.78,56.12,119.12
50,4,0.6,84.98760000000001,76.37346370461405,29.78,56.12,119.12
51,4,0.7,84.98760000000001,76.37346370461405,29.78,56.12,119.12
52,4,0.8,84.98760000000001,76.37346370461405,29.78,56.12,119.12
53,4,0.9,84.98760000000001,76.37346370461405,29.78,56.12,119.12
54,4,1.0,84.98760000000001,76.37346370461405,29.78,56.12,119.12
