,Unnamed: 0,Replay type,Trial,Mean,STD,Q1,Q2,Q3
0,0,0,0,111.43,86.46354781062364,45.0,83.0,153.5
1,1,0,1,81.92,68.58289582687509,34.75,52.5,109.75
2,2,0,2,73.34,65.09227603948106,30.0,56.0,89.75
3,3,0,3,67.73,58.30297676791469,24.75,49.5,97.0
4,4,0,4,48.99,44.18744052329802,22.75,35.5,59.75
5,5,0,5,44.79,38.86702844314188,20.75,30.5,52.25
6,6,0,6,31.16,26.06212577668982,14.0,22.0,35.0
7,7,0,7,33.32,27.655697423858253,14.0,24.0,42.75
8,8,0,8,25.37,22.48939972520387,10.0,20.5,31.5
9,9,0,9,20.78,16.97326132480143,8.0,15.0,26.0
10,10,0,10,15.33,9.983040618969754,7.0,12.0,20.0
11,11,0,11,15.09,16.198206690865504,7.0,9.0,18.0
12,12,0,12,11.76,8.214767190858181,7.0,8.0,15.25
13,13,0,13,10.23,6.696051075074024,6.0,8.0,11.0
14,14,0,14,9.4,5.728874234961002,6.0,7.0,9.25
15,15,0,15,8.16,3.75425092395274,6.0,7.0,8.0
16,16,0,16,7.94,3.2582817557725114,6.0,7.0,8.0
17,17,0,17,7.35,1.4790199457749045,6.0,7.0,8.0
18,18,0,18,7.23,1.1819898476721362,6.0,7.0,8.0
19,19,0,19,7.27,1.2872839624573906,6.0,7.0,8.0
20,20,0,20,7.19,1.1197767634667188,6.0,7.0,8.0
21,21,0,21,7.24,1.241933975700802,6.0,7.0,8.0
22,22,0,22,7.2,1.1747340124470729,6.0,7.0,8.0
23,23,0,23,7.18,1.1258774356030057,6.0,7.0,8.0
24,24,0,24,7.2,1.1224972160321824,6.0,7.0,8.0
50,50,1,0,111.43,86.46354781062364,45.0,83.0,153.5
51,51,1,1,14.16,6.771587701566007,9.75,12.0,17.25
52,52,1,2,13.81,6.3791770629133655,10.0,12.0,15.25
53,53,1,3,13.78,5.756005559413577,10.0,12.0,16.0
54,54,1,4,13.74,5.624268841369516,10.75,12.0,16.0
55,55,1,5,13.74,6.467797152044891,10.0,12.0,16.25
56,56,1,6,14.48,7.327318745625851,10.0,13.0,16.25
57,57,1,7,14.15,7.168507515515346,9.0,11.5,17.0
58,58,1,8,14.28,6.758816464441094,10.0,13.0,17.0
59,59,1,9,14.21,6.4626542534782105,9.75,13.0,16.0
60,60,1,10,13.18,4.7378898256502335,10.0,12.0,16.0
61,61,1,11,14.11,6.583152740139029,10.0,12.0,16.0
62,62,1,12,14.39,7.296430634221092,10.0,13.0,17.0
63,63,1,13,14.7,6.904346457123946,11.0,13.0,17.0
64,64,1,14,13.43,5.843380870694636,9.0,11.0,16.0
65,65,1,15,13.94,6.566307942824492,10.0,12.0,16.0
66,66,1,16,13.31,4.951151381244569,10.0,12.0,16.0
67,67,1,17,13.53,5.406394362234408,10.0,12.0,16.0
68,68,1,18,14.18,7.564892596726011,9.0,13.0,16.25
69,69,1,19,13.24,5.623379766652791,9.0,12.0,16.0
70,70,1,20,14.24,8.286277813349006,9.75,12.0,17.0
71,71,1,21,13.59,6.294592917735031,9.0,12.0,16.0
72,72,1,22,12.58,4.737467677990003,9.0,11.5,15.0
73,73,1,23,14.3,6.413267497929585,10.0,13.0,18.0
74,74,1,24,13.8,7.398648525237565,9.75,11.5,17.0
100,100,2,0,111.43,86.46354781062364,45.0,83.0,153.5
101,101,2,1,14.16,6.771587701566007,9.75,12.0,17.25
102,102,2,2,13.81,6.3791770629133655,10.0,12.0,15.25
103,103,2,3,13.78,5.756005559413577,10.0,12.0,16.0
104,104,2,4,13.74,5.624268841369516,10.75,12.0,16.0
105,105,2,5,13.74,6.467797152044891,10.0,12.0,16.25
106,106,2,6,14.48,7.327318745625851,10.0,13.0,16.25
107,107,2,7,14.15,7.168507515515346,9.0,11.5,17.0
108,108,2,8,14.28,6.758816464441094,10.0,13.0,17.0
109,109,2,9,14.21,6.4626542534782105,9.75,13.0,16.0
110,110,2,10,13.18,4.7378898256502335,10.0,12.0,16.0
111,111,2,11,14.11,6.583152740139029,10.0,12.0,16.0
112,112,2,12,14.39,7.296430634221092,10.0,13.0,17.0
113,113,2,13,14.7,6.904346457123946,11.0,13.0,17.0
114,114,2,14,13.43,5.843380870694636,9.0,11.0,16.0
115,115,2,15,13.94,6.566307942824492,10.0,12.0,16.0
116,116,2,16,13.31,4.951151381244569,10.0,12.0,16.0
117,117,2,17,13.53,5.406394362234408,10.0,12.0,16.0
118,118,2,18,14.22,7.584958800151784,9.0,13.0,17.0
119,119,2,19,13.36,5.743727013011673,9.0,12.0,16.0
120,120,2,20,14.26,8.292912636703706,9.75,12.0,17.0
121,121,2,21,13.63,6.335069060397053,9.0,12.0,16.0
122,122,2,22,12.55,4.6869499677295465,9.0,11.5,15.0
123,123,2,23,14.26,6.396280168973214,10.0,13.0,17.25
124,124,2,24,13.8,7.398648525237565,9.75,11.5,17.0
150,150,4,0,111.43,86.46354781062364,45.0,83.0,153.5
151,151,4,1,14.03,6.472178922125068,9.0,12.5,18.0
152,152,4,2,13.63,6.461663872409335,9.0,11.0,15.0
153,153,4,3,14.22,7.232675853375429,10.0,13.0,16.0
154,154,4,4,12.85,4.524102120863321,10.0,12.0,15.0
155,155,4,5,14.11,7.387685699865689,9.0,12.0,16.25
156,156,4,6,14.11,6.199830642848238,10.0,13.0,17.0
157,157,4,7,14.49,6.979247810473561,10.0,12.5,16.25
158,158,4,8,14.15,6.735540067433345,10.0,12.0,17.0
159,159,4,9,13.68,6.094062684285419,9.0,12.0,17.0
160,160,4,10,13.44,5.41907741225386,10.0,12.0,16.0
161,161,4,11,13.79,5.682068285404532,9.0,12.5,16.25
162,162,4,12,13.84,6.846488150869758,9.0,12.5,17.0
163,163,4,13,13.38,6.129893963193816,10.0,11.0,15.0
164,164,4,14,14.52,6.27292595205778,10.0,13.0,17.0
165,165,4,15,13.72,6.028399455908675,9.0,12.0,17.0
166,166,4,16,12.84,4.989428825025967,9.0,12.0,15.0
167,167,4,17,14.27,7.616895693128534,10.0,12.0,17.25
168,168,4,18,13.61,6.281552355906938,9.0,12.0,16.0
169,169,4,19,13.41,5.578700565543915,9.75,12.0,15.25
170,170,4,20,13.2,6.138403701289122,9.0,12.0,16.0
171,171,4,21,13.45,5.47608436750202,10.0,12.0,16.0
172,172,4,22,13.55,6.045452836636805,9.0,12.0,15.0
173,173,4,23,14.54,8.092490345993623,9.0,12.5,16.0
174,174,4,24,13.05,4.725198408532704,9.0,12.0,16.25
