,Replay type,Trial,Mean,STD,Q1,Q2,Q3
0,0,0,111.43,86.46354781062364,45.0,83.0,153.5
1,0,1,81.92,68.58289582687509,34.75,52.5,109.75
2,0,2,73.34,65.09227603948106,30.0,56.0,89.75
3,0,3,67.73,58.30297676791469,24.75,49.5,97.0
4,0,4,48.99,44.18744052329802,22.75,35.5,59.75
5,0,5,44.79,38.86702844314188,20.75,30.5,52.25
6,0,6,31.16,26.06212577668982,14.0,22.0,35.0
7,0,7,33.32,27.655697423858253,14.0,24.0,42.75
8,0,8,25.37,22.48939972520387,10.0,20.5,31.5
9,0,9,20.78,16.97326132480143,8.0,15.0,26.0
10,0,10,15.33,9.983040618969754,7.0,12.0,20.0
11,0,11,15.09,16.198206690865504,7.0,9.0,18.0
12,0,12,11.76,8.214767190858181,7.0,8.0,15.25
13,0,13,10.23,6.696051075074024,6.0,8.0,11.0
14,0,14,9.4,5.728874234961002,6.0,7.0,9.25
15,0,15,8.16,3.75425092395274,6.0,7.0,8.0
16,0,16,7.94,3.2582817557725114,6.0,7.0,8.0
17,0,17,7.35,1.4790199457749043,6.0,7.0,8.0
18,0,18,7.23,1.1819898476721362,6.0,7.0,8.0
19,0,19,7.27,1.2872839624573906,6.0,7.0,8.0
20,0,20,7.19,1.1197767634667188,6.0,7.0,8.0
21,0,21,7.24,1.2419339757008019,6.0,7.0,8.0
22,0,22,7.2,1.1747340124470729,6.0,7.0,8.0
23,0,23,7.18,1.1258774356030055,6.0,7.0,8.0
24,0,24,7.2,1.1224972160321824,6.0,7.0,8.0
25,0,25,535.39,572.4460480254886,141.75,370.0,672.0
26,0,26,169.66,231.9267220481504,31.5,78.0,196.25
27,0,27,99.69,134.59849144771275,16.75,42.5,131.5
28,0,28,47.42,77.66121039489406,9.75,21.0,56.25
29,0,29,31.87,45.532989139743506,9.0,18.0,38.0
30,0,30,27.15,29.76251837462683,8.0,15.0,34.0
31,0,31,18.47,19.14912791747969,7.0,11.0,21.0
32,0,32,17.79,22.651399515261744,7.0,10.0,17.25
33,0,33,13.71,19.789540166461677,6.0,8.0,12.25
34,0,34,12.24,15.740470132750167,6.0,7.0,11.25
35,0,35,10.9,11.081967334368027,6.0,7.0,9.0
36,0,36,9.7,7.984359711335655,6.0,7.0,8.0
37,0,37,8.72,5.767287057187287,6.0,7.0,8.0
38,0,38,7.97,6.284035327717375,6.0,7.0,8.0
39,0,39,7.61,2.9661254187913224,6.0,7.0,8.0
40,0,40,7.92,5.049118734987324,6.0,7.0,8.0
41,0,41,7.21,1.850918690812754,6.0,7.0,8.0
42,0,42,7.24,2.3414525406251565,6.0,7.0,8.0
43,0,43,7.03,1.5129771974487916,6.0,7.0,7.25
44,0,44,7.09,1.772540549606694,6.0,7.0,7.25
45,0,45,7.13,1.9060692537261075,6.0,7.0,8.0
46,0,46,7.11,1.6726924403487928,6.0,7.0,7.25
47,0,47,7.13,1.6592468170829802,6.0,7.0,8.0
48,0,48,7.05,1.6147755261955143,6.0,7.0,7.25
49,0,49,6.98,1.4489996549343964,6.0,7.0,8.0
50,1,0,111.43,86.46354781062364,45.0,83.0,153.5
51,1,1,14.16,6.771587701566007,9.75,12.0,17.25
52,1,2,13.81,6.3791770629133655,10.0,12.0,15.25
53,1,3,13.78,5.756005559413577,10.0,12.0,16.0
54,1,4,13.74,5.624268841369516,10.75,12.0,16.0
55,1,5,13.74,6.467797152044891,10.0,12.0,16.25
56,1,6,14.48,7.327318745625851,10.0,13.0,16.25
57,1,7,14.15,7.168507515515346,9.0,11.5,17.0
58,1,8,14.28,6.758816464441094,10.0,13.0,17.0
59,1,9,14.21,6.4626542534782105,9.75,13.0,16.0
60,1,10,13.18,4.7378898256502335,10.0,12.0,16.0
61,1,11,14.11,6.583152740139029,10.0,12.0,16.0
62,1,12,14.39,7.296430634221092,10.0,13.0,17.0
63,1,13,14.7,6.904346457123946,11.0,13.0,17.0
64,1,14,13.43,5.843380870694636,9.0,11.0,16.0
65,1,15,13.94,6.566307942824492,10.0,12.0,16.0
66,1,16,13.31,4.951151381244569,10.0,12.0,16.0
67,1,17,13.53,5.406394362234408,10.0,12.0,16.0
68,1,18,14.18,7.564892596726011,9.0,13.0,16.25
69,1,19,13.24,5.623379766652791,9.0,12.0,16.0
70,1,20,14.24,8.286277813349006,9.75,12.0,17.0
71,1,21,13.59,6.294592917735031,9.0,12.0,16.0
72,1,22,12.58,4.737467677990003,9.0,11.5,15.0
73,1,23,14.3,6.413267497929585,10.0,13.0,18.0
74,1,24,13.8,7.398648525237565,9.75,11.5,17.0
75,1,25,584.52,669.338770429444,106.5,307.5,932.0
76,1,26,31.85,69.49753592754206,8.0,10.5,16.0
77,1,27,12.46,8.781138878300467,7.0,10.0,14.25
78,1,28,12.65,10.077077949485158,8.0,10.0,14.25
79,1,29,14.75,18.991247984268966,7.0,10.0,14.0
80,1,30,14.06,19.086026301983342,7.0,9.0,12.25
81,1,31,14.4,15.646724896923319,7.0,9.5,14.0
82,1,32,13.25,12.916172033539969,7.0,10.0,12.25
83,1,33,11.09,7.031493440230177,7.0,9.0,12.0
84,1,34,11.28,9.665484985245179,7.0,9.0,12.25
85,1,35,11.16,7.3725436587381425,7.0,9.0,11.25
86,1,36,10.75,9.780976433874073,6.0,8.0,10.25
87,1,37,10.91,7.507456293579072,7.0,8.0,13.0
88,1,38,10.83,7.215337829928687,7.0,9.0,11.0
89,1,39,10.99,7.261535650260211,7.0,9.0,12.0
90,1,40,10.28,5.006156210107711,7.0,9.0,12.25
91,1,41,10.4,4.789572005931219,7.0,9.0,12.0
92,1,42,10.33,4.976052652454554,7.0,9.0,12.0
93,1,43,10.67,6.48236839434477,7.0,9.0,12.0
94,1,44,10.43,5.967000921736145,7.0,9.0,11.25
95,1,45,10.36,6.306377724177327,7.0,8.0,11.0
96,1,46,10.16,5.429033063078544,7.0,9.0,11.0
97,1,47,10.72,6.6993731050001974,7.0,9.0,12.0
98,1,48,10.09,5.182846708132511,7.0,9.0,11.0
99,1,49,10.19,5.045185824129772,7.0,8.0,12.0
100,2,0,111.43,86.46354781062364,45.0,83.0,153.5
101,2,1,14.16,6.771587701566007,9.75,12.0,17.25
102,2,2,13.81,6.3791770629133655,10.0,12.0,15.25
103,2,3,13.78,5.756005559413577,10.0,12.0,16.0
104,2,4,13.74,5.624268841369516,10.75,12.0,16.0
105,2,5,13.74,6.467797152044891,10.0,12.0,16.25
106,2,6,14.48,7.327318745625851,10.0,13.0,16.25
107,2,7,14.15,7.168507515515346,9.0,11.5,17.0
108,2,8,14.28,6.758816464441094,10.0,13.0,17.0
109,2,9,14.21,6.4626542534782105,9.75,13.0,16.0
110,2,10,13.18,4.7378898256502335,10.0,12.0,16.0
111,2,11,14.11,6.583152740139029,10.0,12.0,16.0
112,2,12,14.39,7.296430634221092,10.0,13.0,17.0
113,2,13,14.7,6.904346457123946,11.0,13.0,17.0
114,2,14,13.43,5.843380870694636,9.0,11.0,16.0
115,2,15,13.94,6.566307942824492,10.0,12.0,16.0
116,2,16,13.31,4.951151381244569,10.0,12.0,16.0
117,2,17,13.53,5.406394362234408,10.0,12.0,16.0
118,2,18,14.22,7.584958800151784,9.0,13.0,17.0
119,2,19,13.36,5.743727013011673,9.0,12.0,16.0
120,2,20,14.26,8.292912636703706,9.75,12.0,17.0
121,2,21,13.63,6.335069060397053,9.0,12.0,16.0
122,2,22,12.55,4.6869499677295465,9.0,11.5,15.0
123,2,23,14.26,6.396280168973214,10.0,13.0,17.25
124,2,24,13.8,7.398648525237565,9.75,11.5,17.0
125,2,25,585.34,668.779413857813,106.5,303.0,932.0
126,2,26,26.29,65.68581201446779,7.75,10.5,16.0
127,2,27,16.6,25.817823300967884,7.0,10.0,14.0
128,2,28,14.39,15.991181945059596,8.0,10.0,15.0
129,2,29,16.62,24.974298788955014,7.75,10.0,15.0
130,2,30,13.13,13.762016567349422,7.0,9.5,13.25
131,2,31,13.02,11.523870877443915,7.0,10.0,14.0
132,2,32,13.41,15.55126682942583,7.0,10.0,13.0
133,2,33,13.19,15.679728951738928,7.0,9.0,12.0
134,2,34,11.6,10.13706071797935,7.0,9.0,12.25
135,2,35,10.76,6.585013287761841,7.0,9.0,12.0
136,2,36,11.22,11.401385880672578,6.75,8.0,11.25
137,2,37,11.4,9.055385138137417,7.0,8.0,13.0
138,2,38,10.6,6.468384651518492,7.0,9.0,11.0
139,2,39,10.72,6.133644919621612,7.0,9.0,12.0
140,2,40,10.82,6.624771694179354,7.0,9.0,12.25
141,2,41,10.59,6.746991922331018,7.0,9.0,11.25
142,2,42,10.87,5.166536557501553,7.0,9.0,13.0
143,2,43,10.36,4.706421145626473,7.0,9.0,13.0
144,2,44,10.33,4.927585615694567,7.0,9.0,12.0
145,2,45,10.82,6.467426072248527,7.0,8.0,12.0
146,2,46,10.82,6.984812094824027,7.0,9.0,13.0
147,2,47,11.07,7.377336917885748,7.0,9.0,12.0
148,2,48,10.61,6.016469064160473,7.0,9.0,12.0
149,2,49,10.56,5.165888113383796,7.0,9.0,13.0
150,4,0,111.43,86.46354781062364,45.0,83.0,153.5
151,4,1,14.03,6.472178922125068,9.0,12.5,18.0
152,4,2,13.63,6.461663872409335,9.0,11.0,15.0
153,4,3,14.22,7.232675853375429,10.0,13.0,16.0
154,4,4,12.85,4.524102120863321,10.0,12.0,15.0
155,4,5,14.11,7.387685699865689,9.0,12.0,16.25
156,4,6,14.11,6.199830642848238,10.0,13.0,17.0
157,4,7,14.49,6.979247810473561,10.0,12.5,16.25
158,4,8,14.15,6.735540067433345,10.0,12.0,17.0
159,4,9,13.68,6.094062684285419,9.0,12.0,17.0
160,4,10,13.44,5.41907741225386,10.0,12.0,16.0
161,4,11,13.79,5.682068285404532,9.0,12.5,16.25
162,4,12,13.84,6.846488150869758,9.0,12.5,17.0
163,4,13,13.38,6.129893963193816,10.0,11.0,15.0
164,4,14,14.52,6.27292595205778,10.0,13.0,17.0
165,4,15,13.72,6.028399455908675,9.0,12.0,17.0
166,4,16,12.84,4.989428825025967,9.0,12.0,15.0
167,4,17,14.27,7.616895693128534,10.0,12.0,17.25
168,4,18,13.61,6.281552355906938,9.0,12.0,16.0
169,4,19,13.41,5.578700565543915,9.75,12.0,15.25
170,4,20,13.2,6.138403701289122,9.0,12.0,16.0
171,4,21,13.45,5.47608436750202,10.0,12.0,16.0
172,4,22,13.55,6.045452836636805,9.0,12.0,15.0
173,4,23,14.54,8.092490345993623,9.0,12.5,16.0
174,4,24,13.05,4.725198408532704,9.0,12.0,16.25
175,4,25,596.5,685.9686508871962,100.0,262.0,993.75
176,4,26,36.62,86.19231752308322,6.0,8.0,14.0
177,4,27,14.81,26.933880151214744,6.0,8.0,13.0
178,4,28,11.43,14.514306735080389,6.0,7.5,11.0
179,4,29,12.92,29.39751009864611,6.0,7.0,12.0
180,4,30,9.94,6.807084544795959,6.0,7.0,11.25
181,4,31,9.47,5.158400915012326,6.0,7.0,11.0
182,4,32,9.45,5.129083738836791,6.0,8.0,11.0
183,4,33,9.8,5.902541825349482,6.0,8.0,12.0
184,4,34,9.75,5.6592844070606665,6.0,7.5,11.0
185,4,35,9.8,6.435837163881634,6.0,8.0,11.0
186,4,36,9.54,4.83822281421598,6.0,8.0,12.0
187,4,37,10.21,6.654765209982994,6.0,8.0,11.25
188,4,38,10.12,6.334477089705196,6.0,8.0,12.25
189,4,39,9.35,4.848453361640184,6.0,8.0,11.0
190,4,40,9.76,5.981839182057639,6.0,7.0,11.0
191,4,41,9.63,6.830307460136768,6.0,7.0,11.0
192,4,42,9.93,6.612495746690504,6.0,8.0,11.0
193,4,43,9.75,5.785110197740402,6.0,7.0,11.25
194,4,44,10.61,6.608925782606429,6.0,8.0,11.0
195,4,45,9.63,5.249104685563053,6.0,8.0,11.0
196,4,46,9.52,5.867674155915614,6.0,7.0,11.0
197,4,47,9.21,5.318449022036406,6.0,7.0,11.0
198,4,48,9.54,6.2712359228464685,6.0,8.0,11.0
199,4,49,9.37,4.480301329151868,6.0,8.0,11.0
