,Replay type,Individual,all,Mean,STD
0,0,0,"[8, 19, 14, 11, 16]",13.6,3.8262252939417984
1,0,1,"[7, 7, 7, 5, 7]",6.6,0.7999999999999999
2,0,2,"[13, 7, 7, 5, 9]",8.2,2.7129319932501073
3,0,3,"[7, 12, 14, 8, 8]",9.8,2.7129319932501073
4,0,4,"[7, 36, 27, 12, 11]",18.6,11.038115781237302
5,0,5,"[5, 6, 5, 5, 5]",5.2,0.39999999999999997
6,0,6,"[11, 15, 7, 5, 5]",8.6,3.8781438859330635
7,0,7,"[8, 10, 10, 7, 6]",8.2,1.6
8,0,8,"[9, 8, 9, 10, 10]",9.2,0.7483314773547883
9,0,9,"[13, 6, 103, 9, 8]",27.8,37.66908546805988
10,0,10,"[5, 7, 30, 13, 11]",13.2,8.863407922464134
11,0,11,"[6, 6, 9, 6, 6]",6.6,1.2
12,0,12,"[6, 7, 5, 6, 7]",6.2,0.7483314773547882
13,0,13,"[6, 13, 9, 10, 12]",10.0,2.449489742783178
14,0,14,"[8, 11, 12, 13, 10]",10.8,1.7204650534085253
15,0,15,"[12, 18, 11, 9, 9]",11.8,3.3105890714493698
16,0,16,"[5, 6, 6, 5, 5]",5.4,0.48989794855663565
17,0,17,"[9, 9, 8, 6, 11]",8.6,1.624807680927192
18,0,18,"[6, 6, 6, 6, 6]",6.0,0.0
19,0,19,"[5, 6, 6, 6, 5]",5.6,0.4898979485566356
20,0,20,"[5, 5, 5, 5, 5]",5.0,0.0
21,0,21,"[6, 9, 7, 17, 22]",12.2,6.241794613730894
22,0,22,"[18, 6, 9, 25, 23]",16.2,7.520638270785266
23,0,23,"[10, 10, 7, 7, 7]",8.2,1.4696938456699067
24,0,24,"[14, 9, 14, 9, 10]",11.2,2.3151673805580453
25,0,25,"[9, 8, 7, 9, 7]",8.0,0.8944271909999159
26,0,26,"[21, 8, 10, 8, 17]",12.8,5.2687759489277965
27,0,27,"[9, 10, 9, 7, 7]",8.4,1.2
28,0,28,"[7, 9, 10, 6, 6]",7.6,1.624807680927192
29,0,29,"[20, 15, 7, 12, 9]",12.6,4.586937976471886
30,0,30,"[5, 7, 5, 5, 5]",5.4,0.7999999999999999
31,0,31,"[8, 10, 18, 13, 12]",12.2,3.370459909270543
32,0,32,"[33, 9, 279, 73, 43]",87.4,97.97469060936095
33,0,33,"[14, 8, 8, 5, 13]",9.6,3.3823069050575527
34,0,34,"[30, 7, 16, 7, 8]",13.6,8.867919710958146
35,0,35,"[27, 10, 12, 8, 24]",16.2,7.756287771866127
36,0,36,"[12, 13, 29, 27, 24]",21.0,7.127411872482185
37,0,37,"[9, 6, 10, 37, 14]",15.2,11.196428001822724
38,0,38,"[29, 11, 11, 20, 11]",16.4,7.200000000000001
39,0,39,"[7, 7, 7, 7, 46]",14.8,15.6
40,0,40,"[17, 13, 10, 50, 11]",20.2,15.091719583930788
41,0,41,"[12, 10, 8, 9, 11]",10.0,1.4142135623730951
42,0,42,"[7, 8, 9, 7, 8]",7.8,0.7483314773547882
43,0,43,"[25, 7, 13, 11, 12]",13.6,6.053098380168622
44,0,44,"[11, 11, 13, 13, 14]",12.4,1.2
45,0,45,"[8, 23, 9, 10, 6]",11.2,6.04648658313239
46,0,46,"[7, 10, 11, 10, 11]",9.8,1.4696938456699067
47,0,47,"[5, 19, 5, 10, 9]",9.6,5.122499389946279
48,0,48,"[9, 28, 6, 10, 21]",14.8,8.328265125462805
49,0,49,"[8, 10, 15, 15, 8]",11.2,3.1874754901018454
50,0,50,"[17, 22, 6, 6, 11]",12.4,6.280127387243033
51,0,51,"[12, 13, 18, 12, 11]",13.2,2.481934729198171
52,0,52,"[7, 6, 5, 7, 7]",6.4,0.7999999999999999
53,0,53,"[27, 19, 17, 134, 25]",44.4,44.95152945117663
54,0,54,"[8, 6, 6, 6, 6]",6.4,0.7999999999999999
55,0,55,"[6, 9, 13, 10, 15]",10.6,3.1368774282716245
56,0,56,"[30, 18, 6, 9, 5]",13.6,9.393614852653903
57,0,57,"[9, 7, 10, 5, 15]",9.2,3.370459909270543
58,0,58,"[8, 15, 16, 5, 10]",10.8,4.166533331199932
59,0,59,"[5, 7, 11, 5, 5]",6.6,2.33238075793812
60,0,60,"[8, 8, 10, 7, 10]",8.6,1.2
61,0,61,"[5, 6, 5, 4, 5]",5.0,0.6324555320336759
62,0,62,"[23, 6, 11, 12, 7]",11.8,6.04648658313239
63,0,63,"[33, 8, 13, 19, 7]",16.0,9.50789145920377
64,0,64,"[15, 5, 7, 6, 5]",7.6,3.7735924528226414
65,0,65,"[6, 8, 19, 8, 14]",11.0,4.8166378315169185
66,0,66,"[20, 8, 9, 18, 7]",12.4,5.462600113499065
67,0,67,"[28, 17, 22, 46, 42]",31.0,11.242775458044157
68,0,68,"[6, 17, 8, 9, 17]",11.4,4.673328578219169
69,0,69,"[12, 8, 7, 8, 11]",9.2,1.9390719429665317
70,0,70,"[9, 13, 10, 6, 7]",9.0,2.449489742783178
71,0,71,"[7, 8, 6, 16, 10]",9.4,3.5552777669262356
72,0,72,"[8, 9, 6, 28, 12]",12.6,7.939773296511683
73,0,73,"[7, 13, 9, 16, 23]",13.6,5.642694391866353
74,0,74,"[20, 20, 10, 39, 23]",22.4,9.393614852653903
75,0,75,"[7, 19, 32, 7, 7]",14.4,9.951884243699784
76,0,76,"[19, 17, 92, 56, 49]",46.6,27.543420266916744
77,0,77,"[16, 18, 17, 16, 11]",15.6,2.4166091947189146
78,0,78,"[10, 7, 6, 6, 6]",7.0,1.5491933384829668
79,0,79,"[7, 5, 5, 7, 5]",5.8,0.9797958971132712
80,0,80,"[7, 6, 7, 6, 6]",6.4,0.48989794855663565
81,0,81,"[8, 9, 27, 7, 9]",12.0,7.536577472566709
82,0,82,"[7, 15, 11, 8, 15]",11.2,3.370459909270543
83,0,83,"[11, 9, 11, 10, 13]",10.8,1.32664991614216
84,0,84,"[41, 44, 17, 13, 21]",27.2,12.781236246936365
85,0,85,"[7, 10, 6, 9, 5]",7.4,1.8547236990991407
86,0,86,"[7, 13, 7, 6, 7]",8.0,2.5298221281347035
87,0,87,"[17, 9, 12, 11, 11]",12.0,2.6832815729997477
88,0,88,"[78, 37, 26, 49, 15]",41.0,21.6794833886788
89,0,89,"[5, 7, 6, 8, 8]",6.8,1.16619037896906
90,0,90,"[8, 14, 20, 10, 8]",12.0,4.560701700396552
91,0,91,"[14, 7, 6, 7, 6]",8.0,3.03315017762062
92,0,92,"[6, 6, 6, 5, 7]",6.0,0.6324555320336759
93,0,93,"[12, 16, 146, 51, 7]",46.4,52.155920085834936
94,0,94,"[7, 7, 7, 6, 7]",6.8,0.39999999999999997
95,0,95,"[38, 28, 64, 23, 9]",32.4,18.358649187780674
96,0,96,"[11, 9, 8, 20, 9]",11.4,4.409081537009721
97,0,97,"[7, 10, 7, 5, 7]",7.2,1.6
98,0,98,"[17, 50, 11, 13, 27]",23.6,14.305243793798132
99,0,99,"[151, 94, 21, 5, 9]",56.0,57.452589149663225
100,1,0,"[5, 8, 5, 5, 6]",5.8,1.16619037896906
101,1,1,"[15, 61, 23, 11, 194]",60.8,68.9185025954569
102,1,2,"[10, 15, 7, 6, 38]",15.2,11.822013364905319
103,1,3,"[7, 6, 14, 5, 8]",8.0,3.1622776601683795
104,1,4,"[29, 17, 17, 12, 20]",19.0,5.621387729022079
105,1,5,"[12, 7, 18, 61, 9]",21.4,20.14547095503106
106,1,6,"[11, 12, 8, 6, 7]",8.8,2.315167380558045
107,1,7,"[43, 12, 24, 8, 27]",22.8,12.351518125315609
108,1,8,"[13, 11, 8, 26, 6]",12.8,7.025667228100119
109,1,9,"[7, 8, 20, 26, 12]",14.6,7.310266752998826
110,1,10,"[10, 6, 7, 5, 6]",6.8,1.7204650534085255
111,1,11,"[7, 15, 10, 21, 14]",13.4,4.758150901348127
112,1,12,"[12, 11, 9, 336, 25]",78.6,128.8232898198148
113,1,13,"[9, 35, 8, 17, 13]",16.4,9.830564581955606
114,1,14,"[7, 6, 6, 5, 6]",6.0,0.6324555320336759
115,1,15,"[5, 15, 22, 8, 8]",11.6,6.151422599691879
116,1,16,"[61, 20, 8, 136, 10]",47.0,48.44791017164724
117,1,17,"[10, 5, 8, 5, 9]",7.4,2.0591260281974
118,1,18,"[24, 124, 15, 27, 166]",71.2,61.830089762186184
119,1,19,"[41, 10, 20, 63, 30]",32.8,18.280043763623762
120,1,20,"[35, 28, 32, 50, 12]",31.4,12.2245654319489
121,1,21,"[7, 54, 6, 18, 11]",19.2,17.90418945386805
122,1,22,"[24, 13, 22, 21, 23]",20.6,3.9293765408777
123,1,23,"[25, 10, 16, 17, 32]",20.0,7.6681158050723255
124,1,24,"[6, 20, 12, 24, 15]",15.4,6.248199740725324
125,1,25,"[6, 6, 7, 6, 6]",6.2,0.39999999999999997
126,1,26,"[16, 24, 8, 14, 9]",14.2,5.74108003776293
127,1,27,"[32, 18, 8, 5, 15]",15.6,9.436100889668358
128,1,28,"[89, 13, 21, 37, 22]",36.4,27.419700946582186
129,1,29,"[15, 8, 5, 9, 6]",8.6,3.4985711369071804
130,1,30,"[10, 8, 7, 8, 9]",8.4,1.0198039027185568
131,1,31,"[48, 18, 22, 6, 12]",21.2,14.455448799674121
132,1,32,"[13, 8, 9, 12, 5]",9.4,2.870540018881465
133,1,33,"[11, 28, 15, 16, 13]",16.6,5.953150426454887
134,1,34,"[12, 17, 7, 8, 7]",10.2,3.867815921162743
135,1,35,"[9, 7, 9, 5, 22]",10.4,5.986651818838307
136,1,36,"[11, 81, 19, 49, 23]",36.6,25.593749236874228
137,1,37,"[21, 11, 19, 7, 15]",14.6,5.122499389946279
138,1,38,"[14, 13, 8, 6, 8]",9.8,3.1240998703626617
139,1,39,"[17, 57, 18, 7, 24]",24.6,17.09502851708648
140,1,40,"[38, 10, 15, 87, 639]",157.8,242.13830758473554
141,1,41,"[17, 10, 30, 17, 38]",22.4,10.131140113531153
142,1,42,"[9, 15, 12, 6, 9]",10.2,3.059411708155671
143,1,43,"[55, 73, 35, 32, 8]",40.6,22.023623680039577
144,1,44,"[28, 21, 575, 7, 17]",129.6,222.80359063533962
145,1,45,"[7, 6, 14, 6, 16]",9.8,4.308131845707603
146,1,46,"[8, 13, 8, 16, 15]",12.0,3.40587727318528
147,1,47,"[10, 11, 9, 11, 8]",9.8,1.1661903789690602
148,1,48,"[23, 44, 13, 48, 44]",34.4,13.836184445142381
149,1,49,"[5, 21, 7, 23, 23]",15.8,8.059776671843954
150,1,50,"[39, 22, 29, 85, 8]",36.6,26.21907702418222
151,1,51,"[10, 6, 9, 10, 10]",9.0,1.5491933384829668
152,1,52,"[12, 15, 35, 14, 10]",17.2,9.064215354899728
153,1,53,"[7, 9, 23, 29, 56]",24.8,17.66805026028622
154,1,54,"[16, 13, 19, 20, 8]",15.2,4.354308211415448
155,1,55,"[6, 14, 22, 7, 6]",11.0,6.260990336999411
156,1,56,"[10, 12, 17, 13, 19]",14.2,3.3105890714493698
157,1,57,"[6, 30, 90, 60, 91]",55.4,33.3802336720401
158,1,58,"[28, 12, 10, 68, 39]",31.4,21.181123671797963
159,1,59,"[55, 29, 13, 26, 14]",27.4,15.186836405255704
160,1,60,"[9, 9, 7, 8, 10]",8.6,1.019803902718557
161,1,61,"[6, 18, 8, 7, 14]",10.6,4.6303347611160905
162,1,62,"[13, 7, 9, 12, 10]",10.2,2.1354156504062622
163,1,63,"[13, 14, 20, 37, 49]",26.6,14.122322755127783
164,1,64,"[17, 20, 11, 8, 19]",15.0,4.69041575982343
165,1,65,"[6, 5, 6, 5, 6]",5.6,0.48989794855663565
166,1,66,"[12, 9, 9, 6, 5]",8.2,2.481934729198171
167,1,67,"[13, 18, 131, 114, 54]",66.0,48.551004109081
168,1,68,"[38, 97, 310, 74, 72]",118.2,97.7310595460829
169,1,69,"[5, 7, 6, 9, 9]",7.2,1.6
170,1,70,"[11, 24, 28, 171, 78]",62.4,58.88497261610979
171,1,71,"[9, 11, 10, 17, 13]",12.0,2.8284271247461903
172,1,72,"[10, 12, 9, 17, 9]",11.4,3.006659275674582
173,1,73,"[14, 5, 105, 31, 11]",33.2,36.923705122861115
174,1,74,"[7, 6, 16, 7, 10]",9.2,3.655133376499413
175,1,75,"[5, 10, 7, 10, 48]",16.0,16.112107248898266
176,1,76,"[36, 8, 29, 31, 25]",25.8,9.579144011862438
177,1,77,"[10, 12, 12, 10, 28]",14.4,6.858571279792899
178,1,78,"[21, 20, 76, 177, 21]",63.0,60.89663373290843
179,1,79,"[16, 27, 48, 26, 20]",27.4,11.056219968868204
180,1,80,"[20, 26, 7, 17, 48]",23.6,13.661625086350453
181,1,81,"[5, 5, 5, 5, 5]",5.0,0.0
182,1,82,"[30, 16, 43, 27, 16]",26.4,10.05186549850325
183,1,83,"[29, 33, 70, 22, 51]",41.0,17.378147196982766
184,1,84,"[6, 6, 13, 8, 8]",8.2,2.5612496949731396
185,1,85,"[10, 9, 7, 7, 8]",8.2,1.1661903789690602
186,1,86,"[19, 28, 12, 9, 13]",16.2,6.734983296193095
187,1,87,"[51, 35, 9, 420, 8]",104.6,158.53403420086173
188,1,88,"[10, 6, 7, 32, 6]",12.2,10.007996802557443
189,1,89,"[6, 6, 4, 8, 6]",6.0,1.2649110640673518
190,1,90,"[9, 46, 13, 29, 12]",21.8,13.96280774056565
191,1,91,"[19, 5, 8, 29, 27]",17.6,9.707728879609277
192,1,92,"[14, 19, 107, 15, 58]",42.6,36.11426311030034
193,1,93,"[5, 9, 7, 8, 8]",7.4,1.3564659966250536
194,1,94,"[6, 11, 5, 5, 8]",7.0,2.280350850198276
195,1,95,"[5, 6, 7, 5, 5]",5.6,0.7999999999999999
196,1,96,"[16, 13, 101, 17, 15]",32.4,34.32550072467989
197,1,97,"[17, 9, 20, 16, 13]",15.0,3.7416573867739413
198,1,98,"[18, 44, 11, 16, 27]",23.2,11.617228585166085
199,1,99,"[14, 13, 8, 8, 8]",10.2,2.7129319932501073
200,2,0,"[15, 13, 10, 57, 39]",26.8,18.29098138427788
201,2,1,"[49, 7, 26, 16, 125]",44.6,42.570412260160225
202,2,2,"[10, 11, 47, 11, 9]",17.6,14.71869559437928
203,2,3,"[17, 6, 18, 13, 19]",14.6,4.758150901348127
204,2,4,"[14, 20, 16, 13, 12]",15.0,2.8284271247461903
205,2,5,"[105, 22, 21, 20, 29]",39.4,32.952086428631496
206,2,6,"[16, 12, 23, 20, 45]",23.2,11.513470371699404
207,2,7,"[24, 90, 18, 30, 24]",37.2,26.671332925071447
208,2,8,"[11, 18, 10, 21, 19]",15.8,4.445222154178573
209,2,9,"[100, 149, 60, 54, 29]",78.4,42.01237912806177
210,2,10,"[7, 10, 11, 7, 7]",8.4,1.7435595774162693
211,2,11,"[61, 15, 6, 26, 19]",25.4,18.937792902025304
212,2,12,"[8, 6, 26, 5, 39]",16.8,13.49666625504239
213,2,13,"[11, 9, 7, 56, 123]",41.2,44.7857120072909
214,2,14,"[8, 12, 9, 8, 7]",8.8,1.7204650534085253
215,2,15,"[6, 5, 15, 5, 8]",7.8,3.762977544445356
216,2,16,"[4, 49, 21, 21, 20]",23.0,14.51895313030523
217,2,17,"[7, 6, 6, 27, 7]",10.6,8.212186067059124
218,2,18,"[10, 12, 12, 15, 16]",13.0,2.1908902300206643
219,2,19,"[16, 14, 9, 7, 17]",12.6,3.9293765408777004
220,2,20,"[32, 73, 23, 48, 43]",43.8,16.98705389406886
221,2,21,"[17, 11, 45, 103, 352]",105.6,127.429352976463
222,2,22,"[12, 8, 21, 6, 20]",13.4,6.118823416311342
223,2,23,"[18, 12, 10, 13, 18]",14.2,3.249615361854384
224,2,24,"[41, 7, 38, 100, 27]",42.6,31.07796647144082
225,2,25,"[53, 5, 5, 12, 12]",17.4,18.073184556131775
226,2,26,"[12, 26, 18, 15, 15]",17.2,4.791659420284375
227,2,27,"[29, 32, 20, 20, 14]",23.0,6.572670690061994
228,2,28,"[38, 12, 15, 136, 39]",48.0,45.40925015897091
229,2,29,"[7, 26, 14, 19, 12]",15.6,6.468384651518492
230,2,30,"[15, 9, 8, 10, 8]",10.0,2.6076809620810595
231,2,31,"[54, 30, 21, 42, 24]",34.2,12.237646832622685
232,2,32,"[13, 7, 7, 6, 10]",8.6,2.5768197453450252
233,2,33,"[6, 6, 9, 7, 6]",6.8,1.16619037896906
234,2,34,"[29, 15, 18, 12, 21]",19.0,5.830951894845301
235,2,35,"[36, 6, 35, 28, 16]",24.2,11.565465835840769
236,2,36,"[123, 139, 68, 195, 67]",118.4,47.9483054966492
237,2,37,"[7, 45, 7, 6, 9]",14.8,15.131424255502191
238,2,38,"[6, 84, 14, 11, 43]",31.6,29.20684851195007
239,2,39,"[13, 10, 176, 14, 47]",52.0,63.45076831686122
240,2,40,"[11, 46, 13, 16, 14]",20.0,13.099618315050252
241,2,41,"[17, 48, 45, 6, 9]",25.0,17.944358444926362
242,2,42,"[33, 57, 10, 31, 13]",28.8,16.85704600456438
243,2,43,"[4, 9, 6, 35, 21]",15.0,11.610340218959994
244,2,44,"[13, 11, 34, 131, 7]",39.2,46.84613111026352
245,2,45,"[7, 7, 12, 6, 8]",8.0,2.0976176963403033
246,2,46,"[14, 10, 9, 31, 20]",16.8,8.084553172563094
247,2,47,"[9, 24, 9, 9, 14]",13.0,5.830951894845301
248,2,48,"[29, 50, 32, 125, 100]",67.2,38.49883115108821
249,2,49,"[56, 138, 125, 28, 204]",110.2,62.425635759678094
250,2,50,"[67, 30, 30, 43, 48]",43.6,13.690872872099865
251,2,51,"[15, 8, 8, 12, 10]",10.6,2.6532998322843198
252,2,52,"[8, 4, 90, 12, 12]",25.2,32.535519052260405
253,2,53,"[19, 20, 21, 31, 23]",22.8,4.308131845707604
254,2,54,"[12, 95, 54, 8, 62]",46.2,32.62146532576365
255,2,55,"[40, 12, 10, 7, 7]",15.2,12.544321424453377
256,2,56,"[7, 17, 16, 11, 13]",12.8,3.6000000000000005
257,2,57,"[7, 300, 9, 30, 11]",71.4,114.59598596809576
258,2,58,"[24, 21, 22, 45, 145]",51.4,47.62604329565915
259,2,59,"[17, 10, 19, 14, 25]",17.0,5.019960159204453
260,2,60,"[7, 14, 16, 16, 19]",14.4,4.029888335921977
261,2,61,"[10, 16, 22, 10, 14]",14.4,4.454211490264018
262,2,62,"[26, 15, 6, 8, 9]",12.8,7.249827584156743
263,2,63,"[27, 11, 6, 23, 21]",17.6,7.83836717690617
264,2,64,"[19, 9, 9, 7, 17]",12.2,4.833218389437829
265,2,65,"[14, 9, 10, 9, 9]",10.2,1.9390719429665315
266,2,66,"[15, 16, 14, 11, 34]",18.0,8.17312669668102
267,2,67,"[6, 5, 12, 6, 8]",7.4,2.4979991993593593
268,2,68,"[210, 149, 255, 12, 8]",126.8,101.13634361593265
269,2,69,"[64, 22, 9, 32, 15]",28.4,19.37627415165258
270,2,70,"[8, 6, 10, 8, 6]",7.6,1.4966629547095764
271,2,71,"[9, 6, 7, 13, 12]",9.4,2.727636339397171
272,2,72,"[12, 30, 28, 7, 7]",16.8,10.146920715172657
273,2,73,"[10, 15, 14, 10, 9]",11.6,2.4166091947189146
274,2,74,"[12, 6, 10, 119, 9]",31.2,43.94268994952402
275,2,75,"[12, 9, 8, 6, 11]",9.2,2.1354156504062622
276,2,76,"[84, 39, 38, 31, 160]",70.4,48.58230130407575
277,2,77,"[19, 12, 11, 19, 18]",15.8,3.54400902933387
278,2,78,"[21, 82, 18, 49, 13]",36.6,25.92759148089155
279,2,79,"[17, 395, 22, 53, 25]",102.4,146.83541807070938
280,2,80,"[7, 11, 17, 56, 15]",21.2,17.73583942191629
281,2,81,"[34, 27, 13, 42, 11]",25.4,11.943198901466893
282,2,82,"[48, 27, 24, 19, 43]",32.2,11.26765281680262
283,2,83,"[11, 12, 41, 38, 15]",23.4,13.245376551838758
284,2,84,"[6, 6, 6, 6, 8]",6.4,0.7999999999999999
285,2,85,"[18, 16, 17, 10, 15]",15.2,2.7856776554368237
286,2,86,"[13, 28, 44, 31, 13]",25.8,11.754148203932091
287,2,87,"[13, 46, 25, 24, 20]",25.6,11.038115781237305
288,2,88,"[11, 12, 20, 31, 40]",22.8,11.196428001822724
289,2,89,"[5, 5, 5, 6, 5]",5.2,0.39999999999999997
290,2,90,"[23, 41, 137, 13, 48]",52.4,44.09807252023607
291,2,91,"[7, 13, 5, 31, 6]",12.4,9.707728879609277
292,2,92,"[5, 26, 17, 19, 19]",17.2,6.823488843692792
293,2,93,"[10, 5, 11, 5, 6]",7.4,2.5768197453450252
294,2,94,"[7, 9, 6, 8, 8]",7.6,1.0198039027185568
295,2,95,"[8, 13, 8, 11, 47]",17.4,14.92112596287559
296,2,96,"[121, 13, 15, 7, 7]",32.6,44.31523440082429
297,2,97,"[7, 14, 12, 9, 10]",10.4,2.4166091947189146
298,2,98,"[10, 53, 23, 45, 43]",34.8,15.85433694608513
299,2,99,"[118, 9, 12, 70, 366]",115.0,131.81805642627265
300,4,0,"[15, 18, 23, 12, 17]",17.0,3.63318042491699
301,4,1,"[7, 11, 13, 24, 7]",12.4,6.248199740725324
302,4,2,"[9, 15, 8, 14, 22]",13.6,5.0039984012787215
303,4,3,"[6, 7, 7, 8, 11]",7.8,1.7204650534085253
304,4,4,"[5, 15, 18, 19, 13]",14.0,4.979959839195493
305,4,5,"[442, 213, 13, 547, 65]",256.0,208.16147578262408
306,4,6,"[73, 27, 12, 20, 8]",28.0,23.435016535091243
307,4,7,"[4, 5, 5, 8, 5]",5.4,1.3564659966250536
308,4,8,"[9, 6, 5, 6, 10]",7.2,1.9390719429665317
309,4,9,"[18, 20, 407, 962, 43]",290.0,366.9239703262789
310,4,10,"[5, 7, 9, 6, 8]",7.0,1.4142135623730951
311,4,11,"[10, 13, 24, 15, 6]",13.6,6.019966777316965
312,4,12,"[6, 9, 6, 6, 6]",6.6,1.2
313,4,13,"[7, 12, 9, 8, 6]",8.4,2.0591260281974
314,4,14,"[6, 6, 6, 7, 4]",5.8,0.9797958971132712
315,4,15,"[1819, 9, 8, 11, 1071]",583.6,742.0408614085885
316,4,16,"[6, 498, 137, 42, 16]",139.8,184.99124303598805
317,4,17,"[9, 6, 5, 5, 6]",6.2,1.4696938456699071
318,4,18,"[5, 9, 5, 5, 5]",5.8,1.6000000000000003
319,4,19,"[7, 6, 7, 219, 7]",49.2,84.90088338763032
320,4,20,"[11, 8, 6, 10, 6]",8.2,2.039607805437114
321,4,21,"[42, 30, 7, 45, 7]",26.2,16.460862674841803
322,4,22,"[7, 5, 9, 8, 10]",7.8,1.7204650534085253
323,4,23,"[22, 45, 39, 22, 32]",32.0,9.143303560529969
324,4,24,"[6, 6, 9, 12, 10]",8.6,2.33238075793812
325,4,25,"[5, 5, 5, 7, 5]",5.4,0.7999999999999999
326,4,26,"[5, 5, 5, 6, 5]",5.2,0.39999999999999997
327,4,27,"[42, 31, 467, 27, 140]",141.4,168.0316636827714
328,4,28,"[19, 44, 8, 20, 8]",19.8,13.151425778218876
329,4,29,"[7, 6, 6, 6, 6]",6.2,0.39999999999999997
330,4,30,"[7, 5, 5, 6, 6]",5.8,0.7483314773547882
331,4,31,"[9, 7, 5, 25, 5]",10.2,7.547184905645283
332,4,32,"[7, 8, 65, 9, 13]",20.4,22.39285600364545
333,4,33,"[13, 7, 8, 9, 7]",8.8,2.2271057451320084
334,4,34,"[190, 2006, 602, 2143, 1767]",1341.6,792.1900277079989
335,4,35,"[8, 13, 8, 9, 6]",8.8,2.315167380558045
336,4,36,"[12, 14, 19, 10, 14]",13.8,2.993325909419153
337,4,37,"[27, 7, 28, 34, 31]",25.4,9.520504188329523
338,4,38,"[5, 5, 4, 5, 5]",4.8,0.39999999999999997
339,4,39,"[6, 5, 5, 6, 5]",5.4,0.48989794855663565
340,4,40,"[6, 7, 6, 6, 9]",6.8,1.16619037896906
341,4,41,"[186, 85, 254, 8, 215]",149.6,90.24987534617429
342,4,42,"[13, 9, 30, 25, 13]",18.0,8.049844718999243
343,4,43,"[36, 9, 31, 13, 42]",26.2,12.952219886953742
344,4,44,"[15, 13, 8, 10, 17]",12.6,3.2619012860600183
345,4,45,"[10, 16, 23, 12, 11]",14.4,4.758150901348127
346,4,46,"[13, 14, 9, 10, 16]",12.4,2.5768197453450252
347,4,47,"[6, 6, 5, 5, 4]",5.2,0.7483314773547882
348,4,48,"[12, 17, 23, 12, 13]",15.4,4.223742416388575
349,4,49,"[30, 6, 6, 633, 56]",146.2,244.1003072509332
350,4,50,"[519, 1388, 528, 229, 1929]",918.6,637.0307998833338
351,4,51,"[7, 5, 7, 6, 8]",6.6,1.0198039027185568
352,4,52,"[6, 6, 8, 7, 8]",7.0,0.8944271909999159
353,4,53,"[7, 5, 5, 28, 7]",10.4,8.845337754998393
354,4,54,"[8, 7, 6, 5, 7]",6.6,1.0198039027185568
355,4,55,"[7, 20, 14, 9, 17]",13.4,4.841487374764082
356,4,56,"[6, 6, 8, 6, 6]",6.4,0.7999999999999999
357,4,57,"[9, 5, 5, 5, 6]",6.0,1.5491933384829668
358,4,58,"[36, 26, 19, 25, 25]",26.2,5.491812087098393
359,4,59,"[6, 9, 9, 7, 6]",7.4,1.3564659966250536
360,4,60,"[5, 7, 5, 5, 6]",5.6,0.7999999999999999
361,4,61,"[7, 15, 17, 18, 11]",13.6,4.079215610874227
362,4,62,"[10, 6, 6, 6, 6]",6.8,1.6000000000000003
363,4,63,"[9, 5, 5, 7, 31]",11.4,9.911609354691095
364,4,64,"[5, 5, 7, 6, 43]",13.2,14.918444959177215
365,4,65,"[960, 73, 126, 79, 10]",249.6,357.1120832455827
366,4,66,"[487, 223, 328, 336, 146]",304.0,115.42443415499163
367,4,67,"[10, 4, 7, 1196, 114]",266.2,466.7472120966552
368,4,68,"[467, 15, 10, 1465, 288]",449.0,536.5776737807863
369,4,69,"[15, 6, 8, 5, 8]",8.4,3.4985711369071804
370,4,70,"[6, 6, 8, 6, 5]",6.2,0.9797958971132712
371,4,71,"[18, 1596, 18, 89, 24]",349.0,624.0762773892307
372,4,72,"[8, 9, 14, 31, 7]",13.8,8.930845424706442
373,4,73,"[7, 5, 7, 7, 8]",6.8,0.9797958971132712
374,4,74,"[6, 6, 7, 8, 6]",6.6,0.8
375,4,75,"[12, 7, 9, 11, 7]",9.2,2.039607805437114
376,4,76,"[122, 15, 11, 10, 11]",33.8,44.133434038152984
377,4,77,"[17, 101, 195, 13, 249]",115.0,94.40338976964757
378,4,78,"[6, 7, 8, 8, 8]",7.4,0.7999999999999999
379,4,79,"[27, 54, 20, 70, 8]",35.8,22.807016464237492
380,4,80,"[28, 6, 36, 7, 6]",16.6,12.831211945876351
381,4,81,"[25, 193, 12, 55, 29]",62.8,66.58047761919404
382,4,82,"[6, 7, 8, 6, 6]",6.6,0.7999999999999999
383,4,83,"[6, 6, 9, 6, 7]",6.8,1.16619037896906
384,4,84,"[5, 5, 6, 6, 7]",5.8,0.7483314773547882
385,4,85,"[38, 8, 11, 19, 17]",18.6,10.480458005259122
386,4,86,"[12, 6, 5, 9, 7]",7.8,2.4819347291981715
387,4,87,"[9, 9, 17, 11, 21]",13.4,4.800000000000001
388,4,88,"[14, 6, 5, 6, 4]",7.0,3.5777087639996634
389,4,89,"[5, 6, 5, 5, 6]",5.4,0.4898979485566356
390,4,90,"[139, 144, 170, 6, 12]",94.2,70.38295248140703
391,4,91,"[27, 171, 10, 1009, 8]",245.0,386.8048603624313
392,4,92,"[7, 5, 9, 7, 8]",7.2,1.32664991614216
393,4,93,"[6, 36, 7, 4, 6]",11.8,12.139192724394814
394,4,94,"[6, 7, 6, 4, 8]",6.2,1.32664991614216
395,4,95,"[7, 5, 7, 6, 6]",6.2,0.7483314773547882
396,4,96,"[13, 37, 9, 12, 15]",17.2,10.087616170334794
397,4,97,"[6, 5, 6, 12, 5]",6.8,2.638181191654584
398,4,98,"[14, 9, 6, 16, 11]",11.2,3.54400902933387
399,4,99,"[11, 11, 6, 5, 9]",8.4,2.4979991993593593
