,Replay type,Individual,all,Mean,STD
0,0,0,"[103, 287, 488, 191, 501]",314.0,158.5080439599202
1,0,1,"[588, 10, 25, 8, 12]",128.6,229.77693530900788
2,0,2,"[154, 910, 39, 98, 52]",250.6,332.1575529774989
3,0,3,"[676, 26, 27, 256, 17]",200.4,254.32467438296268
4,0,4,"[475, 52, 217, 62, 35]",168.2,166.7517915945733
5,0,5,"[1576, 52, 27, 12, 5]",334.4,621.0090498535427
6,0,6,"[1208, 344, 14, 16, 11]",318.6,462.7403591648345
7,0,7,"[288, 17, 16, 26, 12]",71.8,108.1968576253488
8,0,8,"[1274, 344, 54, 30, 25]",345.4,479.4470147993415
9,0,9,"[374, 48, 11, 18, 42]",98.6,138.4046242002051
10,0,10,"[312, 14, 154, 27, 39]",109.2,113.03344637760985
11,0,11,"[469, 70, 25, 38, 6]",121.6,174.94753499263712
12,0,12,"[995, 7, 166, 15, 29]",242.4,380.7642840393516
13,0,13,"[1326, 365, 40, 52, 50]",366.6,495.2428091350747
14,0,14,"[608, 969, 634, 14, 21]",449.2,374.78388439205867
15,0,15,"[333, 182, 59, 24, 41]",127.8,116.69344454595554
16,0,16,"[1012, 51, 276, 100, 91]",306.0,361.39230761044155
17,0,17,"[145, 21, 12, 10, 9]",39.4,52.97018029042378
18,0,18,"[458, 685, 16, 75, 6]",248.0,274.73114129999897
19,0,19,"[652, 76, 194, 15, 27]",192.8,238.16414507645771
20,0,20,"[929, 65, 23, 79, 51]",229.4,350.2899370521511
21,0,21,"[646, 113, 349, 143, 8]",251.8,226.00123893465715
22,0,22,"[596, 38, 7, 17, 21]",135.8,230.31751995886026
23,0,23,"[568, 244, 106, 23, 49]",198.0,200.15294152222694
24,0,24,"[1152, 87, 95, 62, 25]",284.2,434.5845832516381
25,0,25,"[1392, 64, 12, 11, 72]",310.2,541.4958540930853
26,0,26,"[1581, 196, 31, 84, 22]",382.8,602.2954092469907
27,0,27,"[2453, 118, 78, 9, 18]",535.2,959.7319209029155
28,0,28,"[1535, 244, 20, 15, 24]",367.6,590.1378144128709
29,0,29,"[1136, 120, 13, 23, 91]",276.6,431.5871175093158
30,0,30,"[1791, 88, 35, 67, 103]",416.8,687.4789887698387
31,0,31,"[1022, 79, 66, 16, 17]",240.0,391.8229191867163
32,0,32,"[694, 118, 45, 29, 24]",182.0,258.21773757819193
33,0,33,"[440, 174, 184, 35, 40]",174.6,147.05862776457556
34,0,34,"[316, 476, 25, 59, 564]",288.0,216.29331936053873
35,0,35,"[914, 171, 62, 59, 16]",244.4,338.6919544364761
36,0,36,"[1177, 61, 150, 32, 30]",290.0,445.6397648325382
37,0,37,"[499, 40, 13, 52, 11]",123.0,188.65312083291917
38,0,38,"[448, 56, 67, 248, 82]",180.2,151.12696648844639
39,0,39,"[149, 19, 129, 5, 57]",71.8,57.794117347702446
40,0,40,"[276, 18, 18, 13, 56]",76.2,101.09085022889064
41,0,41,"[62, 165, 168, 11, 58]",92.8,62.79936305409475
42,0,42,"[681, 38, 50, 382, 19]",234.0,260.84861510078986
43,0,43,"[444, 14, 7, 16, 18]",99.8,172.1399430695851
44,0,44,"[236, 10, 11, 7, 13]",55.4,90.32076173283748
45,0,45,"[380, 16, 10, 90, 68]",112.8,137.0115323613308
46,0,46,"[1164, 10, 78, 6, 11]",253.8,455.8870035436413
47,0,47,"[875, 385, 29, 33, 45]",273.4,329.8688224127888
48,0,48,"[8, 301, 12, 10, 46]",75.4,113.6654740895405
49,0,49,"[390, 254, 110, 163, 26]",188.6,124.98895951243054
50,0,50,"[276, 275, 44, 8, 8]",122.2,125.8576974205392
51,0,51,"[850, 103, 10, 25, 16]",200.8,326.33933259722164
52,0,52,"[45, 35, 35, 6, 6]",25.4,16.25546062097288
53,0,53,"[938, 28, 37, 63, 33]",219.8,359.303437222635
54,0,54,"[124, 172, 86, 19, 28]",85.8,57.78027345037405
55,0,55,"[265, 13, 16, 12, 8]",62.8,101.13238848163331
56,0,56,"[3592, 85, 237, 14, 32]",792.0,1402.1952788395774
57,0,57,"[1739, 120, 63, 61, 12]",399.0,670.872566140545
58,0,58,"[813, 624, 195, 101, 22]",351.0,310.82149217838844
59,0,59,"[1718, 120, 130, 62, 14]",408.8,655.9385337057124
60,0,60,"[672, 11, 18, 18, 21]",148.0,262.02060987639885
61,0,61,"[707, 11, 10, 101, 40]",173.8,268.64057772421506
62,0,62,"[1538, 27, 138, 81, 58]",368.4,585.9264800297046
63,0,63,"[174, 135, 273, 69, 191]",168.4,67.05102534637334
64,0,64,"[744, 162, 40, 92, 34]",214.4,268.761306738898
65,0,65,"[1073, 496, 38, 133, 28]",353.6,398.01939651228054
66,0,66,"[263, 124, 44, 44, 10]",97.0,91.07359661284933
67,0,67,"[337, 37, 43, 18, 15]",90.0,123.9645110505422
68,0,68,"[1386, 299, 66, 22, 39]",362.4,521.5532954550282
69,0,69,"[785, 16, 45, 13, 32]",178.2,303.6191034832953
70,0,70,"[491, 117, 74, 12, 26]",144.0,177.41815014253757
71,0,71,"[1597, 162, 238, 148, 17]",432.4,586.624445450409
72,0,72,"[547, 17, 139, 19, 40]",152.4,202.31223393556803
73,0,73,"[723, 246, 434, 187, 35]",325.0,236.50369975964435
74,0,74,"[259, 290, 30, 43, 69]",138.2,112.42312929286393
75,0,75,"[115, 358, 30, 7, 59]",113.8,127.33169283410943
76,0,76,"[1228, 1028, 76, 145, 68]",509.0,510.05646746218207
77,0,77,"[791, 62, 32, 14, 31]",186.0,302.8947011751774
78,0,78,"[513, 45, 27, 9, 22]",123.2,195.24179880343246
79,0,79,"[602, 29, 221, 82, 14]",189.6,218.75337711678876
80,0,80,"[332, 49, 109, 28, 53]",114.2,112.15239631858074
81,0,81,"[262, 403, 106, 428, 73]",254.4,146.42759302809014
82,0,82,"[233, 117, 190, 42, 17]",119.8,82.91055421356198
83,0,83,"[312, 75, 7, 17, 10]",84.2,116.58370383548466
84,0,84,"[1213, 344, 56, 22, 21]",331.2,457.2305326637756
85,0,85,"[491, 26, 495, 391, 54]",291.4,208.81053613263867
86,0,86,"[723, 962, 194, 109, 24]",402.4,371.1164776724418
87,0,87,"[422, 26, 75, 42, 63]",125.6,149.15843925168966
88,0,88,"[411, 22, 53, 88, 61]",127.0,143.55068791197067
89,0,89,"[314, 24, 13, 9, 11]",74.2,120.01233269960218
90,0,90,"[303, 94, 108, 38, 42]",117.0,97.02783105892865
91,0,91,"[253, 291, 22, 6, 12]",116.8,127.39136548447857
92,0,92,"[1545, 82, 12, 6, 43]",337.6,604.3027717957283
93,0,93,"[1196, 165, 11, 128, 20]",304.0,449.992444381014
94,0,94,"[1124, 73, 24, 56, 9]",257.2,433.99050680861666
95,0,95,"[1025, 77, 191, 16, 16]",265.0,385.33673585579663
96,0,96,"[671, 88, 108, 8, 173]",209.6,236.63524674063245
97,0,97,"[1479, 596, 28, 207, 38]",469.6,544.9978348580846
98,0,98,"[1602, 30, 49, 116, 17]",362.8,620.5369932566471
99,0,99,"[265, 226, 20, 48, 12]",114.2,108.57329321707066
100,1,0,"[197, 18, 14, 8, 5]",48.4,74.43816225566023
101,1,1,"[1089, 19, 38, 44, 15]",241.0,424.14195736804913
102,1,2,"[30, 11, 11, 25, 18]",19.0,7.563068160475615
103,1,3,"[2308, 109, 9, 13, 14]",490.6,909.4777842256511
104,1,4,"[112, 20, 22, 15, 15]",36.8,37.7009283705322
105,1,5,"[1558, 1018, 740, 490, 100]",781.2,491.9391832330497
106,1,6,"[67, 7, 109, 6, 6]",39.0,42.15684997719825
107,1,7,"[327, 60, 39, 20, 78]",104.8,112.79964538951351
108,1,8,"[1959, 36, 335, 20, 1096]",689.2,745.3636427945758
109,1,9,"[2798, 615, 13, 7, 11]",688.8,1080.290775671069
110,1,10,"[102, 7, 7, 6, 6]",25.6,38.202617711355856
111,1,11,"[42, 8, 9, 8, 11]",15.6,13.245376551838758
112,1,12,"[748, 56, 24, 17, 29]",174.8,286.9044440227443
113,1,13,"[991, 53, 13, 139, 64]",252.0,371.7407698921387
114,1,14,"[931, 414, 7, 8, 10]",274.0,364.1400829351254
115,1,15,"[942, 913, 62, 13, 15]",389.0,440.1286175653658
116,1,16,"[547, 10, 9, 14, 16]",119.2,213.91531034500545
117,1,17,"[8, 19, 17, 43, 6]",18.6,13.184839779079608
118,1,18,"[23, 14, 13, 14, 42]",21.2,11.01635148313633
119,1,19,"[1070, 8, 25, 13, 34]",230.0,420.09855986422997
120,1,20,"[52, 313, 18, 20, 110]",102.6,110.32968775447523
121,1,21,"[181, 10, 16, 56, 35]",59.6,62.79681520586852
122,1,22,"[217, 47, 23, 12, 18]",63.4,77.71383403230084
123,1,23,"[138, 42, 27, 20, 42]",53.8,42.962309062712166
124,1,24,"[293, 208, 8, 7, 8]",104.8,121.96294519238211
125,1,25,"[88, 163, 37, 7, 32]",65.4,55.44222217768693
126,1,26,"[576, 161, 14, 33, 21]",161.0,214.39123116396343
127,1,27,"[2329, 6, 6, 9, 6]",471.2,928.9007266656647
128,1,28,"[1434, 64, 28, 7, 22]",311.0,561.8120682221057
129,1,29,"[753, 37, 40, 10, 8]",169.6,292.0004109586149
130,1,30,"[71, 6, 8, 25, 6]",23.2,24.94313532818198
131,1,31,"[185, 22, 36, 39, 20]",60.4,62.745836515262106
132,1,32,"[243, 7, 13, 10, 8]",56.2,93.42248123444378
133,1,33,"[208, 15, 10, 11, 8]",50.4,78.83298801897591
134,1,34,"[1377, 10, 7, 6, 5]",281.0,548.0025547385706
135,1,35,"[28, 34, 23, 7, 9]",20.2,10.571660229122008
136,1,36,"[1304, 207, 29, 268, 17]",365.0,479.6027522856807
137,1,37,"[802, 144, 20, 25, 9]",200.0,304.9740972607346
138,1,38,"[313, 100, 205, 22, 12]",130.4,114.54361614686346
139,1,39,"[265, 26, 240, 147, 198]",175.2,84.6626245754288
140,1,40,"[787, 651, 592, 180, 54]",452.8,284.1868399486507
141,1,41,"[1122, 13, 13, 173, 15]",267.2,431.8325601433963
142,1,42,"[1246, 29, 589, 16, 23]",380.6,485.13528010236485
143,1,43,"[269, 45, 47, 32, 25]",83.6,93.05826132052974
144,1,44,"[8, 343, 21, 337, 6]",143.0,160.94346833593465
145,1,45,"[17, 27, 11, 11, 20]",17.2,6.013318551349164
146,1,46,"[713, 12, 142, 721, 131]",343.8,308.1190678942152
147,1,47,"[449, 104, 74, 45, 1498]",434.0,551.7503058449538
148,1,48,"[123, 91, 43, 93, 28]",75.6,34.97198879103103
149,1,49,"[166, 16, 47, 24, 90]",68.6,55.07667382840035
150,1,50,"[1683, 73, 67, 9, 30]",372.4,655.7254303441342
151,1,51,"[61, 13, 10, 21, 11]",23.2,19.29144888285999
152,1,52,"[378, 39, 34, 405, 31]",177.4,175.03896709018824
153,1,53,"[22, 28, 11, 12, 12]",17.0,6.81175454637056
154,1,54,"[778, 31, 39, 48, 87]",196.6,291.3352707792175
155,1,55,"[238, 12, 17, 335, 68]",134.0,129.72740651072925
156,1,56,"[195, 192, 21, 68, 25]",100.2,77.94716159040046
157,1,57,"[725, 33, 5, 12, 52]",165.4,280.28599679612967
158,1,58,"[185, 32, 45, 11, 42]",63.0,62.151427980377086
159,1,59,"[252, 21, 13, 44, 29]",71.8,90.68053815455661
160,1,60,"[105, 8, 8, 7, 6]",26.8,39.10703261563066
161,1,61,"[62, 9, 7, 6, 10]",18.8,21.646246787838304
162,1,62,"[785, 13, 7, 14, 11]",166.0,309.5092890366943
163,1,63,"[760, 282, 652, 693, 18]",481.0,284.95473324722997
164,1,64,"[126, 46, 21, 9, 11]",42.6,43.72916646815945
165,1,65,"[7, 354, 4, 6, 5]",75.2,139.4035867544304
166,1,66,"[339, 3745, 11, 10, 8]",822.6,1466.756776019801
167,1,67,"[2665, 446, 26, 7, 16]",632.0,1030.0487367110354
168,1,68,"[28, 10, 59, 36, 185]",63.6,62.707575299958776
169,1,69,"[375, 6, 6, 6, 9]",80.4,147.30458241344704
170,1,70,"[212, 9, 24, 6, 16]",53.4,79.54269293907517
171,1,71,"[1055, 42, 8, 19, 9]",226.6,414.38079106058956
172,1,72,"[104, 12, 11, 12, 32]",34.2,35.77932363810138
173,1,73,"[900, 182, 94, 186, 10]",274.4,319.43049322192144
174,1,74,"[753, 7, 11, 5, 8]",156.8,298.10628976927006
175,1,75,"[1534, 85, 41, 12, 30]",340.4,597.2847227244306
176,1,76,"[982, 58, 380, 30, 51]",300.2,364.6885794756946
177,1,77,"[403, 12, 50, 16, 24]",101.0,151.57836257197133
178,1,78,"[406, 34, 1253, 204, 11]",381.6,458.18013924656316
179,1,79,"[407, 291, 217, 32, 19]",193.2,149.7817078284261
180,1,80,"[1515, 10, 20, 9, 10]",312.8,601.113433554766
181,1,81,"[916, 5, 5, 276, 5]",241.4,353.25265745638774
182,1,82,"[31, 42, 29, 18, 48]",33.6,10.480458005259122
183,1,83,"[142, 52, 15, 20, 76]",61.0,46.18224767158914
184,1,84,"[149, 16, 100, 21, 6]",58.4,56.35814049451951
185,1,85,"[869, 5, 5, 7, 9]",179.0,345.003188391064
186,1,86,"[423, 15, 16, 15, 17]",97.2,162.9016881434935
187,1,87,"[1144, 1505, 53, 9, 14]",545.0,646.7954854511587
188,1,88,"[262, 1432, 987, 10, 38]",545.8,566.6555920486446
189,1,89,"[181, 6, 17, 6, 5]",43.0,69.14043679352915
190,1,90,"[123, 219, 23, 15, 70]",90.0,75.15849918671873
191,1,91,"[313, 61, 144, 442, 33]",198.6,155.99307676945153
192,1,92,"[6, 77, 192, 30, 63]",73.6,64.20778768965647
193,1,93,"[12, 72, 7, 7, 8]",21.2,25.466841186138492
194,1,94,"[166, 6, 8, 7, 11]",39.6,63.2221480179217
195,1,95,"[10, 9, 310, 9, 6]",68.8,120.6074624556872
196,1,96,"[31, 392, 16, 73, 58]",114.0,140.42364473264465
197,1,97,"[17, 15, 7, 14, 38]",18.2,10.457533169921097
198,1,98,"[1375, 22, 62, 82, 12]",310.6,532.8150148034493
199,1,99,"[193, 84, 9, 59, 114]",91.8,61.19934640173864
200,2,0,"[443, 18, 17, 48, 52]",115.6,164.34914055144918
201,2,1,"[860, 43, 69, 119, 110]",240.2,311.12402671603485
202,2,2,"[73, 25, 33, 29, 23]",36.6,18.52133904446436
203,2,3,"[1569, 7, 7, 12, 9]",320.8,624.1026838589945
204,2,4,"[94, 17, 23, 9, 15]",31.6,31.518883228947058
205,2,5,"[119, 1389, 31, 42, 23]",320.8,535.1958146323642
206,2,6,"[203, 529, 7, 8, 8]",151.0,203.5789773036499
207,2,7,"[1749, 145, 128, 50, 9]",416.2,668.2632415448271
208,2,8,"[1212, 19, 23, 21, 10]",257.0,477.5206801804504
209,2,9,"[55, 142, 31, 26, 36]",58.0,43.13235444535807
210,2,10,"[154, 39, 8, 9, 8]",43.6,56.464502123015315
211,2,11,"[61, 14, 201, 33, 15]",64.8,70.19515652806822
212,2,12,"[1147, 278, 46, 144, 6]",324.2,421.96037728677794
213,2,13,"[473, 241, 140, 37, 7]",179.6,168.25409356089972
214,2,14,"[387, 18, 8, 15, 7]",87.0,150.05732238048233
215,2,15,"[3395, 6, 19, 14, 66]",700.0,1347.6627174482494
216,2,16,"[2739, 33, 333, 52, 6]",632.6,1059.804246075661
217,2,17,"[719, 6, 7, 6, 7]",149.0,285.000350876977
218,2,18,"[122, 10, 42, 57, 11]",48.4,41.000487801976206
219,2,19,"[732, 1266, 12, 8, 14]",406.4,512.4800874180381
220,2,20,"[255, 6, 7, 23, 10]",60.2,97.58975356050449
221,2,21,"[229, 12, 7, 8, 7]",52.6,88.21927227085928
222,2,22,"[179, 50, 290, 28, 10]",111.4,107.21492433425489
223,2,23,"[478, 60, 23, 32, 9]",120.4,179.5757221898328
224,2,24,"[297, 24, 56, 24, 10]",82.2,108.4553364293339
225,2,25,"[21, 8, 45, 21, 32]",25.4,12.403225386970924
226,2,26,"[69, 9, 25, 16, 66]",37.0,25.43226297441893
227,2,27,"[654, 13, 88, 39, 20]",162.8,246.9942509452396
228,2,28,"[640, 38, 41, 20, 10]",149.8,245.36699044492514
229,2,29,"[309, 15, 20, 35, 21]",80.0,114.69263271893273
230,2,30,"[110, 19, 9, 9, 9]",31.2,39.58989770130759
231,2,31,"[1705, 61, 49, 35, 9]",371.8,666.824834570519
232,2,32,"[139, 5, 6, 6, 7]",32.6,53.203759265675956
233,2,33,"[502, 6, 6, 11, 6]",106.2,197.90947425527665
234,2,34,"[905, 17, 29, 21, 9]",196.2,354.45868588595766
235,2,35,"[312, 80, 131, 153, 40]",143.2,93.148054193311
236,2,36,"[172, 528, 45, 20, 264]",205.8,183.6958355543206
237,2,37,"[1615, 20, 424, 52, 92]",440.6,604.8019841237295
238,2,38,"[354, 37, 13, 61, 11]",95.2,130.67578199498178
239,2,39,"[197, 249, 57, 321, 238]",212.4,87.37871594387275
240,2,40,"[750, 66, 362, 43, 90]",262.2,269.8535899335045
241,2,41,"[208, 197, 1565, 7, 217]",438.8,568.4555919330903
242,2,42,"[750, 590, 26, 8, 58]",286.4,317.6725357974781
243,2,43,"[47, 22, 20, 50, 55]",38.8,14.770240350109406
244,2,44,"[882, 172, 143, 87, 6]",258.0,317.093677010438
245,2,45,"[159, 7, 25, 6, 5]",40.4,59.75817935646968
246,2,46,"[815, 1374, 10, 6, 28]",446.6,557.8105771675542
247,2,47,"[2101, 13, 8, 44, 12]",435.6,832.799759846267
248,2,48,"[67, 39, 35, 259, 30]",86.0,87.44827042314787
249,2,49,"[365, 31, 12, 16, 165]",117.8,135.9608767256228
250,2,50,"[127, 180, 32, 45, 38]",84.4,59.00033898207705
251,2,51,"[159, 64, 73, 56, 240]",118.4,71.202808933356
252,2,52,"[820, 171, 20, 26, 48]",217.0,306.4558695799446
253,2,53,"[932, 18, 21, 62, 14]",209.4,361.71458361531404
254,2,54,"[217, 10, 45, 113, 16]",80.2,77.5613305713614
255,2,55,"[390, 19, 24, 33, 12]",95.6,147.35888164613627
256,2,56,"[424, 116, 21, 13, 49]",124.6,154.02415394995683
257,2,57,"[1107, 280, 300, 7, 11]",341.0,403.1411663425108
258,2,58,"[228, 38, 30, 12, 19]",65.4,81.78899681497506
259,2,59,"[70, 14, 148, 56, 24]",62.4,47.41982707686732
260,2,60,"[12, 24, 204, 26, 45]",62.2,71.68374990191292
261,2,61,"[222, 52, 72, 40, 6]",78.4,74.93357058088183
262,2,62,"[505, 86, 330, 15, 17]",190.6,195.03497122311168
263,2,63,"[2411, 8, 10, 11, 13]",490.6,960.2013538836528
264,2,64,"[67, 19, 35, 30, 12]",32.6,19.001052602421794
265,2,65,"[844, 11, 9, 64, 6]",186.8,329.30192832718126
266,2,66,"[150, 151, 239, 14, 21]",115.0,85.94649498379792
267,2,67,"[8, 369, 8, 7, 6]",79.6,144.7019004712792
268,2,68,"[58, 65, 52, 12, 9]",39.2,23.81092186371624
269,2,69,"[173, 35, 43, 43, 35]",65.8,53.71927028543854
270,2,70,"[49, 8, 6, 6, 6]",15.0,17.017637908946117
271,2,71,"[1389, 583, 53, 33, 30]",417.6,529.5392714426381
272,2,72,"[43, 7, 18, 9, 71]",29.6,24.344198487524704
273,2,73,"[1749, 10, 8, 12, 16]",359.0,695.0050359529778
274,2,74,"[11, 6, 42, 7, 6]",14.4,13.92264342716569
275,2,75,"[429, 6, 12, 6, 13]",93.2,167.92545965397863
276,2,76,"[181, 93, 67, 32, 49]",84.4,52.35876239943033
277,2,77,"[1202, 11, 10, 8, 11]",248.4,476.8012583876012
278,2,78,"[2198, 29, 48, 40, 62]",475.4,861.3671923169584
279,2,79,"[771, 9, 157, 205, 30]",234.4,278.3448221181777
280,2,80,"[2950, 17, 6, 8, 15]",599.2,1175.4072315584926
281,2,81,"[1185, 11, 55, 20, 8]",255.8,464.901451922878
282,2,82,"[426, 26, 21, 24, 15]",102.4,161.84263962256674
283,2,83,"[1619, 15, 463, 8, 30]",427.0,620.4956083647974
284,2,84,"[362, 5, 6, 7, 18]",79.6,141.27788220383258
285,2,85,"[30, 17, 7, 667, 18]",147.8,259.70244511748444
286,2,86,"[516, 60, 11, 20, 17]",124.8,196.36231817739372
287,2,87,"[394, 33, 53, 40, 23]",108.6,143.03370232221496
288,2,88,"[681, 274, 355, 203, 17]",306.0,218.25672956406177
289,2,89,"[405, 67, 8, 6, 10]",99.2,154.6032341188243
290,2,90,"[240, 11, 65, 25, 46]",77.4,83.34650562561096
291,2,91,"[339, 15, 7, 6, 51]",83.6,128.75340772189293
292,2,92,"[120, 11, 11, 15, 15]",34.4,42.83736686585673
293,2,93,"[13, 42, 5, 7, 15]",16.4,13.320660644277371
294,2,94,"[29, 8, 6, 9, 7]",11.8,8.657944328765346
295,2,95,"[283, 9, 9, 12, 8]",64.2,109.40822638174883
296,2,96,"[163, 20, 156, 26, 5]",74.0,70.17976916462464
297,2,97,"[425, 12, 15, 12, 31]",99.0,163.15268922086452
298,2,98,"[381, 31, 8, 21, 21]",92.4,144.4847396786249
299,2,99,"[56, 106, 269, 63, 8]",100.4,89.850097384477
300,4,0,"[77, 10, 6, 29, 9]",26.2,26.663833182796505
301,4,1,"[289, 57, 83, 55, 23]",101.4,95.71123236067959
302,4,2,"[25, 8, 36, 19, 16]",20.8,9.368030742904295
303,4,3,"[7, 7, 8, 8, 6]",7.2,0.7483314773547882
304,4,4,"[50, 13, 15, 10, 11]",19.8,15.197368193210297
305,4,5,"[2471, 77, 85, 140, 526]",659.8,920.716112599318
306,4,6,"[137, 10, 24, 8, 24]",40.6,48.66867575761642
307,4,7,"[1065, 54, 5, 5, 6]",227.0,419.4238905927987
308,4,8,"[1081, 7, 6, 7, 5]",221.2,429.90063968317145
309,4,9,"[1315, 13, 40, 65, 66]",299.8,507.97141651868566
310,4,10,"[58, 7, 11, 11, 5]",18.4,19.93589727100338
311,4,11,"[169, 6, 11, 7, 16]",41.8,63.69740968045718
312,4,12,"[238, 6, 5, 5, 6]",52.0,93.00107526260113
313,4,13,"[121, 5, 5, 7, 6]",28.8,46.10596490694019
314,4,14,"[439, 6, 7, 9, 19]",96.0,171.56223360635056
315,4,15,"[1863, 19, 1157, 8, 9]",611.2,767.0849757360654
316,4,16,"[4832, 38, 7, 5, 602]",1096.8,1881.3449869707574
317,4,17,"[9, 6, 5, 7, 7]",6.8,1.32664991614216
318,4,18,"[117, 7, 12, 5, 5]",29.2,43.9745380873978
319,4,19,"[611, 336, 35, 8, 6]",199.2,240.4740318620703
320,4,20,"[50, 23, 20, 17, 7]",23.4,14.347125147568763
321,4,21,"[92, 38, 10, 6, 7]",30.6,32.897416311923344
322,4,22,"[130, 4, 7, 8, 12]",32.2,48.9669276144624
323,4,23,"[144, 6, 17, 11, 9]",37.4,53.42134404898476
324,4,24,"[299, 6, 73, 15, 6]",79.8,112.4160130942207
325,4,25,"[230, 5, 5, 5, 5]",50.0,90.0
326,4,26,"[356, 7, 8, 7, 7]",77.0,139.50053763337257
327,4,27,"[192, 15, 156, 15, 15]",78.6,78.72128047739061
328,4,28,"[205, 10, 38, 8, 74]",67.0,73.02602275901378
329,4,29,"[163, 12, 9, 7, 9]",40.0,61.520728214155596
330,4,30,"[72, 9, 11, 27, 5]",24.8,24.758029000710053
331,4,31,"[137, 11, 5, 23, 21]",39.4,49.24063362711735
332,4,32,"[67, 6, 60, 8, 6]",29.4,27.939935576160515
333,4,33,"[206, 7, 6, 9, 7]",47.0,79.50597461826375
334,4,34,"[889, 15, 33, 16, 16]",193.8,347.66501118174085
335,4,35,"[149, 10, 15, 7, 9]",38.0,55.56257733402942
336,4,36,"[120, 13, 13, 12, 21]",35.8,42.22511101228746
337,4,37,"[803, 13, 31, 18, 303]",233.6,305.03350635626896
338,4,38,"[258, 10, 5, 6, 6]",57.0,100.51467554541476
339,4,39,"[441, 23, 98, 29, 8]",119.8,163.5596527264594
340,4,40,"[32, 6, 5, 7, 5]",11.0,10.526157893552615
341,4,41,"[375, 233, 82, 21, 19]",146.0,138.4629914453678
342,4,42,"[537, 14, 225, 19, 14]",161.8,204.3774938685764
343,4,43,"[619, 14, 21, 47, 19]",144.0,237.7763655202089
344,4,44,"[725, 11, 74, 10, 8]",165.6,280.80925910660426
345,4,45,"[138, 9, 8, 9, 13]",35.4,51.32874438362972
346,4,46,"[1197, 5, 13, 7, 9]",246.2,475.40736216428115
347,4,47,"[331, 7, 4, 5, 5]",70.4,130.3036453826216
348,4,48,"[208, 14, 31, 47, 10]",62.0,74.17546764261078
349,4,49,"[751, 41, 75, 24, 587]",295.6,309.6950758407372
350,4,50,"[1601, 1001, 10, 1264, 344]",844.0,586.45613646717
351,4,51,"[104, 6, 7, 6, 7]",26.0,39.00256401827962
352,4,52,"[177, 6, 13, 7, 6]",41.8,67.65027716129477
353,4,53,"[4, 9, 12, 5, 5]",7.0,3.03315017762062
354,4,54,"[388, 14, 8, 5, 8]",84.6,151.72817800263732
355,4,55,"[222, 6, 6, 9, 7]",50.0,86.00697646121505
356,4,56,"[7, 42, 13, 9, 17]",17.6,12.674383614203887
357,4,57,"[140, 7, 6, 8, 6]",33.4,53.30515922497558
358,4,58,"[179, 37, 126, 20, 200]",112.4,72.8247210773924
359,4,59,"[86, 6, 8, 6, 6]",22.4,31.809432563313667
360,4,60,"[110, 6, 11, 6, 8]",28.2,40.94093306215675
361,4,61,"[62, 8, 16, 7, 12]",21.0,20.746083967823903
362,4,62,"[676, 14, 10, 15, 21]",147.2,264.4234482794595
363,4,63,"[546, 4, 6, 6, 5]",113.4,216.30127137860288
364,4,64,"[46, 23, 6, 13, 12]",20.0,14.099645385611653
365,4,65,"[407, 23, 114, 41, 316]",180.2,153.85109684366896
366,4,66,"[2416, 75, 11, 6, 62]",514.0,951.3886692619374
367,4,67,"[1229, 12, 8, 5, 7]",252.2,488.405323476311
368,4,68,"[739, 87, 12, 10, 65]",182.6,279.80178698500123
369,4,69,"[215, 5, 6, 7, 10]",48.6,83.21682522182638
370,4,70,"[125, 6, 5, 6, 4]",29.2,47.9057407833341
371,4,71,"[768, 34, 40, 56, 27]",185.0,291.6573331839952
372,4,72,"[32, 13, 7, 9, 11]",14.4,9.024411338142782
373,4,73,"[519, 80, 109, 14, 33]",151.0,187.04117193815912
374,4,74,"[536, 7, 7, 7, 6]",112.6,211.70035427462088
375,4,75,"[1233, 24, 77, 45, 63]",288.4,472.6341502684714
376,4,76,"[602, 80, 10, 8, 49]",149.8,227.67028791653954
377,4,77,"[596, 1819, 11, 12, 16]",490.8,701.4377805621822
378,4,78,"[23, 9, 5, 6, 7]",10.0,6.6332495807108
379,4,79,"[251, 99, 74, 101, 82]",121.4,65.59451196556006
380,4,80,"[216, 6, 6, 139, 5]",74.4,87.63241409432928
381,4,81,"[1183, 197, 850, 489, 431]",630.0,346.75063085739293
382,4,82,"[55, 6, 6, 6, 6]",15.8,19.6
383,4,83,"[171, 10, 6, 6, 6]",39.8,65.61829013316333
384,4,84,"[221, 6, 5, 6, 6]",48.8,86.10087107573301
385,4,85,"[354, 7, 13, 21, 15]",82.0,136.07350954539243
386,4,86,"[1381, 5, 8, 6, 8]",281.6,549.7012279411426
387,4,87,"[2855, 14, 6, 10, 12]",579.4,1137.8030761076363
388,4,88,"[166, 6, 5, 9, 4]",38.0,64.02187126287392
389,4,89,"[50, 10, 14, 33, 5]",22.4,16.74037036627326
390,4,90,"[225, 56, 6, 143, 123]",110.6,75.11750794588436
391,4,91,"[4, 1232, 18, 580, 15]",369.8,483.9480963905117
392,4,92,"[13, 13, 5, 5, 5]",8.2,3.919183588453085
393,4,93,"[138, 5, 5, 5, 5]",31.6,53.199999999999996
394,4,94,"[136, 13, 10, 21, 7]",37.4,49.52009693043825
395,4,95,"[8, 7, 7, 5, 8]",7.0,1.0954451150103321
396,4,96,"[341, 6, 15, 8, 7]",75.4,132.8376452666939
397,4,97,"[134, 7, 6, 5, 6]",31.6,51.20390610099976
398,4,98,"[211, 46, 13, 10, 7]",57.4,78.07842211520415
399,4,99,"[185, 8, 7, 8, 6]",42.8,71.10386768664557
