,Replay type,Individual,Convergence trial,Performance at Convergence,Time to Convergence
0,0,0,4,16,968
1,0,1,4,6,447
2,0,2,12,6,871
3,0,3,5,20,622
4,0,4,3,26,804
5,0,5,1,29,169
6,0,6,2,88,424
7,0,7,2,17,644
8,0,8,4,11,1383
9,0,9,2,6,131
10,0,10,8,16,666
11,0,11,5,16,1315
12,0,12,4,14,998
13,0,13,3,11,574
14,0,14,3,16,2703
15,0,15,1,6,582
16,0,16,3,24,607
17,0,17,2,5,592
18,0,18,4,26,922
19,0,19,2,29,370
20,0,20,8,17,999
21,0,21,2,15,738
22,0,22,6,9,339
23,0,23,8,5,2491
24,0,24,9,21,1621
25,0,25,8,16,2061
26,0,26,12,36,1446
27,0,27,6,21,1658
28,0,28,1,39,331
29,0,29,5,14,1129
30,0,30,9,8,1181
31,0,31,1,9,529
32,0,32,11,8,1697
33,0,33,2,34,638
34,0,34,4,12,794
35,0,35,7,12,808
36,0,36,5,19,583
37,0,37,4,8,429
38,0,38,11,18,1452
39,0,39,2,7,497
40,0,40,4,31,983
41,0,41,2,27,755
42,0,42,9,15,1453
43,0,43,7,9,1638
44,0,44,1,13,863
45,0,45,5,14,508
46,0,46,7,10,1131
47,0,47,11,8,2142
48,0,48,4,25,531
49,0,49,6,12,916
50,0,50,7,23,959
51,0,51,5,13,1018
52,0,52,1,12,547
53,0,53,3,13,390
54,0,54,6,14,775
55,0,55,11,19,2439
56,0,56,3,41,841
57,0,57,6,18,1592
58,0,58,5,17,2621
59,0,59,2,6,1204
60,0,60,10,18,1318
61,0,61,4,14,405
62,0,62,4,9,357
63,0,63,11,22,1858
64,0,64,1,10,943
65,0,65,8,5,936
66,0,66,8,18,402
67,0,67,2,17,584
68,0,68,5,8,514
69,0,69,4,21,734
70,0,70,4,30,1157
71,0,71,3,36,1289
72,0,72,7,17,1435
73,0,73,10,8,2486
74,0,74,10,18,2749
75,0,75,6,12,1689
76,0,76,2,17,280
77,0,77,8,17,1425
78,0,78,8,29,1864
79,0,79,5,9,1879
80,0,80,7,10,630
81,0,81,4,17,890
82,0,82,5,19,797
83,0,83,1,14,318
84,0,84,2,9,598
85,0,85,2,6,421
86,0,86,2,26,728
87,0,87,1,20,867
88,0,88,9,11,1395
89,0,89,6,7,1268
90,0,90,8,17,1052
91,0,91,2,6,186
92,0,92,4,50,805
93,0,93,6,7,912
94,0,94,5,20,529
95,0,95,10,12,1736
96,0,96,6,16,1459
97,0,97,5,26,461
98,0,98,6,10,931
99,0,99,3,6,654
100,1,0,1,12,563
101,1,1,5,57,321
102,1,2,1,8,85
103,1,3,1,9,2037
104,1,4,1,13,294
105,1,5,1,26,86
106,1,6,1,8,1956
107,1,7,1,6,1718
108,1,8,1,10,1279
109,1,9,1,12,251
110,1,10,0,12,12
111,1,11,1,13,404
112,1,12,1,12,253
113,1,13,7,30,2392
114,1,14,1,9,62
115,1,15,1,58,93
116,1,16,1,11,300
117,1,17,1,18,220
118,1,18,1,7,259
119,1,19,1,10,2214
120,1,20,1,15,94
121,1,21,2,12,2007
122,1,22,1,9,60
123,1,23,3,16,2516
124,1,24,2,20,821
125,1,25,0,10,10
126,1,26,1,7,284
127,1,27,1,13,403
128,1,28,1,19,467
129,1,29,1,8,94
130,1,30,1,11,1740
131,1,31,1,18,1399
132,1,32,1,7,234
133,1,33,1,8,317
134,1,34,4,31,297
135,1,35,1,8,83
136,1,36,4,9,1320
137,1,37,1,7,1465
138,1,38,3,6,254
139,1,39,1,12,1161
140,1,40,1,10,1536
141,1,41,1,56,138
142,1,42,1,17,2535
143,1,43,1,29,162
144,1,44,1,7,254
145,1,45,1,26,1475
146,1,46,1,13,211
147,1,47,1,15,141
148,1,48,1,11,255
149,1,49,5,26,1082
150,1,50,0,50,50
151,1,51,1,11,840
152,1,52,5,14,124
153,1,53,1,9,419
154,1,54,1,8,205
155,1,55,2,15,2339
156,1,56,1,7,399
157,1,57,1,14,1031
158,1,58,1,13,152
159,1,59,1,10,144
160,1,60,1,7,792
161,1,61,2,15,396
162,1,62,1,19,168
163,1,63,3,14,545
164,1,64,2,52,199
165,1,65,2,37,260
166,1,66,4,23,543
167,1,67,3,21,1135
168,1,68,1,7,711
169,1,69,1,9,265
170,1,70,1,5,449
171,1,71,9,30,477
172,1,72,1,9,74
173,1,73,3,34,576
174,1,74,1,7,252
175,1,75,1,10,547
176,1,76,1,17,3216
177,1,77,1,27,1049
178,1,78,1,13,597
179,1,79,3,16,131
180,1,80,1,20,211
181,1,81,11,60,717
182,1,82,1,16,866
183,1,83,1,7,3712
184,1,84,1,6,124
185,1,85,1,5,514
186,1,86,2,14,1687
187,1,87,1,12,3597
188,1,88,1,9,2518
189,1,89,1,10,2099
190,1,90,1,9,210
191,1,91,1,9,81
192,1,92,0,22,22
193,1,93,1,8,628
194,1,94,1,6,64
195,1,95,0,10,10
196,1,96,5,12,348
197,1,97,3,60,237
198,1,98,1,13,1387
199,1,99,1,16,992
200,2,0,1,12,563
201,2,1,5,57,321
202,2,2,1,8,85
203,2,3,1,14,517
204,2,4,1,13,294
205,2,5,1,28,161
206,2,6,1,8,1956
207,2,7,1,10,956
208,2,8,3,9,2234
209,2,9,1,12,251
210,2,10,0,12,12
211,2,11,1,13,404
212,2,12,1,12,253
213,2,13,7,30,2392
214,2,14,1,9,62
215,2,15,1,52,319
216,2,16,1,11,300
217,2,17,1,18,220
218,2,18,1,7,259
219,2,19,1,27,2576
220,2,20,1,15,94
221,2,21,2,12,2007
222,2,22,1,9,60
223,2,23,1,24,1525
224,2,24,2,20,821
225,2,25,0,10,10
226,2,26,1,7,284
227,2,27,1,13,403
228,2,28,1,19,467
229,2,29,1,8,94
230,2,30,1,11,1740
231,2,31,1,18,1399
232,2,32,1,7,234
233,2,33,1,8,317
234,2,34,4,31,297
235,2,35,1,8,83
236,2,36,1,13,2409
237,2,37,1,7,1465
238,2,38,3,6,254
239,2,39,1,8,2596
240,2,40,1,10,1536
241,2,41,1,56,138
242,2,42,1,17,2535
243,2,43,1,29,162
244,2,44,1,7,254
245,2,45,1,26,1475
246,2,46,1,13,211
247,2,47,1,8,246
248,2,48,1,11,255
249,2,49,5,26,1082
250,2,50,1,13,467
251,2,51,1,11,840
252,2,52,5,14,124
253,2,53,1,8,1592
254,2,54,1,8,205
255,2,55,2,15,2339
256,2,56,1,7,399
257,2,57,3,10,339
258,2,58,1,13,152
259,2,59,1,10,144
260,2,60,1,17,370
261,2,61,2,15,396
262,2,62,1,19,168
263,2,63,3,14,545
264,2,64,2,52,199
265,2,65,2,37,260
266,2,66,4,23,543
267,2,67,3,21,1135
268,2,68,1,7,711
269,2,69,1,9,265
270,2,70,1,5,449
271,2,71,0,54,54
272,2,72,1,9,74
273,2,73,3,34,576
274,2,74,1,7,252
275,2,75,1,10,547
276,2,76,1,8,2768
277,2,77,2,9,2474
278,2,78,1,13,597
279,2,79,3,16,131
280,2,80,1,20,211
281,2,81,11,60,717
282,2,82,1,16,866
283,2,83,1,7,3712
284,2,84,1,6,124
285,2,85,1,5,514
286,2,86,2,14,1687
287,2,87,4,10,1189
288,2,88,1,9,2518
289,2,89,4,24,659
290,2,90,1,8,152
291,2,91,1,9,81
292,2,92,0,22,22
293,2,93,1,9,798
294,2,94,1,6,64
295,2,95,0,10,10
296,2,96,5,12,348
297,2,97,3,60,237
298,2,98,4,13,1505
299,2,99,3,17,1018
300,3,0,1,5,22
301,3,1,1,169,623
302,3,2,4,9,1839
303,3,3,1,176,878
304,3,4,0,223,223
305,3,5,6,83,3018
306,3,6,1,15,1177
307,3,7,2,115,1682
308,3,8,0,392,392
309,3,9,1,227,1642
310,3,10,4,190,1055
311,3,11,2,336,1785
312,3,12,1,8,222
313,3,13,2,75,982
314,3,14,1,10,697
315,3,15,1,9,952
316,3,16,0,177,177
317,3,17,0,21,21
318,3,18,0,108,108
319,3,19,3,153,895
320,3,20,4,172,1409
321,3,21,2,35,396
322,3,22,6,101,327
323,3,23,1,7,246
324,3,24,1,5,793
325,3,25,0,20,20
326,3,26,2,64,416
327,3,27,2,278,1107
328,3,28,1,8,716
329,3,29,0,64,64
330,3,30,1,19,1670
331,3,31,7,51,4241
332,3,32,4,95,678
333,3,33,5,11,704
334,3,34,3,186,781
335,3,35,2,10,1336
336,3,36,7,275,2443
337,3,37,2,46,702
338,3,38,3,147,736
339,3,39,1,110,454
340,3,40,3,114,1970
341,3,41,0,63,63
342,3,42,2,20,1873
343,3,43,3,65,1972
344,3,44,6,132,1341
345,3,45,0,440,440
346,3,46,1,6,465
347,3,47,4,76,414
348,3,48,11,307,3036
349,3,49,2,70,709
350,3,50,1,253,734
351,3,51,1,19,486
352,3,52,3,99,735
353,3,53,6,91,494
354,3,54,3,159,784
355,3,55,1,16,888
356,3,56,2,91,804
357,3,57,1,87,968
358,3,58,4,372,1934
359,3,59,1,7,399
360,3,60,6,191,1090
361,3,61,2,210,614
362,3,62,3,94,282
363,3,63,1,432,2192
364,3,64,1,115,475
365,3,65,1,8,1622
366,3,66,1,82,738
367,3,67,0,853,853
368,3,68,0,667,667
369,3,69,0,498,498
370,3,70,5,85,597
371,3,71,1,270,1029
372,3,72,0,8,8
373,3,73,3,147,873
374,3,74,0,57,57
375,3,75,1,224,1399
376,3,76,2,16,978
377,3,77,1,115,1012
378,3,78,8,8,1697
379,3,79,1,7,576
380,3,80,2,6,1741
381,3,81,8,62,3135
382,3,82,2,17,2250
383,3,83,2,60,503
384,3,84,0,1030,1030
385,3,85,1,99,2133
386,3,86,1,10,528
387,3,87,1,552,2532
388,3,88,14,31,2126
389,3,89,2,66,828
390,3,90,2,335,1192
391,3,91,1,7,75
392,3,92,1,6,438
393,3,93,1,5,633
394,3,94,2,74,757
395,3,95,0,174,174
396,3,96,1,7,482
397,3,97,1,16,350
398,3,98,3,202,820
399,3,99,3,225,2410
400,4,0,1,8,734
401,4,1,2,7,196
402,4,2,1,7,90
403,4,3,4,9,706
404,4,4,2,7,172
405,4,5,6,11,505
406,4,6,3,23,494
407,4,7,8,13,2277
408,4,8,2,12,556
409,4,9,1,5,125
410,4,10,8,9,551
411,4,11,13,13,672
412,4,12,1,6,373
413,4,13,2,8,826
414,4,14,1,7,62
415,4,15,1,6,1029
416,4,16,1,8,259
417,4,17,8,13,759
418,4,18,1,6,195
419,4,19,1,5,88
420,4,20,4,10,404
421,4,21,1,17,857
422,4,22,1,7,46
423,4,23,2,19,908
424,4,24,3,17,611
425,4,25,4,11,581
426,4,26,1,6,110
427,4,27,1,6,1035
428,4,28,3,12,288
429,4,29,1,8,84
430,4,30,5,8,819
431,4,31,5,7,534
432,4,32,1,14,943
433,4,33,3,14,139
434,4,34,2,6,139
435,4,35,1,8,173
436,4,36,4,9,792
437,4,37,5,12,438
438,4,38,8,15,637
439,4,39,5,10,301
440,4,40,5,32,191
441,4,41,5,7,573
442,4,42,1,5,272
443,4,43,1,9,112
444,4,44,4,9,178
445,4,45,4,19,1490
446,4,46,6,14,988
447,4,47,4,22,472
448,4,48,3,23,1304
449,4,49,8,8,812
450,4,50,2,7,694
451,4,51,6,9,966
452,4,52,4,14,1078
453,4,53,2,9,267
454,4,54,1,17,252
455,4,55,5,15,407
456,4,56,1,7,78
457,4,57,1,6,123
458,4,58,1,12,644
459,4,59,3,7,273
460,4,60,1,12,376
461,4,61,1,7,332
462,4,62,4,8,956
463,4,63,1,5,389
464,4,64,1,9,743
465,4,65,9,10,1835
466,4,66,1,11,487
467,4,67,4,13,1388
468,4,68,1,7,469
469,4,69,2,15,298
470,4,70,4,7,855
471,4,71,4,14,1489
472,4,72,1,8,317
473,4,73,1,8,212
474,4,74,2,13,492
475,4,75,1,8,1336
476,4,76,4,21,221
477,4,77,6,9,1229
478,4,78,6,11,2381
479,4,79,5,8,691
480,4,80,0,11,11
481,4,81,7,22,361
482,4,82,4,7,175
483,4,83,1,5,83
484,4,84,0,5,5
485,4,85,4,23,1177
486,4,86,3,6,296
487,4,87,4,5,621
488,4,88,6,11,522
489,4,89,1,8,116
490,4,90,13,5,1390
491,4,91,1,7,565
492,4,92,1,5,93
493,4,93,5,15,677
494,4,94,1,22,545
495,4,95,0,7,7
496,4,96,2,7,432
497,4,97,5,21,284
498,4,98,1,19,390
499,4,99,2,8,251
