,Replay type,Individual,Convergence trial,Performance at Convergence,Time to Convergence
0,0,0,6,19,368
1,0,1,5,25,375
2,0,2,5,36,695
3,0,3,5,44,209
4,0,4,5,19,526
5,0,5,10,14,500
6,0,6,6,13,362
7,0,7,13,14,611
8,0,8,5,35,440
9,0,9,3,10,88
10,0,10,6,21,606
11,0,11,4,34,787
12,0,12,7,49,512
13,0,13,14,12,585
14,0,14,9,10,605
15,0,15,2,62,143
16,0,16,8,30,515
17,0,17,0,112,112
18,0,18,7,14,476
19,0,19,3,26,387
20,0,20,2,59,464
21,0,21,0,45,45
22,0,22,1,41,170
23,0,23,10,17,624
24,0,24,1,50,82
25,0,25,5,24,715
26,0,26,4,62,400
27,0,27,0,39,39
28,0,28,4,25,363
29,0,29,4,46,642
30,0,30,15,9,596
31,0,31,10,16,492
32,0,32,13,14,802
33,0,33,10,28,607
34,0,34,8,20,453
35,0,35,1,68,194
36,0,36,4,73,569
37,0,37,8,20,307
38,0,38,11,14,542
39,0,39,5,16,633
40,0,40,7,8,336
41,0,41,6,16,589
42,0,42,6,27,558
43,0,43,2,60,107
44,0,44,15,17,849
45,0,45,0,54,54
46,0,46,9,26,668
47,0,47,8,24,471
48,0,48,1,30,299
49,0,49,6,18,455
50,0,50,8,12,594
51,0,51,3,97,569
52,0,52,6,24,870
53,0,53,6,28,508
54,0,54,3,59,423
55,0,55,7,40,732
56,0,56,12,21,448
57,0,57,10,8,520
58,0,58,13,19,786
59,0,59,1,55,380
60,0,60,5,41,436
61,0,61,4,81,430
62,0,62,7,19,389
63,0,63,12,25,606
64,0,64,12,32,891
65,0,65,12,18,965
66,0,66,8,19,478
67,0,67,5,25,291
68,0,68,1,54,72
69,0,69,15,12,745
70,0,70,1,29,292
71,0,71,0,53,53
72,0,72,1,41,114
73,0,73,12,22,825
74,0,74,3,55,279
75,0,75,9,15,313
76,0,76,13,20,670
77,0,77,8,46,554
78,0,78,8,17,552
79,0,79,0,36,36
80,0,80,9,13,396
81,0,81,11,15,703
82,0,82,7,24,440
83,0,83,3,20,432
84,0,84,9,22,605
85,0,85,4,28,298
86,0,86,0,50,50
87,0,87,0,74,74
88,0,88,11,17,582
89,0,89,4,23,452
90,0,90,9,17,631
91,0,91,10,10,551
92,0,92,0,42,42
93,0,93,5,8,558
94,0,94,10,18,966
95,0,95,7,19,484
96,0,96,0,100,100
97,0,97,8,13,621
98,0,98,1,51,280
99,0,99,8,29,526
100,1,0,1,10,93
101,1,1,1,12,78
102,1,2,1,8,108
103,1,3,0,50,50
104,1,4,1,11,284
105,1,5,0,41,41
106,1,6,2,10,142
107,1,7,1,21,79
108,1,8,2,11,72
109,1,9,0,17,17
110,1,10,2,31,196
111,1,11,1,22,132
112,1,12,2,27,89
113,1,13,3,22,102
114,1,14,2,20,278
115,1,15,1,20,73
116,1,16,1,23,75
117,1,17,1,11,123
118,1,18,2,26,162
119,1,19,1,16,204
120,1,20,1,15,166
121,1,21,1,10,55
122,1,22,1,27,156
123,1,23,1,15,188
124,1,24,1,9,41
125,1,25,1,12,177
126,1,26,1,6,30
127,1,27,1,21,60
128,1,28,0,30,30
129,1,29,1,26,104
130,1,30,0,17,17
131,1,31,1,8,139
132,1,32,1,8,344
133,1,33,1,15,82
134,1,34,4,16,72
135,1,35,1,18,144
136,1,36,9,9,368
137,1,37,3,14,55
138,1,38,1,18,277
139,1,39,7,28,460
140,1,40,0,14,14
141,1,41,3,13,124
142,1,42,1,11,117
143,1,43,1,11,39
144,1,44,0,28,28
145,1,45,1,11,65
146,1,46,1,31,180
147,1,47,2,27,138
148,1,48,2,10,301
149,1,49,2,26,199
150,1,50,1,19,186
151,1,51,1,23,115
152,1,52,1,10,262
153,1,53,1,16,56
154,1,54,1,15,194
155,1,55,2,10,125
156,1,56,2,21,66
157,1,57,3,20,87
158,1,58,1,16,58
159,1,59,1,10,335
160,1,60,0,27,27
161,1,61,1,7,58
162,1,62,1,20,72
163,1,63,2,9,47
164,1,64,3,12,121
165,1,65,0,32,32
166,1,66,9,14,157
167,1,67,2,28,119
168,1,68,0,18,18
169,1,69,2,10,126
170,1,70,1,16,279
171,1,71,2,14,75
172,1,72,3,21,140
173,1,73,0,32,32
174,1,74,3,8,146
175,1,75,4,19,122
176,1,76,1,11,132
177,1,77,3,25,96
178,1,78,6,39,262
179,1,79,1,10,46
180,1,80,0,38,38
181,1,81,1,18,190
182,1,82,2,18,81
183,1,83,2,26,253
184,1,84,1,11,326
185,1,85,1,15,176
186,1,86,1,11,61
187,1,87,1,23,97
188,1,88,4,31,249
189,1,89,5,21,237
190,1,90,1,12,109
191,1,91,1,17,68
192,1,92,1,18,60
193,1,93,1,9,320
194,1,94,1,14,409
195,1,95,1,17,126
196,1,96,1,21,121
197,1,97,1,9,129
198,1,98,2,27,268
199,1,99,2,13,110
200,2,0,1,10,93
201,2,1,1,12,78
202,2,2,1,8,108
203,2,3,0,50,50
204,2,4,1,11,284
205,2,5,0,41,41
206,2,6,2,10,142
207,2,7,1,21,79
208,2,8,2,11,72
209,2,9,0,17,17
210,2,10,2,31,196
211,2,11,1,22,132
212,2,12,2,27,89
213,2,13,3,22,102
214,2,14,2,20,278
215,2,15,1,14,67
216,2,16,1,23,75
217,2,17,1,11,123
218,2,18,2,26,162
219,2,19,1,16,204
220,2,20,1,15,166
221,2,21,1,10,55
222,2,22,1,27,156
223,2,23,1,15,188
224,2,24,1,9,41
225,2,25,3,16,205
226,2,26,1,6,30
227,2,27,1,21,60
228,2,28,0,30,30
229,2,29,1,26,104
230,2,30,0,17,17
231,2,31,1,8,139
232,2,32,1,8,344
233,2,33,1,15,82
234,2,34,4,16,72
235,2,35,1,18,144
236,2,36,9,9,368
237,2,37,3,14,55
238,2,38,1,18,277
239,2,39,7,28,460
240,2,40,0,14,14
241,2,41,3,13,124
242,2,42,1,11,117
243,2,43,1,11,39
244,2,44,0,28,28
245,2,45,1,11,65
246,2,46,1,31,180
247,2,47,2,27,138
248,2,48,2,10,301
249,2,49,2,26,199
250,2,50,1,19,186
251,2,51,1,23,115
252,2,52,1,10,262
253,2,53,1,16,56
254,2,54,1,15,194
255,2,55,2,10,125
256,2,56,1,11,45
257,2,57,5,27,120
258,2,58,1,16,58
259,2,59,1,10,335
260,2,60,0,27,27
261,2,61,1,7,58
262,2,62,1,20,72
263,2,63,2,9,47
264,2,64,3,12,121
265,2,65,0,32,32
266,2,66,9,14,157
267,2,67,2,28,119
268,2,68,0,18,18
269,2,69,2,10,126
270,2,70,1,16,279
271,2,71,2,14,75
272,2,72,3,21,140
273,2,73,0,32,32
274,2,74,3,8,146
275,2,75,4,19,122
276,2,76,1,11,132
277,2,77,3,25,96
278,2,78,6,39,262
279,2,79,1,10,46
280,2,80,0,38,38
281,2,81,1,18,190
282,2,82,2,18,81
283,2,83,2,26,253
284,2,84,1,11,326
285,2,85,1,15,176
286,2,86,1,11,61
287,2,87,1,18,92
288,2,88,4,31,249
289,2,89,5,21,237
290,2,90,1,12,109
291,2,91,1,17,68
292,2,92,1,18,60
293,2,93,1,9,320
294,2,94,1,14,409
295,2,95,1,17,126
296,2,96,1,21,121
297,2,97,1,9,129
298,2,98,2,27,268
299,2,99,2,13,110
300,3,0,3,19,201
301,3,1,2,39,229
302,3,2,3,15,178
303,3,3,2,12,99
304,3,4,1,11,284
305,3,5,1,32,73
306,3,6,2,7,181
307,3,7,1,16,74
308,3,8,1,16,69
309,3,9,0,17,17
310,3,10,2,16,408
311,3,11,1,19,129
312,3,12,1,10,60
313,3,13,2,7,96
314,3,14,2,13,323
315,3,15,0,53,53
316,3,16,7,11,176
317,3,17,1,11,123
318,3,18,2,11,225
319,3,19,1,24,212
320,3,20,1,13,164
321,3,21,1,16,61
322,3,22,2,10,166
323,3,23,1,10,183
324,3,24,0,32,32
325,3,25,1,16,181
326,3,26,1,6,30
327,3,27,0,39,39
328,3,28,0,30,30
329,3,29,2,13,146
330,3,30,0,17,17
331,3,31,2,22,185
332,3,32,2,17,402
333,3,33,1,15,82
334,3,34,3,19,72
335,3,35,1,28,154
336,3,36,1,10,221
337,3,37,1,6,34
338,3,38,1,17,276
339,3,39,2,10,373
340,3,40,0,14,14
341,3,41,2,12,156
342,3,42,1,20,126
343,3,43,1,9,37
344,3,44,0,28,28
345,3,45,1,10,64
346,3,46,1,31,180
347,3,47,1,16,112
348,3,48,1,30,299
349,3,49,2,11,210
350,3,50,1,31,198
351,3,51,2,14,236
352,3,52,1,16,268
353,3,53,1,23,63
354,3,54,2,12,289
355,3,55,1,33,141
356,3,56,0,34,34
357,3,57,2,14,99
358,3,58,2,12,85
359,3,59,1,19,344
360,3,60,0,27,27
361,3,61,1,7,58
362,3,62,2,11,194
363,3,63,1,10,41
364,3,64,2,16,135
365,3,65,0,32,32
366,3,66,1,33,89
367,3,67,2,19,150
368,3,68,0,18,18
369,3,69,1,16,125
370,3,70,1,14,277
371,3,71,2,19,120
372,3,72,1,40,113
373,3,73,6,23,100
374,3,74,1,10,136
375,3,75,1,19,94
376,3,76,1,7,128
377,3,77,1,11,56
378,3,78,1,29,178
379,3,79,0,36,36
380,3,80,1,22,60
381,3,81,1,27,199
382,3,82,1,11,61
383,3,83,1,10,225
384,3,84,1,8,323
385,3,85,2,22,232
386,3,86,3,20,171
387,3,87,2,11,158
388,3,88,1,12,182
389,3,89,1,7,186
390,3,90,1,12,109
391,3,91,2,25,123
392,3,92,2,32,127
393,3,93,1,9,320
394,3,94,2,12,438
395,3,95,2,11,155
396,3,96,2,12,152
397,3,97,1,9,129
398,3,98,1,13,242
399,3,99,2,8,134
400,4,0,1,13,96
401,4,1,2,24,214
402,4,2,1,9,109
403,4,3,1,17,67
404,4,4,2,10,344
405,4,5,4,20,169
406,4,6,2,9,183
407,4,7,1,14,72
408,4,8,1,10,63
409,4,9,6,23,158
410,4,10,1,25,176
411,4,11,1,16,126
412,4,12,0,50,50
413,4,13,1,8,72
414,4,14,2,16,321
415,4,15,1,12,65
416,4,16,1,17,69
417,4,17,1,23,135
418,4,18,1,9,136
419,4,19,1,8,196
420,4,20,1,72,223
421,4,21,1,9,54
422,4,22,1,10,139
423,4,23,4,16,430
424,4,24,8,15,336
425,4,25,1,12,177
426,4,26,1,6,30
427,4,27,1,27,66
428,4,28,6,8,264
429,4,29,7,8,260
430,4,30,2,8,185
431,4,31,2,10,173
432,4,32,3,16,411
433,4,33,1,18,85
434,4,34,4,16,76
435,4,35,1,21,147
436,4,36,3,11,261
437,4,37,1,6,34
438,4,38,6,7,366
439,4,39,2,16,385
440,4,40,0,14,14
441,4,41,1,10,93
442,4,42,5,16,532
443,4,43,0,28,28
444,4,44,0,28,28
445,4,45,4,16,207
446,4,46,3,13,459
447,4,47,1,16,112
448,4,48,3,10,348
449,4,49,1,8,172
450,4,50,5,17,441
451,4,51,2,10,170
452,4,52,5,8,540
453,4,53,1,11,51
454,4,54,4,10,332
455,4,55,3,67,488
456,4,56,1,11,45
457,4,57,0,43,43
458,4,58,1,30,72
459,4,59,2,10,390
460,4,60,3,9,124
461,4,61,1,19,70
462,4,62,6,23,299
463,4,63,4,9,124
464,4,64,5,10,365
465,4,65,3,10,260
466,4,66,3,17,200
467,4,67,2,20,151
468,4,68,2,11,83
469,4,69,1,7,116
470,4,70,1,9,272
471,4,71,2,10,111
472,4,72,1,8,81
473,4,73,1,11,43
474,4,74,1,6,132
475,4,75,4,10,170
476,4,76,1,11,132
477,4,77,5,14,170
478,4,78,8,10,404
479,4,79,0,36,36
480,4,80,3,22,160
481,4,81,6,9,392
482,4,82,1,13,63
483,4,83,3,14,319
484,4,84,5,14,479
485,4,85,4,22,292
486,4,86,0,50,50
487,4,87,3,11,158
488,4,88,4,13,265
489,4,89,1,8,187
490,4,90,2,8,212
491,4,91,2,18,116
492,4,92,5,14,194
493,4,93,1,15,326
494,4,94,1,10,405
495,4,95,1,36,145
496,4,96,3,32,188
497,4,97,1,8,128
498,4,98,1,8,237
499,4,99,1,8,95
