,Replay type,Individual,Convergence trial,Performance at Convergence,Time to Convergence
0,0,0,4.0,21.0,660.0
1,0,1,0.0,71.0,71.0
2,0,2,19.0,30.0,1059.0
3,0,3,5.0,17.0,248.0
4,0,4,2.0,29.0,252.0
5,0,5,8.0,30.0,775.0
6,0,6,4.0,42.0,224.0
7,0,7,6.0,42.0,590.0
8,0,8,0.0,53.0,53.0
9,0,9,11.0,33.0,1048.0
10,0,10,7.0,30.0,490.0
11,0,11,10.0,20.0,733.0
12,0,12,5.0,41.0,414.0
13,0,13,1.0,124.0,209.0
14,0,14,8.0,19.0,713.0
15,0,15,4.0,29.0,505.0
16,0,16,7.0,25.0,705.0
17,0,17,10.0,22.0,541.0
18,0,18,8.0,15.0,811.0
19,0,19,6.0,23.0,642.0
20,0,20,2.0,44.0,263.0
21,0,21,21.0,11.0,781.0
22,0,22,7.0,41.0,480.0
23,0,23,4.0,39.0,394.0
24,0,24,5.0,43.0,405.0
25,0,25,3.0,71.0,416.0
26,0,26,6.0,28.0,626.0
27,0,27,6.0,43.0,557.0
28,0,28,5.0,44.0,411.0
29,0,29,9.0,33.0,706.0
30,0,30,7.0,17.0,462.0
31,0,31,12.0,31.0,921.0
32,0,32,3.0,81.0,411.0
33,0,33,5.0,53.0,214.0
34,0,34,4.0,100.0,421.0
35,0,35,2.0,71.0,93.0
36,0,36,2.0,115.0,209.0
37,0,37,2.0,78.0,384.0
38,0,38,14.0,20.0,660.0
39,0,39,5.0,70.0,622.0
40,0,40,11.0,28.0,674.0
41,0,41,0.0,110.0,110.0
42,0,42,7.0,16.0,397.0
43,0,43,1.0,35.0,65.0
44,0,44,11.0,29.0,754.0
45,0,45,11.0,29.0,698.0
46,0,46,7.0,27.0,550.0
47,0,47,11.0,22.0,871.0
48,0,48,17.0,17.0,720.0
49,0,49,7.0,21.0,476.0
50,0,50,9.0,19.0,438.0
51,0,51,2.0,68.0,395.0
52,0,52,3.0,31.0,287.0
53,0,53,3.0,51.0,525.0
54,0,54,14.0,17.0,856.0
55,0,55,11.0,29.0,816.0
56,0,56,10.0,16.0,640.0
57,0,57,7.0,28.0,884.0
58,0,58,10.0,37.0,697.0
59,0,59,2.0,50.0,396.0
60,0,60,3.0,48.0,208.0
61,0,61,4.0,76.0,541.0
62,0,62,2.0,46.0,358.0
63,0,63,4.0,35.0,335.0
64,0,64,12.0,23.0,772.0
65,0,65,10.0,16.0,838.0
66,0,66,11.0,14.0,351.0
67,0,67,9.0,19.0,373.0
68,0,68,7.0,40.0,262.0
69,0,69,4.0,89.0,669.0
70,0,70,6.0,24.0,544.0
71,0,71,0.0,51.0,51.0
72,0,72,11.0,32.0,695.0
73,0,73,3.0,41.0,492.0
74,0,74,12.0,28.0,748.0
75,0,75,9.0,21.0,390.0
76,0,76,6.0,27.0,226.0
77,0,77,18.0,7.0,595.0
78,0,78,1.0,37.0,397.0
79,0,79,7.0,22.0,564.0
80,0,80,0.0,38.0,38.0
81,0,81,9.0,36.0,805.0
82,0,82,2.0,54.0,303.0
83,0,83,8.0,24.0,655.0
84,0,84,4.0,35.0,683.0
85,0,85,2.0,30.0,161.0
86,0,86,0.0,39.0,39.0
87,0,87,0.0,74.0,74.0
88,0,88,6.0,30.0,592.0
89,0,89,3.0,24.0,448.0
90,0,90,5.0,26.0,366.0
91,0,91,9.0,23.0,501.0
92,0,92,16.0,12.0,648.0
93,0,93,14.0,22.0,975.0
94,0,94,14.0,11.0,1055.0
95,0,95,14.0,18.0,615.0
96,0,96,3.0,20.0,313.0
97,0,97,0.0,177.0,177.0
98,0,98,5.0,32.0,333.0
99,0,99,15.0,21.0,827.0
100,1,0,9.0,40.0,296.0
101,1,1,0.0,71.0,71.0
102,1,2,2.0,25.0,133.0
103,1,3,5.0,40.0,220.0
104,1,4,1.0,22.0,100.0
105,1,5,2.0,21.0,106.0
106,1,6,22.0,81.0,886.0
107,1,7,,,
108,1,8,3.0,25.0,112.0
109,1,9,9.0,13.0,205.0
110,1,10,1.0,40.0,60.0
111,1,11,9.0,84.0,759.0
112,1,12,3.0,24.0,2129.0
113,1,13,2.0,13.0,106.0
114,1,14,1.0,21.0,393.0
115,1,15,4.0,45.0,144.0
116,1,16,1.0,24.0,123.0
117,1,17,0.0,34.0,34.0
118,1,18,11.0,25.0,1486.0
119,1,19,10.0,35.0,606.0
120,1,20,2.0,71.0,203.0
121,1,21,1.0,19.0,117.0
122,1,22,5.0,23.0,201.0
123,1,23,0.0,27.0,27.0
124,1,24,2.0,27.0,68.0
125,1,25,19.0,14.0,1148.0
126,1,26,8.0,22.0,676.0
127,1,27,5.0,18.0,266.0
128,1,28,2.0,20.0,106.0
129,1,29,16.0,27.0,1264.0
130,1,30,6.0,48.0,378.0
131,1,31,22.0,52.0,1773.0
132,1,32,21.0,18.0,1413.0
133,1,33,8.0,35.0,402.0
134,1,34,1.0,19.0,62.0
135,1,35,21.0,24.0,916.0
136,1,36,2.0,42.0,127.0
137,1,37,9.0,24.0,337.0
138,1,38,20.0,54.0,1531.0
139,1,39,1.0,62.0,341.0
140,1,40,0.0,24.0,24.0
141,1,41,22.0,121.0,1273.0
142,1,42,3.0,28.0,284.0
143,1,43,1.0,15.0,45.0
144,1,44,6.0,11.0,220.0
145,1,45,0.0,57.0,57.0
146,1,46,1.0,33.0,199.0
147,1,47,1.0,11.0,207.0
148,1,48,4.0,60.0,459.0
149,1,49,0.0,21.0,21.0
150,1,50,1.0,16.0,60.0
151,1,51,6.0,30.0,1183.0
152,1,52,1.0,24.0,152.0
153,1,53,3.0,61.0,299.0
154,1,54,5.0,20.0,307.0
155,1,55,2.0,14.0,622.0
156,1,56,5.0,16.0,347.0
157,1,57,,,
158,1,58,0.0,42.0,42.0
159,1,59,3.0,24.0,377.0
160,1,60,1.0,53.0,90.0
161,1,61,15.0,24.0,644.0
162,1,62,1.0,33.0,333.0
163,1,63,1.0,32.0,195.0
164,1,64,23.0,38.0,1947.0
165,1,65,0.0,32.0,32.0
166,1,66,7.0,31.0,402.0
167,1,67,16.0,25.0,665.0
168,1,68,0.0,18.0,18.0
169,1,69,2.0,18.0,152.0
170,1,70,7.0,47.0,610.0
171,1,71,6.0,28.0,211.0
172,1,72,3.0,31.0,161.0
173,1,73,3.0,56.0,494.0
174,1,74,0.0,52.0,52.0
175,1,75,7.0,24.0,225.0
176,1,76,1.0,17.0,50.0
177,1,77,8.0,17.0,351.0
178,1,78,5.0,31.0,557.0
179,1,79,9.0,18.0,185.0
180,1,80,3.0,36.0,322.0
181,1,81,5.0,16.0,331.0
182,1,82,7.0,17.0,483.0
183,1,83,2.0,13.0,238.0
184,1,84,6.0,38.0,551.0
185,1,85,0.0,34.0,34.0
186,1,86,0.0,39.0,39.0
187,1,87,0.0,74.0,74.0
188,1,88,12.0,65.0,872.0
189,1,89,1.0,32.0,213.0
190,1,90,0.0,39.0,39.0
191,1,91,2.0,15.0,113.0
192,1,92,1.0,24.0,66.0
193,1,93,3.0,64.0,274.0
194,1,94,11.0,49.0,740.0
195,1,95,3.0,26.0,1654.0
196,1,96,9.0,18.0,433.0
197,1,97,6.0,29.0,314.0
198,1,98,3.0,25.0,841.0
199,1,99,1.0,24.0,110.0
200,2,0,6.0,25.0,221.0
201,2,1,1.0,23.0,94.0
202,2,2,5.0,17.0,279.0
203,2,3,15.0,18.0,639.0
204,2,4,1.0,22.0,100.0
205,2,5,1.0,33.0,85.0
206,2,6,13.0,41.0,364.0
207,2,7,4.0,29.0,308.0
208,2,8,6.0,36.0,163.0
209,2,9,4.0,27.0,192.0
210,2,10,5.0,32.0,147.0
211,2,11,18.0,16.0,1428.0
212,2,12,16.0,49.0,1455.0
213,2,13,2.0,13.0,106.0
214,2,14,4.0,38.0,458.0
215,2,15,12.0,23.0,380.0
216,2,16,1.0,24.0,123.0
217,2,17,0.0,34.0,34.0
218,2,18,11.0,41.0,1737.0
219,2,19,2.0,42.0,405.0
220,2,20,2.0,71.0,203.0
221,2,21,1.0,12.0,110.0
222,2,22,1.0,34.0,84.0
223,2,23,0.0,27.0,27.0
224,2,24,2.0,27.0,68.0
225,2,25,7.0,18.0,422.0
226,2,26,12.0,30.0,629.0
227,2,27,0.0,58.0,58.0
228,2,28,7.0,38.0,236.0
229,2,29,,,
230,2,30,23.0,21.0,1590.0
231,2,31,11.0,48.0,773.0
232,2,32,23.0,13.0,1514.0
233,2,33,19.0,10.0,1341.0
234,2,34,4.0,21.0,146.0
235,2,35,9.0,25.0,420.0
236,2,36,11.0,13.0,440.0
237,2,37,4.0,12.0,130.0
238,2,38,3.0,79.0,364.0
239,2,39,1.0,62.0,341.0
240,2,40,0.0,24.0,24.0
241,2,41,,,
242,2,42,4.0,108.0,369.0
243,2,43,1.0,15.0,45.0
244,2,44,1.0,15.0,68.0
245,2,45,0.0,57.0,57.0
246,2,46,1.0,33.0,199.0
247,2,47,1.0,11.0,207.0
248,2,48,15.0,13.0,418.0
249,2,49,0.0,21.0,21.0
250,2,50,0.0,44.0,44.0
251,2,51,16.0,24.0,2084.0
252,2,52,1.0,24.0,152.0
253,2,53,11.0,61.0,881.0
254,2,54,4.0,13.0,287.0
255,2,55,10.0,23.0,872.0
256,2,56,9.0,41.0,409.0
257,2,57,15.0,37.0,1288.0
258,2,58,0.0,42.0,42.0
259,2,59,8.0,9.0,630.0
260,2,60,20.0,52.0,1478.0
261,2,61,21.0,11.0,799.0
262,2,62,1.0,33.0,333.0
263,2,63,1.0,32.0,195.0
264,2,64,10.0,24.0,1732.0
265,2,65,10.0,16.0,469.0
266,2,66,9.0,21.0,550.0
267,2,67,0.0,65.0,65.0
268,2,68,0.0,18.0,18.0
269,2,69,1.0,24.0,134.0
270,2,70,17.0,32.0,943.0
271,2,71,6.0,11.0,197.0
272,2,72,4.0,30.0,182.0
273,2,73,2.0,13.0,451.0
274,2,74,0.0,52.0,52.0
275,2,75,8.0,21.0,231.0
276,2,76,1.0,17.0,50.0
277,2,77,11.0,40.0,460.0
278,2,78,11.0,43.0,1026.0
279,2,79,6.0,10.0,144.0
280,2,80,7.0,18.0,518.0
281,2,81,14.0,28.0,516.0
282,2,82,7.0,26.0,673.0
283,2,83,3.0,19.0,257.0
284,2,84,3.0,14.0,485.0
285,2,85,3.0,30.0,302.0
286,2,86,0.0,39.0,39.0
287,2,87,0.0,74.0,74.0
288,2,88,3.0,76.0,290.0
289,2,89,7.0,18.0,350.0
290,2,90,0.0,39.0,39.0
291,2,91,21.0,53.0,728.0
292,2,92,14.0,16.0,429.0
293,2,93,3.0,67.0,270.0
294,2,94,8.0,30.0,720.0
295,2,95,,,
296,2,96,0.0,89.0,89.0
297,2,97,2.0,20.0,212.0
298,2,98,5.0,56.0,423.0
299,2,99,6.0,17.0,387.0
300,3,0,7.0,26.0,309.0
301,3,1,23.0,21.0,1332.0
302,3,2,1.0,23.0,122.0
303,3,3,1.0,18.0,63.0
304,3,4,2.0,21.0,174.0
305,3,5,1.0,19.0,71.0
306,3,6,10.0,27.0,184.0
307,3,7,5.0,17.0,192.0
308,3,8,4.0,14.0,128.0
309,3,9,8.0,26.0,192.0
310,3,10,3.0,38.0,159.0
311,3,11,7.0,21.0,1515.0
312,3,12,6.0,16.0,919.0
313,3,13,6.0,17.0,380.0
314,3,14,1.0,38.0,410.0
315,3,15,1.0,26.0,81.0
316,3,16,11.0,25.0,360.0
317,3,17,18.0,15.0,890.0
318,3,18,2.0,13.0,246.0
319,3,19,12.0,18.0,584.0
320,3,20,7.0,20.0,319.0
321,3,21,6.0,21.0,472.0
322,3,22,1.0,29.0,79.0
323,3,23,0.0,27.0,27.0
324,3,24,0.0,32.0,32.0
325,3,25,2.0,79.0,252.0
326,3,26,3.0,11.0,291.0
327,3,27,0.0,58.0,58.0
328,3,28,1.0,20.0,50.0
329,3,29,1.0,44.0,126.0
330,3,30,6.0,11.0,462.0
331,3,31,3.0,20.0,328.0
332,3,32,7.0,14.0,407.0
333,3,33,18.0,16.0,448.0
334,3,34,0.0,43.0,43.0
335,3,35,5.0,24.0,127.0
336,3,36,2.0,15.0,127.0
337,3,37,1.0,23.0,70.0
338,3,38,3.0,10.0,259.0
339,3,39,3.0,17.0,393.0
340,3,40,2.0,44.0,143.0
341,3,41,3.0,36.0,176.0
342,3,42,1.0,25.0,114.0
343,3,43,1.0,15.0,45.0
344,3,44,9.0,26.0,267.0
345,3,45,2.0,37.0,112.0
346,3,46,1.0,33.0,199.0
347,3,47,14.0,18.0,446.0
348,3,48,2.0,30.0,145.0
349,3,49,2.0,13.0,131.0
350,3,50,4.0,21.0,244.0
351,3,51,6.0,36.0,983.0
352,3,52,2.0,18.0,254.0
353,3,53,1.0,30.0,210.0
354,3,54,9.0,24.0,484.0
355,3,55,12.0,11.0,576.0
356,3,56,1.0,21.0,260.0
357,3,57,7.0,11.0,695.0
358,3,58,18.0,24.0,427.0
359,3,59,1.0,43.0,368.0
360,3,60,0.0,37.0,37.0
361,3,61,1.0,40.0,91.0
362,3,62,4.0,27.0,355.0
363,3,63,1.0,24.0,187.0
364,3,64,10.0,21.0,801.0
365,3,65,2.0,34.0,162.0
366,3,66,4.0,6.0,92.0
367,3,67,11.0,17.0,264.0
368,3,68,0.0,18.0,18.0
369,3,69,14.0,28.0,659.0
370,3,70,3.0,36.0,332.0
371,3,71,2.0,25.0,126.0
372,3,72,7.0,19.0,679.0
373,3,73,5.0,27.0,574.0
374,3,74,4.0,30.0,214.0
375,3,75,3.0,15.0,115.0
376,3,76,0.0,33.0,33.0
377,3,77,1.0,20.0,65.0
378,3,78,3.0,32.0,423.0
379,3,79,2.0,31.0,107.0
380,3,80,11.0,19.0,241.0
381,3,81,1.0,33.0,268.0
382,3,82,2.0,15.0,105.0
383,3,83,2.0,13.0,238.0
384,3,84,1.0,23.0,476.0
385,3,85,11.0,19.0,479.0
386,3,86,8.0,36.0,201.0
387,3,87,2.0,39.0,129.0
388,3,88,1.0,18.0,198.0
389,3,89,1.0,19.0,200.0
390,3,90,0.0,39.0,39.0
391,3,91,2.0,20.0,118.0
392,3,92,3.0,21.0,199.0
393,3,93,13.0,38.0,445.0
394,3,94,13.0,28.0,632.0
395,3,95,2.0,18.0,163.0
396,3,96,1.0,47.0,136.0
397,3,97,3.0,21.0,257.0
398,3,98,3.0,20.0,417.0
399,3,99,1.0,49.0,135.0
400,4,0,1.0,18.0,102.0
401,4,1,2.0,25.0,202.0
402,4,2,1.0,24.0,123.0
403,4,3,2.0,27.0,84.0
404,4,4,2.0,26.0,182.0
405,4,5,5.0,22.0,376.0
406,4,6,2.0,30.0,54.0
407,4,7,3.0,18.0,231.0
408,4,8,1.0,14.0,67.0
409,4,9,1.0,18.0,33.0
410,4,10,3.0,44.0,199.0
411,4,11,6.0,18.0,397.0
412,4,12,0.0,103.0,103.0
413,4,13,22.0,35.0,2611.0
414,4,14,3.0,22.0,423.0
415,4,15,0.0,55.0,55.0
416,4,16,9.0,19.0,615.0
417,4,17,5.0,23.0,217.0
418,4,18,17.0,25.0,1984.0
419,4,19,3.0,10.0,433.0
420,4,20,4.0,23.0,295.0
421,4,21,2.0,33.0,217.0
422,4,22,0.0,50.0,50.0
423,4,23,9.0,9.0,453.0
424,4,24,2.0,29.0,70.0
425,4,25,7.0,14.0,279.0
426,4,26,14.0,18.0,934.0
427,4,27,1.0,19.0,77.0
428,4,28,0.0,30.0,30.0
429,4,29,4.0,49.0,913.0
430,4,30,4.0,11.0,445.0
431,4,31,5.0,10.0,328.0
432,4,32,,,
433,4,33,10.0,47.0,307.0
434,4,34,0.0,43.0,43.0
435,4,35,3.0,18.0,84.0
436,4,36,7.0,49.0,313.0
437,4,37,0.0,47.0,47.0
438,4,38,3.0,26.0,238.0
439,4,39,1.0,47.0,326.0
440,4,40,7.0,21.0,251.0
441,4,41,5.0,15.0,276.0
442,4,42,5.0,37.0,268.0
443,4,43,0.0,30.0,30.0
444,4,44,2.0,64.0,219.0
445,4,45,4.0,21.0,253.0
446,4,46,7.0,17.0,295.0
447,4,47,3.0,29.0,249.0
448,4,48,7.0,29.0,379.0
449,4,49,0.0,21.0,21.0
450,4,50,3.0,26.0,174.0
451,4,51,2.0,19.0,157.0
452,4,52,3.0,19.0,255.0
453,4,53,1.0,30.0,210.0
454,4,54,5.0,40.0,413.0
455,4,55,7.0,22.0,662.0
456,4,56,2.0,25.0,275.0
457,4,57,2.0,27.0,542.0
458,4,58,3.0,27.0,223.0
459,4,59,14.0,18.0,620.0
460,4,60,8.0,14.0,372.0
461,4,61,4.0,19.0,124.0
462,4,62,2.0,41.0,359.0
463,4,63,11.0,31.0,967.0
464,4,64,5.0,20.0,377.0
465,4,65,4.0,20.0,213.0
466,4,66,12.0,20.0,1039.0
467,4,67,3.0,35.0,273.0
468,4,68,0.0,18.0,18.0
469,4,69,2.0,28.0,148.0
470,4,70,3.0,33.0,521.0
471,4,71,5.0,13.0,174.0
472,4,72,3.0,20.0,324.0
473,4,73,5.0,22.0,544.0
474,4,74,11.0,23.0,794.0
475,4,75,1.0,32.0,93.0
476,4,76,11.0,51.0,736.0
477,4,77,0.0,45.0,45.0
478,4,78,1.0,33.0,393.0
479,4,79,12.0,13.0,217.0
480,4,80,0.0,38.0,38.0
481,4,81,8.0,31.0,393.0
482,4,82,5.0,26.0,304.0
483,4,83,5.0,21.0,340.0
484,4,84,2.0,20.0,481.0
485,4,85,10.0,23.0,412.0
486,4,86,14.0,33.0,701.0
487,4,87,5.0,21.0,219.0
488,4,88,7.0,28.0,518.0
489,4,89,2.0,21.0,220.0
490,4,90,17.0,44.0,755.0
491,4,91,5.0,24.0,253.0
492,4,92,0.0,42.0,42.0
493,4,93,11.0,38.0,407.0
494,4,94,17.0,19.0,3894.0
495,4,95,1.0,50.0,145.0
496,4,96,4.0,30.0,183.0
497,4,97,1.0,26.0,203.0
498,4,98,6.0,23.0,333.0
499,4,99,0.0,86.0,86.0
