,Replay type,Individual,Convergence trial,Performance at Convergence,Time to Convergence
0,0,0,7.0,15.0,2166.0
1,0,1,4.0,19.0,346.0
2,0,2,7.0,59.0,1115.0
3,0,3,9.0,19.0,980.0
4,0,4,11.0,8.0,1737.0
5,0,5,11.0,8.0,978.0
6,0,6,19.0,17.0,1881.0
7,0,7,2.0,26.0,693.0
8,0,8,7.0,12.0,1318.0
9,0,9,6.0,14.0,633.0
10,0,10,3.0,36.0,583.0
11,0,11,1.0,9.0,416.0
12,0,12,1.0,29.0,677.0
13,0,13,5.0,65.0,1487.0
14,0,14,9.0,19.0,2206.0
15,0,15,9.0,7.0,567.0
16,0,16,12.0,24.0,2483.0
17,0,17,5.0,10.0,820.0
18,0,18,11.0,11.0,1273.0
19,0,19,8.0,20.0,1000.0
20,0,20,3.0,20.0,2419.0
21,0,21,5.0,22.0,563.0
22,0,22,10.0,11.0,1006.0
23,0,23,6.0,15.0,2224.0
24,0,24,1.0,23.0,298.0
25,0,25,15.0,5.0,1405.0
26,0,26,11.0,38.0,1855.0
27,0,27,3.0,38.0,1246.0
28,0,28,8.0,28.0,1473.0
29,0,29,3.0,25.0,783.0
30,0,30,3.0,17.0,534.0
31,0,31,5.0,17.0,880.0
32,0,32,11.0,23.0,513.0
33,0,33,8.0,19.0,908.0
34,0,34,4.0,26.0,1562.0
35,0,35,7.0,42.0,441.0
36,0,36,0.0,154.0,154.0
37,0,37,2.0,12.0,650.0
38,0,38,15.0,24.0,1248.0
39,0,39,5.0,56.0,1006.0
40,0,40,2.0,26.0,389.0
41,0,41,4.0,9.0,1491.0
42,0,42,2.0,39.0,1569.0
43,0,43,3.0,21.0,420.0
44,0,44,1.0,16.0,392.0
45,0,45,3.0,26.0,514.0
46,0,46,6.0,103.0,2761.0
47,0,47,5.0,36.0,1625.0
48,0,48,9.0,9.0,645.0
49,0,49,16.0,12.0,2542.0
50,0,50,4.0,36.0,995.0
51,0,51,13.0,15.0,968.0
52,0,52,10.0,15.0,779.0
53,0,53,4.0,21.0,895.0
54,0,54,2.0,12.0,402.0
55,0,55,2.0,47.0,639.0
56,0,56,16.0,10.0,2087.0
57,0,57,10.0,16.0,2221.0
58,0,58,8.0,20.0,1600.0
59,0,59,10.0,49.0,1904.0
60,0,60,11.0,9.0,791.0
61,0,61,5.0,33.0,551.0
62,0,62,12.0,6.0,2318.0
63,0,63,6.0,32.0,814.0
64,0,64,2.0,7.0,1081.0
65,0,65,4.0,24.0,1917.0
66,0,66,7.0,21.0,771.0
67,0,67,11.0,14.0,1449.0
68,0,68,13.0,7.0,839.0
69,0,69,13.0,13.0,1388.0
70,0,70,11.0,20.0,1827.0
71,0,71,3.0,56.0,842.0
72,0,72,7.0,13.0,2359.0
73,0,73,4.0,51.0,1276.0
74,0,74,9.0,8.0,2176.0
75,0,75,7.0,10.0,1034.0
76,0,76,4.0,106.0,925.0
77,0,77,15.0,8.0,1483.0
78,0,78,9.0,24.0,769.0
79,0,79,11.0,8.0,1140.0
80,0,80,14.0,8.0,2827.0
81,0,81,9.0,27.0,911.0
82,0,82,3.0,32.0,914.0
83,0,83,3.0,24.0,354.0
84,0,84,5.0,27.0,2602.0
85,0,85,4.0,17.0,1798.0
86,0,86,21.0,28.0,1554.0
87,0,87,2.0,31.0,297.0
88,0,88,7.0,11.0,515.0
89,0,89,4.0,33.0,2010.0
90,0,90,10.0,10.0,1407.0
91,0,91,1.0,57.0,568.0
92,0,92,3.0,38.0,1016.0
93,0,93,5.0,21.0,700.0
94,0,94,10.0,32.0,1505.0
95,0,95,17.0,13.0,1099.0
96,0,96,7.0,21.0,838.0
97,0,97,4.0,62.0,1311.0
98,0,98,11.0,6.0,2281.0
99,0,99,9.0,14.0,1050.0
100,1,0,1.0,20.0,675.0
101,1,1,1.0,18.0,1473.0
102,1,2,8.0,18.0,213.0
103,1,3,23.0,27.0,561.0
104,1,4,17.0,19.0,589.0
105,1,5,1.0,19.0,3340.0
106,1,6,11.0,18.0,936.0
107,1,7,13.0,41.0,585.0
108,1,8,16.0,14.0,2777.0
109,1,9,2.0,15.0,613.0
110,1,10,7.0,16.0,387.0
111,1,11,6.0,29.0,248.0
112,1,12,1.0,12.0,218.0
113,1,13,22.0,58.0,1799.0
114,1,14,6.0,21.0,1130.0
115,1,15,22.0,10.0,3479.0
116,1,16,22.0,71.0,2027.0
117,1,17,0.0,16.0,16.0
118,1,18,2.0,9.0,289.0
119,1,19,6.0,34.0,1949.0
120,1,20,3.0,24.0,452.0
121,1,21,,,
122,1,22,11.0,16.0,1130.0
123,1,23,21.0,22.0,1606.0
124,1,24,7.0,6.0,434.0
125,1,25,7.0,16.0,303.0
126,1,26,1.0,29.0,151.0
127,1,27,2.0,67.0,549.0
128,1,28,6.0,17.0,1027.0
129,1,29,1.0,9.0,165.0
130,1,30,2.0,9.0,98.0
131,1,31,16.0,35.0,1566.0
132,1,32,6.0,7.0,209.0
133,1,33,5.0,13.0,818.0
134,1,34,2.0,10.0,818.0
135,1,35,1.0,6.0,695.0
136,1,36,6.0,28.0,2438.0
137,1,37,,,
138,1,38,0.0,15.0,15.0
139,1,39,8.0,25.0,378.0
140,1,40,,,
141,1,41,22.0,82.0,4221.0
142,1,42,10.0,22.0,3561.0
143,1,43,4.0,59.0,1530.0
144,1,44,1.0,14.0,1049.0
145,1,45,4.0,31.0,660.0
146,1,46,2.0,16.0,2327.0
147,1,47,9.0,16.0,4050.0
148,1,48,1.0,14.0,2370.0
149,1,49,3.0,9.0,292.0
150,1,50,2.0,23.0,646.0
151,1,51,,,
152,1,52,23.0,18.0,2427.0
153,1,53,10.0,21.0,1461.0
154,1,54,1.0,17.0,257.0
155,1,55,1.0,29.0,282.0
156,1,56,4.0,19.0,982.0
157,1,57,7.0,25.0,872.0
158,1,58,2.0,67.0,98.0
159,1,59,3.0,36.0,354.0
160,1,60,17.0,12.0,637.0
161,1,61,7.0,21.0,516.0
162,1,62,1.0,13.0,487.0
163,1,63,,,
164,1,64,17.0,8.0,440.0
165,1,65,3.0,15.0,298.0
166,1,66,21.0,22.0,2210.0
167,1,67,21.0,67.0,1595.0
168,1,68,3.0,11.0,497.0
169,1,69,22.0,29.0,1004.0
170,1,70,0.0,19.0,19.0
171,1,71,,,
172,1,72,3.0,7.0,65.0
173,1,73,21.0,9.0,2623.0
174,1,74,1.0,19.0,639.0
175,1,75,5.0,27.0,1208.0
176,1,76,0.0,56.0,56.0
177,1,77,1.0,10.0,226.0
178,1,78,3.0,27.0,481.0
179,1,79,,,
180,1,80,1.0,16.0,3121.0
181,1,81,1.0,7.0,43.0
182,1,82,2.0,11.0,263.0
183,1,83,,,
184,1,84,1.0,6.0,435.0
185,1,85,8.0,22.0,2293.0
186,1,86,7.0,7.0,1743.0
187,1,87,,,
188,1,88,14.0,31.0,2213.0
189,1,89,1.0,5.0,468.0
190,1,90,3.0,12.0,205.0
191,1,91,1.0,49.0,664.0
192,1,92,,,
193,1,93,0.0,11.0,11.0
194,1,94,1.0,6.0,94.0
195,1,95,3.0,23.0,925.0
196,1,96,16.0,6.0,1599.0
197,1,97,4.0,10.0,519.0
198,1,98,8.0,24.0,2200.0
199,1,99,5.0,13.0,496.0
200,2,0,8.0,9.0,423.0
201,2,1,14.0,24.0,2222.0
202,2,2,12.0,26.0,331.0
203,2,3,1.0,20.0,262.0
204,2,4,7.0,17.0,193.0
205,2,5,13.0,16.0,689.0
206,2,6,12.0,12.0,1204.0
207,2,7,13.0,94.0,1943.0
208,2,8,2.0,43.0,1465.0
209,2,9,5.0,49.0,941.0
210,2,10,22.0,16.0,1353.0
211,2,11,1.0,9.0,369.0
212,2,12,1.0,5.0,244.0
213,2,13,5.0,48.0,1853.0
214,2,14,10.0,13.0,1071.0
215,2,15,6.0,23.0,2995.0
216,2,16,10.0,46.0,1368.0
217,2,17,0.0,7.0,7.0
218,2,18,12.0,30.0,862.0
219,2,19,23.0,68.0,6373.0
220,2,20,7.0,23.0,254.0
221,2,21,1.0,24.0,152.0
222,2,22,14.0,18.0,502.0
223,2,23,1.0,68.0,307.0
224,2,24,7.0,15.0,508.0
225,2,25,3.0,16.0,427.0
226,2,26,1.0,15.0,275.0
227,2,27,23.0,54.0,2702.0
228,2,28,,,
229,2,29,4.0,16.0,230.0
230,2,30,6.0,18.0,176.0
231,2,31,20.0,26.0,2269.0
232,2,32,1.0,8.0,87.0
233,2,33,9.0,10.0,361.0
234,2,34,22.0,53.0,1562.0
235,2,35,0.0,15.0,15.0
236,2,36,1.0,19.0,526.0
237,2,37,6.0,36.0,1133.0
238,2,38,17.0,19.0,1108.0
239,2,39,18.0,23.0,1242.0
240,2,40,2.0,15.0,1686.0
241,2,41,13.0,12.0,839.0
242,2,42,4.0,31.0,1566.0
243,2,43,0.0,71.0,71.0
244,2,44,,,
245,2,45,16.0,33.0,556.0
246,2,46,15.0,7.0,1887.0
247,2,47,14.0,11.0,3761.0
248,2,48,5.0,14.0,1418.0
249,2,49,5.0,15.0,517.0
250,2,50,,,
251,2,51,0.0,13.0,13.0
252,2,52,3.0,8.0,742.0
253,2,53,21.0,42.0,2662.0
254,2,54,4.0,32.0,134.0
255,2,55,5.0,23.0,336.0
256,2,56,8.0,20.0,587.0
257,2,57,5.0,17.0,3449.0
258,2,58,6.0,23.0,266.0
259,2,59,2.0,19.0,77.0
260,2,60,13.0,13.0,443.0
261,2,61,7.0,19.0,328.0
262,2,62,3.0,9.0,1315.0
263,2,63,1.0,59.0,3208.0
264,2,64,2.0,12.0,56.0
265,2,65,5.0,16.0,647.0
266,2,66,11.0,32.0,2276.0
267,2,67,21.0,14.0,605.0
268,2,68,16.0,70.0,1699.0
269,2,69,1.0,14.0,448.0
270,2,70,12.0,15.0,686.0
271,2,71,18.0,15.0,541.0
272,2,72,1.0,15.0,243.0
273,2,73,7.0,14.0,916.0
274,2,74,2.0,7.0,1078.0
275,2,75,2.0,10.0,356.0
276,2,76,,,
277,2,77,23.0,19.0,2112.0
278,2,78,,,
279,2,79,18.0,10.0,1464.0
280,2,80,4.0,57.0,1783.0
281,2,81,4.0,39.0,945.0
282,2,82,2.0,58.0,155.0
283,2,83,6.0,18.0,856.0
284,2,84,8.0,10.0,941.0
285,2,85,10.0,12.0,789.0
286,2,86,4.0,59.0,1797.0
287,2,87,1.0,8.0,604.0
288,2,88,,,
289,2,89,23.0,12.0,1286.0
290,2,90,13.0,15.0,837.0
291,2,91,10.0,29.0,581.0
292,2,92,1.0,9.0,200.0
293,2,93,0.0,7.0,7.0
294,2,94,2.0,14.0,145.0
295,2,95,23.0,21.0,769.0
296,2,96,7.0,10.0,852.0
297,2,97,12.0,15.0,475.0
298,2,98,19.0,24.0,2241.0
299,2,99,5.0,16.0,744.0
300,3,0,11.0,270.0,2815.0
301,3,1,12.0,149.0,2662.0
302,3,2,1.0,51.0,311.0
303,3,3,0.0,435.0,435.0
304,3,4,,,
305,3,5,,,
306,3,6,,,
307,3,7,,,
308,3,8,1.0,707.0,3274.0
309,3,9,1.0,105.0,970.0
310,3,10,22.0,16.0,654.0
311,3,11,0.0,304.0,304.0
312,3,12,11.0,420.0,3985.0
313,3,13,8.0,13.0,558.0
314,3,14,3.0,26.0,618.0
315,3,15,20.0,8.0,6432.0
316,3,16,2.0,124.0,864.0
317,3,17,13.0,211.0,3234.0
318,3,18,1.0,7.0,690.0
319,3,19,4.0,174.0,693.0
320,3,20,21.0,218.0,4619.0
321,3,21,4.0,261.0,675.0
322,3,22,22.0,9.0,2382.0
323,3,23,3.0,70.0,1079.0
324,3,24,,,
325,3,25,2.0,11.0,1553.0
326,3,26,8.0,769.0,2100.0
327,3,27,5.0,265.0,2468.0
328,3,28,0.0,965.0,965.0
329,3,29,4.0,21.0,254.0
330,3,30,4.0,63.0,1257.0
331,3,31,10.0,69.0,980.0
332,3,32,21.0,109.0,3481.0
333,3,33,7.0,10.0,1119.0
334,3,34,4.0,224.0,3731.0
335,3,35,0.0,550.0,550.0
336,3,36,2.0,23.0,782.0
337,3,37,6.0,158.0,1559.0
338,3,38,12.0,16.0,1224.0
339,3,39,,,
340,3,40,3.0,85.0,403.0
341,3,41,,,
342,3,42,3.0,5.0,1967.0
343,3,43,1.0,34.0,621.0
344,3,44,,,
345,3,45,6.0,599.0,4303.0
346,3,46,23.0,189.0,5299.0
347,3,47,10.0,25.0,822.0
348,3,48,5.0,244.0,697.0
349,3,49,16.0,11.0,858.0
350,3,50,0.0,222.0,222.0
351,3,51,4.0,21.0,369.0
352,3,52,10.0,10.0,3543.0
353,3,53,0.0,506.0,506.0
354,3,54,,,
355,3,55,11.0,240.0,2735.0
356,3,56,0.0,805.0,805.0
357,3,57,,,
358,3,58,,,
359,3,59,1.0,18.0,26.0
360,3,60,5.0,5.0,1867.0
361,3,61,23.0,10.0,1018.0
362,3,62,0.0,540.0,540.0
363,3,63,3.0,11.0,242.0
364,3,64,10.0,16.0,561.0
365,3,65,16.0,197.0,4213.0
366,3,66,10.0,180.0,2864.0
367,3,67,4.0,61.0,523.0
368,3,68,,,
369,3,69,2.0,227.0,1817.0
370,3,70,,,
371,3,71,4.0,325.0,1658.0
372,3,72,1.0,404.0,1172.0
373,3,73,20.0,14.0,1180.0
374,3,74,1.0,17.0,836.0
375,3,75,21.0,252.0,4078.0
376,3,76,,,
377,3,77,3.0,145.0,447.0
378,3,78,2.0,48.0,831.0
379,3,79,23.0,12.0,2357.0
380,3,80,3.0,170.0,3765.0
381,3,81,1.0,419.0,1516.0
382,3,82,6.0,335.0,3450.0
383,3,83,6.0,186.0,2039.0
384,3,84,0.0,130.0,130.0
385,3,85,21.0,6.0,4466.0
386,3,86,,,
387,3,87,3.0,184.0,475.0
388,3,88,6.0,8.0,1191.0
389,3,89,10.0,234.0,4768.0
390,3,90,4.0,648.0,2374.0
391,3,91,,,
392,3,92,4.0,6.0,371.0
393,3,93,1.0,10.0,15.0
394,3,94,5.0,162.0,772.0
395,3,95,8.0,55.0,4275.0
396,3,96,7.0,16.0,823.0
397,3,97,11.0,155.0,4280.0
398,3,98,4.0,965.0,4303.0
399,3,99,2.0,353.0,1513.0
400,4,0,2.0,7.0,41.0
401,4,1,1.0,16.0,383.0
402,4,2,7.0,22.0,1698.0
403,4,3,17.0,18.0,666.0
404,4,4,0.0,8.0,8.0
405,4,5,7.0,15.0,426.0
406,4,6,7.0,12.0,479.0
407,4,7,2.0,13.0,865.0
408,4,8,13.0,10.0,1723.0
409,4,9,5.0,14.0,1823.0
410,4,10,7.0,32.0,441.0
411,4,11,3.0,8.0,1319.0
412,4,12,3.0,8.0,1230.0
413,4,13,8.0,11.0,2421.0
414,4,14,0.0,10.0,10.0
415,4,15,6.0,24.0,931.0
416,4,16,10.0,23.0,1607.0
417,4,17,17.0,9.0,1407.0
418,4,18,1.0,5.0,999.0
419,4,19,3.0,16.0,2042.0
420,4,20,5.0,30.0,798.0
421,4,21,7.0,8.0,2641.0
422,4,22,8.0,21.0,544.0
423,4,23,,,
424,4,24,2.0,41.0,902.0
425,4,25,8.0,10.0,979.0
426,4,26,5.0,29.0,1608.0
427,4,27,3.0,11.0,1381.0
428,4,28,6.0,17.0,192.0
429,4,29,17.0,20.0,2163.0
430,4,30,6.0,23.0,1330.0
431,4,31,9.0,43.0,839.0
432,4,32,2.0,14.0,110.0
433,4,33,3.0,17.0,516.0
434,4,34,2.0,18.0,288.0
435,4,35,11.0,23.0,742.0
436,4,36,3.0,22.0,911.0
437,4,37,7.0,12.0,1954.0
438,4,38,11.0,23.0,740.0
439,4,39,12.0,33.0,1258.0
440,4,40,3.0,9.0,299.0
441,4,41,1.0,5.0,378.0
442,4,42,18.0,12.0,2518.0
443,4,43,5.0,25.0,723.0
444,4,44,7.0,10.0,758.0
445,4,45,2.0,18.0,197.0
446,4,46,12.0,12.0,3436.0
447,4,47,20.0,24.0,2856.0
448,4,48,5.0,24.0,591.0
449,4,49,5.0,6.0,2925.0
450,4,50,5.0,16.0,727.0
451,4,51,2.0,16.0,753.0
452,4,52,22.0,9.0,2094.0
453,4,53,2.0,7.0,187.0
454,4,54,9.0,6.0,848.0
455,4,55,0.0,14.0,14.0
456,4,56,4.0,15.0,407.0
457,4,57,5.0,18.0,2780.0
458,4,58,4.0,12.0,1782.0
459,4,59,4.0,9.0,462.0
460,4,60,13.0,8.0,1177.0
461,4,61,1.0,14.0,299.0
462,4,62,3.0,15.0,1172.0
463,4,63,12.0,8.0,2546.0
464,4,64,10.0,18.0,1765.0
465,4,65,8.0,17.0,1160.0
466,4,66,5.0,13.0,1781.0
467,4,67,4.0,27.0,647.0
468,4,68,5.0,14.0,218.0
469,4,69,9.0,10.0,1639.0
470,4,70,10.0,7.0,907.0
471,4,71,13.0,5.0,636.0
472,4,72,1.0,17.0,172.0
473,4,73,13.0,23.0,3136.0
474,4,74,2.0,18.0,2495.0
475,4,75,15.0,13.0,628.0
476,4,76,10.0,33.0,3106.0
477,4,77,12.0,10.0,983.0
478,4,78,2.0,7.0,347.0
479,4,79,3.0,10.0,1096.0
480,4,80,9.0,33.0,1964.0
481,4,81,10.0,8.0,1749.0
482,4,82,22.0,56.0,1356.0
483,4,83,13.0,18.0,1719.0
484,4,84,3.0,9.0,340.0
485,4,85,,,
486,4,86,4.0,63.0,272.0
487,4,87,21.0,13.0,2721.0
488,4,88,6.0,45.0,1403.0
489,4,89,5.0,13.0,520.0
490,4,90,6.0,29.0,289.0
491,4,91,4.0,19.0,610.0
492,4,92,6.0,6.0,1426.0
493,4,93,0.0,6.0,6.0
494,4,94,2.0,19.0,356.0
495,4,95,1.0,16.0,1254.0
496,4,96,1.0,5.0,242.0
497,4,97,8.0,8.0,2099.0
498,4,98,10.0,19.0,1620.0
499,4,99,9.0,9.0,1206.0
