,Replay type,Individual,Convergence trial,Performance at Convergence,Time to Convergence
0,0,0,8.0,23.0,1744.0
1,0,1,2.0,25.0,623.0
2,0,2,17.0,13.0,1671.0
3,0,3,6.0,45.0,1144.0
4,0,4,4.0,35.0,841.0
5,0,5,12.0,5.0,1801.0
6,0,6,16.0,13.0,1871.0
7,0,7,1.0,17.0,305.0
8,0,8,14.0,12.0,1927.0
9,0,9,15.0,12.0,774.0
10,0,10,3.0,27.0,507.0
11,0,11,5.0,10.0,618.0
12,0,12,4.0,29.0,1212.0
13,0,13,7.0,14.0,1896.0
14,0,14,3.0,14.0,2225.0
15,0,15,4.0,41.0,639.0
16,0,16,14.0,6.0,1827.0
17,0,17,1.0,21.0,166.0
18,0,18,9.0,6.0,1303.0
19,0,19,9.0,6.0,1164.0
20,0,20,6.0,14.0,1171.0
21,0,21,6.0,11.0,1323.0
22,0,22,3.0,17.0,658.0
23,0,23,5.0,32.0,1022.0
24,0,24,6.0,27.0,1522.0
25,0,25,8.0,19.0,1705.0
26,0,26,12.0,18.0,2311.0
27,0,27,4.0,18.0,2676.0
28,0,28,10.0,12.0,2031.0
29,0,29,8.0,19.0,1445.0
30,0,30,13.0,7.0,3066.0
31,0,31,14.0,15.0,1383.0
32,0,32,12.0,9.0,1161.0
33,0,33,4.0,40.0,873.0
34,0,34,9.0,14.0,1690.0
35,0,35,13.0,10.0,1428.0
36,0,36,9.0,20.0,1596.0
37,0,37,4.0,11.0,615.0
38,0,38,8.0,22.0,967.0
39,0,39,8.0,7.0,430.0
40,0,40,5.0,27.0,408.0
41,0,41,17.0,11.0,639.0
42,0,42,4.0,19.0,1170.0
43,0,43,1.0,14.0,458.0
44,0,44,4.0,13.0,277.0
45,0,45,11.0,18.0,775.0
46,0,46,13.0,9.0,1400.0
47,0,47,2.0,29.0,1289.0
48,0,48,15.0,16.0,575.0
49,0,49,6.0,32.0,988.0
50,0,50,3.0,8.0,603.0
51,0,51,3.0,25.0,988.0
52,0,52,6.0,11.0,173.0
53,0,53,3.0,63.0,1066.0
54,0,54,7.0,10.0,486.0
55,0,55,1.0,13.0,278.0
56,0,56,4.0,32.0,3960.0
57,0,57,6.0,16.0,2040.0
58,0,58,11.0,29.0,1909.0
59,0,59,8.0,16.0,2147.0
60,0,60,2.0,18.0,701.0
61,0,61,7.0,5.0,914.0
62,0,62,11.0,15.0,2068.0
63,0,63,8.0,47.0,1021.0
64,0,64,8.0,11.0,1218.0
65,0,65,10.0,12.0,1865.0
66,0,66,5.0,24.0,509.0
67,0,67,10.0,14.0,550.0
68,0,68,9.0,15.0,1975.0
69,0,69,4.0,32.0,891.0
70,0,70,17.0,20.0,1068.0
71,0,71,9.0,9.0,2278.0
72,0,72,7.0,12.0,840.0
73,0,73,8.0,41.0,1827.0
74,0,74,15.0,28.0,1430.0
75,0,75,9.0,26.0,743.0
76,0,76,8.0,40.0,2739.0
77,0,77,2.0,32.0,885.0
78,0,78,9.0,9.0,671.0
79,0,79,15.0,19.0,1366.0
80,0,80,12.0,10.0,738.0
81,0,81,6.0,16.0,1330.0
82,0,82,3.0,42.0,582.0
83,0,83,3.0,17.0,411.0
84,0,84,3.0,22.0,1635.0
85,0,85,14.0,8.0,2045.0
86,0,86,10.0,11.0,2093.0
87,0,87,10.0,28.0,969.0
88,0,88,21.0,37.0,1874.0
89,0,89,2.0,13.0,351.0
90,0,90,16.0,21.0,1107.0
91,0,91,8.0,22.0,649.0
92,0,92,5.0,6.0,1694.0
93,0,93,,,
94,0,94,8.0,11.0,1374.0
95,0,95,3.0,16.0,1309.0
96,0,96,7.0,59.0,1850.0
97,0,97,16.0,10.0,3706.0
98,0,98,9.0,19.0,1904.0
99,0,99,7.0,13.0,663.0
100,1,0,1.0,28.0,710.0
101,1,1,16.0,12.0,3913.0
102,1,2,4.0,32.0,373.0
103,1,3,4.0,6.0,619.0
104,1,4,1.0,16.0,93.0
105,1,5,14.0,19.0,1268.0
106,1,6,3.0,9.0,376.0
107,1,7,1.0,42.0,2581.0
108,1,8,2.0,39.0,308.0
109,1,9,2.0,13.0,1992.0
110,1,10,1.0,11.0,102.0
111,1,11,7.0,10.0,209.0
112,1,12,3.0,7.0,126.0
113,1,13,11.0,17.0,3016.0
114,1,14,5.0,17.0,599.0
115,1,15,22.0,9.0,3414.0
116,1,16,,,
117,1,17,0.0,10.0,10.0
118,1,18,2.0,11.0,138.0
119,1,19,8.0,16.0,246.0
120,1,20,21.0,50.0,3541.0
121,1,21,11.0,13.0,644.0
122,1,22,4.0,19.0,384.0
123,1,23,,,
124,1,24,6.0,11.0,469.0
125,1,25,4.0,17.0,1092.0
126,1,26,4.0,21.0,529.0
127,1,27,7.0,24.0,1836.0
128,1,28,22.0,20.0,2093.0
129,1,29,3.0,10.0,1590.0
130,1,30,2.0,25.0,142.0
131,1,31,22.0,38.0,1571.0
132,1,32,1.0,19.0,59.0
133,1,33,,,
134,1,34,6.0,14.0,1895.0
135,1,35,21.0,11.0,1775.0
136,1,36,23.0,83.0,3030.0
137,1,37,4.0,16.0,2593.0
138,1,38,,,
139,1,39,20.0,26.0,3156.0
140,1,40,5.0,13.0,407.0
141,1,41,,,
142,1,42,3.0,33.0,2541.0
143,1,43,3.0,35.0,134.0
144,1,44,20.0,11.0,2598.0
145,1,45,5.0,8.0,452.0
146,1,46,,,
147,1,47,1.0,8.0,55.0
148,1,48,11.0,11.0,3445.0
149,1,49,4.0,22.0,567.0
150,1,50,2.0,27.0,661.0
151,1,51,1.0,7.0,180.0
152,1,52,4.0,13.0,1065.0
153,1,53,3.0,13.0,2975.0
154,1,54,8.0,7.0,1983.0
155,1,55,13.0,71.0,1637.0
156,1,56,1.0,7.0,132.0
157,1,57,,,
158,1,58,1.0,12.0,214.0
159,1,59,9.0,16.0,2913.0
160,1,60,3.0,8.0,1537.0
161,1,61,2.0,20.0,125.0
162,1,62,10.0,23.0,366.0
163,1,63,2.0,6.0,447.0
164,1,64,14.0,16.0,394.0
165,1,65,4.0,10.0,537.0
166,1,66,3.0,14.0,1955.0
167,1,67,19.0,14.0,4425.0
168,1,68,5.0,21.0,441.0
169,1,69,17.0,21.0,1906.0
170,1,70,8.0,37.0,1481.0
171,1,71,11.0,18.0,1423.0
172,1,72,13.0,16.0,411.0
173,1,73,5.0,6.0,503.0
174,1,74,5.0,8.0,853.0
175,1,75,3.0,12.0,779.0
176,1,76,1.0,41.0,856.0
177,1,77,3.0,10.0,171.0
178,1,78,4.0,10.0,441.0
179,1,79,12.0,9.0,1017.0
180,1,80,12.0,24.0,2456.0
181,1,81,,,
182,1,82,6.0,9.0,682.0
183,1,83,7.0,14.0,551.0
184,1,84,2.0,6.0,2076.0
185,1,85,4.0,11.0,1007.0
186,1,86,2.0,6.0,1665.0
187,1,87,10.0,22.0,776.0
188,1,88,,,
189,1,89,2.0,28.0,698.0
190,1,90,23.0,36.0,2612.0
191,1,91,10.0,41.0,783.0
192,1,92,6.0,17.0,614.0
193,1,93,1.0,6.0,30.0
194,1,94,16.0,28.0,3342.0
195,1,95,,,
196,1,96,10.0,8.0,1200.0
197,1,97,11.0,22.0,413.0
198,1,98,21.0,16.0,3669.0
199,1,99,2.0,10.0,314.0
200,2,0,3.0,33.0,522.0
201,2,1,,,
202,2,2,14.0,38.0,634.0
203,2,3,2.0,6.0,479.0
204,2,4,11.0,27.0,458.0
205,2,5,3.0,64.0,1018.0
206,2,6,10.0,25.0,1419.0
207,2,7,2.0,11.0,386.0
208,2,8,2.0,64.0,1008.0
209,2,9,6.0,6.0,407.0
210,2,10,17.0,196.0,3355.0
211,2,11,7.0,26.0,683.0
212,2,12,7.0,17.0,1033.0
213,2,13,,,
214,2,14,1.0,28.0,892.0
215,2,15,5.0,11.0,3383.0
216,2,16,14.0,17.0,2066.0
217,2,17,8.0,18.0,572.0
218,2,18,6.0,22.0,498.0
219,2,19,8.0,25.0,389.0
220,2,20,,,
221,2,21,3.0,13.0,422.0
222,2,22,2.0,12.0,473.0
223,2,23,3.0,10.0,891.0
224,2,24,4.0,17.0,550.0
225,2,25,4.0,12.0,382.0
226,2,26,11.0,22.0,1521.0
227,2,27,6.0,10.0,2034.0
228,2,28,5.0,21.0,3209.0
229,2,29,6.0,22.0,352.0
230,2,30,7.0,8.0,1412.0
231,2,31,4.0,20.0,514.0
232,2,32,1.0,7.0,116.0
233,2,33,6.0,12.0,544.0
234,2,34,20.0,36.0,1645.0
235,2,35,0.0,12.0,12.0
236,2,36,8.0,25.0,1160.0
237,2,37,4.0,12.0,1270.0
238,2,38,1.0,10.0,493.0
239,2,39,2.0,8.0,933.0
240,2,40,18.0,21.0,1931.0
241,2,41,15.0,22.0,2240.0
242,2,42,,,
243,2,43,3.0,33.0,281.0
244,2,44,15.0,58.0,2260.0
245,2,45,2.0,38.0,79.0
246,2,46,9.0,13.0,2923.0
247,2,47,11.0,20.0,938.0
248,2,48,6.0,50.0,964.0
249,2,49,8.0,25.0,590.0
250,2,50,,,
251,2,51,1.0,6.0,137.0
252,2,52,4.0,9.0,153.0
253,2,53,7.0,31.0,975.0
254,2,54,16.0,21.0,2515.0
255,2,55,5.0,24.0,1236.0
256,2,56,1.0,10.0,195.0
257,2,57,2.0,68.0,400.0
258,2,58,2.0,25.0,105.0
259,2,59,7.0,14.0,752.0
260,2,60,22.0,24.0,946.0
261,2,61,8.0,18.0,561.0
262,2,62,2.0,18.0,627.0
263,2,63,12.0,6.0,1204.0
264,2,64,16.0,15.0,741.0
265,2,65,9.0,6.0,1755.0
266,2,66,7.0,6.0,834.0
267,2,67,2.0,38.0,2054.0
268,2,68,19.0,29.0,1390.0
269,2,69,0.0,20.0,20.0
270,2,70,16.0,24.0,3561.0
271,2,71,8.0,46.0,906.0
272,2,72,1.0,8.0,230.0
273,2,73,8.0,24.0,379.0
274,2,74,2.0,9.0,809.0
275,2,75,1.0,9.0,379.0
276,2,76,20.0,21.0,2979.0
277,2,77,2.0,18.0,164.0
278,2,78,11.0,43.0,1130.0
279,2,79,5.0,18.0,866.0
280,2,80,2.0,22.0,1957.0
281,2,81,11.0,29.0,664.0
282,2,82,2.0,57.0,909.0
283,2,83,6.0,9.0,2466.0
284,2,84,5.0,40.0,268.0
285,2,85,6.0,15.0,884.0
286,2,86,15.0,26.0,2047.0
287,2,87,15.0,28.0,905.0
288,2,88,5.0,26.0,2634.0
289,2,89,1.0,33.0,479.0
290,2,90,6.0,21.0,1427.0
291,2,91,9.0,14.0,1082.0
292,2,92,7.0,38.0,503.0
293,2,93,4.0,14.0,172.0
294,2,94,21.0,93.0,2902.0
295,2,95,,,
296,2,96,21.0,10.0,629.0
297,2,97,2.0,13.0,510.0
298,2,98,6.0,26.0,459.0
299,2,99,6.0,7.0,791.0
300,3,0,,,
301,3,1,,,
302,3,2,,,
303,3,3,,,
304,3,4,,,
305,3,5,,,
306,3,6,,,
307,3,7,,,
308,3,8,,,
309,3,9,,,
310,3,10,,,
311,3,11,,,
312,3,12,,,
313,3,13,,,
314,3,14,,,
315,3,15,,,
316,3,16,,,
317,3,17,,,
318,3,18,,,
319,3,19,,,
320,3,20,,,
321,3,21,,,
322,3,22,,,
323,3,23,,,
324,3,24,,,
325,3,25,,,
326,3,26,,,
327,3,27,,,
328,3,28,,,
329,3,29,,,
330,3,30,,,
331,3,31,,,
332,3,32,,,
333,3,33,,,
334,3,34,,,
335,3,35,,,
336,3,36,,,
337,3,37,,,
338,3,38,,,
339,3,39,,,
340,3,40,,,
341,3,41,,,
342,3,42,,,
343,3,43,,,
344,3,44,,,
345,3,45,,,
346,3,46,,,
347,3,47,,,
348,3,48,,,
349,3,49,,,
350,3,50,,,
351,3,51,,,
352,3,52,,,
353,3,53,,,
354,3,54,,,
355,3,55,,,
356,3,56,,,
357,3,57,,,
358,3,58,,,
359,3,59,,,
360,3,60,,,
361,3,61,,,
362,3,62,,,
363,3,63,,,
364,3,64,,,
365,3,65,,,
366,3,66,,,
367,3,67,,,
368,3,68,,,
369,3,69,,,
370,3,70,,,
371,3,71,,,
372,3,72,,,
373,3,73,,,
374,3,74,,,
375,3,75,,,
376,3,76,,,
377,3,77,,,
378,3,78,,,
379,3,79,,,
380,3,80,,,
381,3,81,,,
382,3,82,,,
383,3,83,,,
384,3,84,,,
385,3,85,,,
386,3,86,,,
387,3,87,,,
388,3,88,,,
389,3,89,,,
390,3,90,,,
391,3,91,,,
392,3,92,,,
393,3,93,,,
394,3,94,,,
395,3,95,,,
396,3,96,,,
397,3,97,,,
398,3,98,,,
399,3,99,,,
400,4,0,3.0,31.0,162.0
401,4,1,4.0,13.0,3101.0
402,4,2,6.0,9.0,167.0
403,4,3,2.0,11.0,38.0
404,4,4,1.0,13.0,79.0
405,4,5,1.0,12.0,46.0
406,4,6,3.0,16.0,251.0
407,4,7,1.0,8.0,227.0
408,4,8,1.0,16.0,76.0
409,4,9,12.0,151.0,2180.0
410,4,10,2.0,9.0,256.0
411,4,11,1.0,6.0,481.0
412,4,12,2.0,8.0,170.0
413,4,13,1.0,14.0,724.0
414,4,14,1.0,7.0,129.0
415,4,15,1.0,28.0,915.0
416,4,16,3.0,15.0,332.0
417,4,17,0.0,9.0,9.0
418,4,18,14.0,14.0,330.0
419,4,19,1.0,7.0,79.0
420,4,20,3.0,22.0,226.0
421,4,21,23.0,17.0,5377.0
422,4,22,1.0,19.0,343.0
423,4,23,9.0,20.0,391.0
424,4,24,8.0,63.0,541.0
425,4,25,1.0,5.0,39.0
426,4,26,2.0,14.0,498.0
427,4,27,3.0,32.0,548.0
428,4,28,,,
429,4,29,1.0,8.0,149.0
430,4,30,1.0,4.0,18.0
431,4,31,2.0,18.0,143.0
432,4,32,1.0,5.0,99.0
433,4,33,1.0,6.0,302.0
434,4,34,23.0,513.0,5158.0
435,4,35,1.0,5.0,146.0
436,4,36,6.0,12.0,1194.0
437,4,37,13.0,31.0,2167.0
438,4,38,1.0,7.0,189.0
439,4,39,3.0,10.0,651.0
440,4,40,1.0,10.0,138.0
441,4,41,23.0,30.0,5042.0
442,4,42,,,
443,4,43,1.0,9.0,2604.0
444,4,44,9.0,11.0,1509.0
445,4,45,2.0,12.0,130.0
446,4,46,1.0,13.0,558.0
447,4,47,0.0,14.0,14.0
448,4,48,21.0,13.0,675.0
449,4,49,,,
450,4,50,,,
451,4,51,2.0,16.0,103.0
452,4,52,1.0,12.0,197.0
453,4,53,6.0,19.0,165.0
454,4,54,1.0,14.0,484.0
455,4,55,2.0,7.0,135.0
456,4,56,2.0,5.0,606.0
457,4,57,1.0,6.0,146.0
458,4,58,5.0,13.0,441.0
459,4,59,1.0,6.0,76.0
460,4,60,1.0,16.0,491.0
461,4,61,8.0,21.0,206.0
462,4,62,1.0,15.0,723.0
463,4,63,1.0,6.0,304.0
464,4,64,2.0,7.0,134.0
465,4,65,,,
466,4,66,3.0,13.0,2536.0
467,4,67,1.0,5.0,422.0
468,4,68,1.0,9.0,427.0
469,4,69,5.0,12.0,165.0
470,4,70,6.0,9.0,335.0
471,4,71,23.0,24.0,1908.0
472,4,72,8.0,11.0,667.0
473,4,73,3.0,25.0,125.0
474,4,74,1.0,6.0,232.0
475,4,75,16.0,8.0,798.0
476,4,76,2.0,20.0,734.0
477,4,77,20.0,12.0,12179.0
478,4,78,0.0,8.0,8.0
479,4,79,2.0,34.0,645.0
480,4,80,7.0,25.0,1104.0
481,4,81,,,
482,4,82,23.0,30.0,949.0
483,4,83,3.0,11.0,108.0
484,4,84,5.0,6.0,187.0
485,4,85,2.0,14.0,456.0
486,4,86,22.0,22.0,9683.0
487,4,87,2.0,15.0,119.0
488,4,88,1.0,7.0,677.0
489,4,89,20.0,8.0,441.0
490,4,90,22.0,16.0,1843.0
491,4,91,4.0,22.0,1537.0
492,4,92,5.0,14.0,128.0
493,4,93,1.0,6.0,80.0
494,4,94,3.0,17.0,72.0
495,4,95,1.0,9.0,69.0
496,4,96,1.0,16.0,777.0
497,4,97,1.0,9.0,171.0
498,4,98,12.0,26.0,745.0
499,4,99,0.0,11.0,11.0
