,Replay type,Individual,Trial,Performance
0,0,0,0,8
1,0,0,1,48
2,0,0,2,8
3,0,0,3,15
4,0,0,4,3
5,0,0,5,7
6,0,1,0,5
7,0,1,1,3
8,0,1,2,4
9,0,1,3,4
10,0,1,4,6
11,0,1,5,5
12,0,2,0,4
13,0,2,1,4
14,0,2,2,8
15,0,2,3,4
16,0,2,4,4
17,0,2,5,15
18,0,3,0,16
19,0,3,1,13
20,0,3,2,4
21,0,3,3,34
22,0,3,4,15
23,0,3,5,24
24,0,4,0,59
25,0,4,1,104
26,0,4,2,37
27,0,4,3,26
28,0,4,4,7
29,0,4,5,103
30,0,5,0,13
31,0,5,1,42
32,0,5,2,22
33,0,5,3,17
34,0,5,4,14
35,0,5,5,3
36,0,6,0,10
37,0,6,1,6
38,0,6,2,8
39,0,6,3,7
40,0,6,4,6
41,0,6,5,26
42,0,7,0,22
43,0,7,1,21
44,0,7,2,26
45,0,7,3,14
46,0,7,4,13
47,0,7,5,9
48,0,8,0,9
49,0,8,1,18
50,0,8,2,2
51,0,8,3,7
52,0,8,4,6
53,0,8,5,6
54,0,9,0,10
55,0,9,1,8
56,0,9,2,15
57,0,9,3,9
58,0,9,4,15
59,0,9,5,19
60,0,10,0,5
61,0,10,1,3
62,0,10,2,3
63,0,10,3,4
64,0,10,4,4
65,0,10,5,3
66,0,11,0,34
67,0,11,1,11
68,0,11,2,10
69,0,11,3,15
70,0,11,4,7
71,0,11,5,6
72,0,12,0,46
73,0,12,1,8
74,0,12,2,43
75,0,12,3,12
76,0,12,4,9
77,0,12,5,68
78,0,13,0,8
79,0,13,1,19
80,0,13,2,5
81,0,13,3,7
82,0,13,4,5
83,0,13,5,9
84,0,14,0,11
85,0,14,1,8
86,0,14,2,44
87,0,14,3,41
88,0,14,4,3
89,0,14,5,6
90,0,15,0,15
91,0,15,1,5
92,0,15,2,9
93,0,15,3,5
94,0,15,4,6
95,0,15,5,5
96,0,16,0,5
97,0,16,1,10
98,0,16,2,10
99,0,16,3,13
100,0,16,4,10
101,0,16,5,9
102,0,17,0,16
103,0,17,1,6
104,0,17,2,27
105,0,17,3,24
106,0,17,4,7
107,0,17,5,14
108,0,18,0,5
109,0,18,1,25
110,0,18,2,3
111,0,18,3,10
112,0,18,4,23
113,0,18,5,3
114,0,19,0,21
115,0,19,1,18
116,0,19,2,15
117,0,19,3,10
118,0,19,4,14
119,0,19,5,12
120,0,20,0,6
121,0,20,1,4
122,0,20,2,4
123,0,20,3,5
124,0,20,4,5
125,0,20,5,3
126,0,21,0,8
127,0,21,1,7
128,0,21,2,5
129,0,21,3,4
130,0,21,4,4
131,0,21,5,8
132,0,22,0,16
133,0,22,1,8
134,0,22,2,18
135,0,22,3,5
136,0,22,4,5
137,0,22,5,7
138,0,23,0,5
139,0,23,1,9
140,0,23,2,7
141,0,23,3,7
142,0,23,4,7
143,0,23,5,7
144,0,24,0,24
145,0,24,1,5
146,0,24,2,15
147,0,24,3,14
148,0,24,4,10
149,0,24,5,4
150,0,25,0,4
151,0,25,1,4
152,0,25,2,19
153,0,25,3,4
154,0,25,4,10
155,0,25,5,27
156,0,26,0,7
157,0,26,1,7
158,0,26,2,7
159,0,26,3,8
160,0,26,4,7
161,0,26,5,5
162,0,27,0,6
163,0,27,1,4
164,0,27,2,4
165,0,27,3,6
166,0,27,4,4
167,0,27,5,6
168,0,28,0,26
169,0,28,1,9
170,0,28,2,15
171,0,28,3,25
172,0,28,4,38
173,0,28,5,3
174,0,29,0,6
175,0,29,1,8
176,0,29,2,5
177,0,29,3,8
178,0,29,4,5
179,0,29,5,21
180,0,30,0,6
181,0,30,1,17
182,0,30,2,57
183,0,30,3,9
184,0,30,4,6
185,0,30,5,11
186,0,31,0,14
187,0,31,1,22
188,0,31,2,9
189,0,31,3,15
190,0,31,4,17
191,0,31,5,7
192,0,32,0,13
193,0,32,1,173
194,0,32,2,15
195,0,32,3,4
196,0,32,4,13
197,0,32,5,19
198,0,33,0,8
199,0,33,1,49
200,0,33,2,4
201,0,33,3,6
202,0,33,4,12
203,0,33,5,54
204,0,34,0,11
205,0,34,1,10
206,0,34,2,5
207,0,34,3,7
208,0,34,4,5
209,0,34,5,3
210,0,35,0,21
211,0,35,1,10
212,0,35,2,11
213,0,35,3,7
214,0,35,4,18
215,0,35,5,11
216,0,36,0,7
217,0,36,1,4
218,0,36,2,6
219,0,36,3,6
220,0,36,4,5
221,0,36,5,6
222,0,37,0,8
223,0,37,1,8
224,0,37,2,8
225,0,37,3,8
226,0,37,4,13
227,0,37,5,7
228,0,38,0,18
229,0,38,1,15
230,0,38,2,16
231,0,38,3,16
232,0,38,4,8
233,0,38,5,16
234,0,39,0,4
235,0,39,1,6
236,0,39,2,7
237,0,39,3,5
238,0,39,4,16
239,0,39,5,4
240,0,40,0,8
241,0,40,1,46
242,0,40,2,6
243,0,40,3,7
244,0,40,4,19
245,0,40,5,9
246,0,41,0,3
247,0,41,1,3
248,0,41,2,3
249,0,41,3,3
250,0,41,4,3
251,0,41,5,3
252,0,42,0,14
253,0,42,1,14
254,0,42,2,10
255,0,42,3,7
256,0,42,4,13
257,0,42,5,6
258,0,43,0,6
259,0,43,1,3
260,0,43,2,3
261,0,43,3,4
262,0,43,4,4
263,0,43,5,5
264,0,44,0,8
265,0,44,1,10
266,0,44,2,6
267,0,44,3,9
268,0,44,4,9
269,0,44,5,26
270,0,45,0,12
271,0,45,1,9
272,0,45,2,6
273,0,45,3,5
274,0,45,4,4
275,0,45,5,13
276,0,46,0,7
277,0,46,1,27
278,0,46,2,10
279,0,46,3,13
280,0,46,4,7
281,0,46,5,17
282,0,47,0,5
283,0,47,1,4
284,0,47,2,3
285,0,47,3,4
286,0,47,4,4
287,0,47,5,40
288,0,48,0,9
289,0,48,1,7
290,0,48,2,5
291,0,48,3,5
292,0,48,4,6
293,0,48,5,8
294,0,49,0,7
295,0,49,1,4
296,0,49,2,4
297,0,49,3,6
298,0,49,4,5
299,0,49,5,3
300,0,50,0,9
301,0,50,1,10
302,0,50,2,10
303,0,50,3,7
304,0,50,4,9
305,0,50,5,7
306,0,51,0,16
307,0,51,1,35
308,0,51,2,19
309,0,51,3,23
310,0,51,4,7
311,0,51,5,16
312,0,52,0,3
313,0,52,1,3
314,0,52,2,3
315,0,52,3,3
316,0,52,4,4
317,0,52,5,3
318,0,53,0,20
319,0,53,1,15
320,0,53,2,31
321,0,53,3,5
322,0,53,4,15
323,0,53,5,5
324,0,54,0,16
325,0,54,1,32
326,0,54,2,14
327,0,54,3,27
328,0,54,4,15
329,0,54,5,17
330,0,55,0,68
331,0,55,1,20
332,0,55,2,63
333,0,55,3,91
334,0,55,4,17
335,0,55,5,13
336,0,56,0,21
337,0,56,1,6
338,0,56,2,5
339,0,56,3,7
340,0,56,4,8
341,0,56,5,6
342,0,57,0,5
343,0,57,1,6
344,0,57,2,8
345,0,57,3,8
346,0,57,4,16
347,0,57,5,7
348,0,58,0,3
349,0,58,1,4
350,0,58,2,5
351,0,58,3,6
352,0,58,4,4
353,0,58,5,6
354,0,59,0,40
355,0,59,1,29
356,0,59,2,16
357,0,59,3,99
358,0,59,4,6
359,0,59,5,88
360,0,60,0,99
361,0,60,1,4
362,0,60,2,6
363,0,60,3,10
364,0,60,4,17
365,0,60,5,19
366,0,61,0,18
367,0,61,1,32
368,0,61,2,13
369,0,61,3,7
370,0,61,4,20
371,0,61,5,4
372,0,62,0,5
373,0,62,1,23
374,0,62,2,17
375,0,62,3,27
376,0,62,4,12
377,0,62,5,9
378,0,63,0,26
379,0,63,1,12
380,0,63,2,4
381,0,63,3,5
382,0,63,4,5
383,0,63,5,4
384,0,64,0,4
385,0,64,1,4
386,0,64,2,5
387,0,64,3,4
388,0,64,4,4
389,0,64,5,11
390,0,65,0,10
391,0,65,1,13
392,0,65,2,12
393,0,65,3,8
394,0,65,4,44
395,0,65,5,22
396,0,66,0,10
397,0,66,1,7
398,0,66,2,10
399,0,66,3,9
400,0,66,4,14
401,0,66,5,8
402,0,67,0,5
403,0,67,1,7
404,0,67,2,4
405,0,67,3,4
406,0,67,4,5
407,0,67,5,9
408,0,68,0,9
409,0,68,1,9
410,0,68,2,14
411,0,68,3,21
412,0,68,4,22
413,0,68,5,12
414,0,69,0,10
415,0,69,1,4
416,0,69,2,4
417,0,69,3,4
418,0,69,4,10
419,0,69,5,17
420,0,70,0,24
421,0,70,1,8
422,0,70,2,4
423,0,70,3,4
424,0,70,4,45
425,0,70,5,15
426,0,71,0,67
427,0,71,1,19
428,0,71,2,6
429,0,71,3,4
430,0,71,4,6
431,0,71,5,29
432,0,72,0,10
433,0,72,1,14
434,0,72,2,23
435,0,72,3,7
436,0,72,4,9
437,0,72,5,49
438,0,73,0,3
439,0,73,1,33
440,0,73,2,5
441,0,73,3,18
442,0,73,4,12
443,0,73,5,27
444,0,74,0,7
445,0,74,1,3
446,0,74,2,5
447,0,74,3,5
448,0,74,4,3
449,0,74,5,4
450,0,75,0,5
451,0,75,1,4
452,0,75,2,10
453,0,75,3,4
454,0,75,4,4
455,0,75,5,4
456,0,76,0,3
457,0,76,1,5
458,0,76,2,10
459,0,76,3,7
460,0,76,4,12
461,0,76,5,8
462,0,77,0,16
463,0,77,1,10
464,0,77,2,19
465,0,77,3,18
466,0,77,4,9
467,0,77,5,18
468,0,78,0,8
469,0,78,1,24
470,0,78,2,23
471,0,78,3,22
472,0,78,4,14
473,0,78,5,13
474,0,79,0,8
475,0,79,1,12
476,0,79,2,3
477,0,79,3,11
478,0,79,4,6
479,0,79,5,14
480,0,80,0,7
481,0,80,1,17
482,0,80,2,10
483,0,80,3,19
484,0,80,4,7
485,0,80,5,9
486,0,81,0,31
487,0,81,1,9
488,0,81,2,7
489,0,81,3,6
490,0,81,4,6
491,0,81,5,6
492,0,82,0,10
493,0,82,1,30
494,0,82,2,40
495,0,82,3,6
496,0,82,4,22
497,0,82,5,13
498,0,83,0,16
499,0,83,1,13
500,0,83,2,18
501,0,83,3,7
502,0,83,4,8
503,0,83,5,12
504,0,84,0,20
505,0,84,1,8
506,0,84,2,9
507,0,84,3,3
508,0,84,4,8
509,0,84,5,3
510,0,85,0,7
511,0,85,1,15
512,0,85,2,7
513,0,85,3,8
514,0,85,4,5
515,0,85,5,6
516,0,86,0,6
517,0,86,1,11
518,0,86,2,9
519,0,86,3,5
520,0,86,4,5
521,0,86,5,5
522,0,87,0,4
523,0,87,1,8
524,0,87,2,6
525,0,87,3,5
526,0,87,4,4
527,0,87,5,4
528,0,88,0,8
529,0,88,1,9
530,0,88,2,5
531,0,88,3,6
532,0,88,4,11
533,0,88,5,5
534,0,89,0,22
535,0,89,1,7
536,0,89,2,4
537,0,89,3,11
538,0,89,4,19
539,0,89,5,26
540,0,90,0,73
541,0,90,1,72
542,0,90,2,32
543,0,90,3,17
544,0,90,4,31
545,0,90,5,66
546,0,91,0,23
547,0,91,1,5
548,0,91,2,4
549,0,91,3,5
550,0,91,4,6
551,0,91,5,5
552,0,92,0,6
553,0,92,1,6
554,0,92,2,12
555,0,92,3,9
556,0,92,4,6
557,0,92,5,5
558,0,93,0,28
559,0,93,1,35
560,0,93,2,36
561,0,93,3,27
562,0,93,4,30
563,0,93,5,4
564,0,94,0,5
565,0,94,1,15
566,0,94,2,5
567,0,94,3,8
568,0,94,4,7
569,0,94,5,6
570,0,95,0,8
571,0,95,1,25
572,0,95,2,7
573,0,95,3,4
574,0,95,4,7
575,0,95,5,4
576,0,96,0,5
577,0,96,1,32
578,0,96,2,51
579,0,96,3,9
580,0,96,4,5
581,0,96,5,24
582,0,97,0,4
583,0,97,1,16
584,0,97,2,13
585,0,97,3,5
586,0,97,4,5
587,0,97,5,4
588,0,98,0,8
589,0,98,1,35
590,0,98,2,7
591,0,98,3,10
592,0,98,4,11
593,0,98,5,7
594,0,99,0,9
595,0,99,1,23
596,0,99,2,6
597,0,99,3,18
598,0,99,4,5
599,0,99,5,30
600,1,0,0,9
601,1,0,1,5
602,1,0,2,27
603,1,0,3,4
604,1,0,4,11
605,1,0,5,5
606,1,1,0,5
607,1,1,1,3
608,1,1,2,4
609,1,1,3,4
610,1,1,4,7
611,1,1,5,4
612,1,2,0,4
613,1,2,1,4
614,1,2,2,8
615,1,2,3,4
616,1,2,4,4
617,1,2,5,10
618,1,3,0,26
619,1,3,1,10
620,1,3,2,20
621,1,3,3,6
622,1,3,4,5
623,1,3,5,7
624,1,4,0,34
625,1,4,1,4
626,1,4,2,21
627,1,4,3,104
628,1,4,4,9
629,1,4,5,28
630,1,5,0,14
631,1,5,1,12
632,1,5,2,8
633,1,5,3,3
634,1,5,4,3
635,1,5,5,3
636,1,6,0,11
637,1,6,1,7
638,1,6,2,10
639,1,6,3,9
640,1,6,4,11
641,1,6,5,7
642,1,7,0,10
643,1,7,1,8
644,1,7,2,7
645,1,7,3,7
646,1,7,4,15
647,1,7,5,15
648,1,8,0,6
649,1,8,1,9
650,1,8,2,6
651,1,8,3,8
652,1,8,4,9
653,1,8,5,6
654,1,9,0,5
655,1,9,1,6
656,1,9,2,4
657,1,9,3,7
658,1,9,4,5
659,1,9,5,9
660,1,10,0,3
661,1,10,1,4
662,1,10,2,4
663,1,10,3,4
664,1,10,4,4
665,1,10,5,3
666,1,11,0,18
667,1,11,1,11
668,1,11,2,11
669,1,11,3,5
670,1,11,4,13
671,1,11,5,12
672,1,12,0,17
673,1,12,1,4
674,1,12,2,5
675,1,12,3,7
676,1,12,4,4
677,1,12,5,12
678,1,13,0,4
679,1,13,1,5
680,1,13,2,14
681,1,13,3,10
682,1,13,4,6
683,1,13,5,16
684,1,14,0,10
685,1,14,1,3
686,1,14,2,6
687,1,14,3,28
688,1,14,4,33
689,1,14,5,5
690,1,15,0,15
691,1,15,1,5
692,1,15,2,9
693,1,15,3,5
694,1,15,4,6
695,1,15,5,5
696,1,16,0,5
697,1,16,1,6
698,1,16,2,8
699,1,16,3,9
700,1,16,4,10
701,1,16,5,10
702,1,17,0,11
703,1,17,1,7
704,1,17,2,17
705,1,17,3,14
706,1,17,4,5
707,1,17,5,5
708,1,18,0,14
709,1,18,1,20
710,1,18,2,9
711,1,18,3,23
712,1,18,4,3
713,1,18,5,3
714,1,19,0,12
715,1,19,1,23
716,1,19,2,16
717,1,19,3,9
718,1,19,4,4
719,1,19,5,11
720,1,20,0,10
721,1,20,1,4
722,1,20,2,5
723,1,20,3,5
724,1,20,4,3
725,1,20,5,5
726,1,21,0,4
727,1,21,1,5
728,1,21,2,6
729,1,21,3,5
730,1,21,4,4
731,1,21,5,4
732,1,22,0,6
733,1,22,1,7
734,1,22,2,8
735,1,22,3,6
736,1,22,4,7
737,1,22,5,6
738,1,23,0,5
739,1,23,1,9
740,1,23,2,7
741,1,23,3,7
742,1,23,4,7
743,1,23,5,7
744,1,24,0,24
745,1,24,1,3
746,1,24,2,3
747,1,24,3,3
748,1,24,4,11
749,1,24,5,6
750,1,25,0,4
751,1,25,1,4
752,1,25,2,16
753,1,25,3,10
754,1,25,4,4
755,1,25,5,20
756,1,26,0,7
757,1,26,1,7
758,1,26,2,7
759,1,26,3,8
760,1,26,4,7
761,1,26,5,5
762,1,27,0,6
763,1,27,1,4
764,1,27,2,4
765,1,27,3,6
766,1,27,4,4
767,1,27,5,6
768,1,28,0,3
769,1,28,1,5
770,1,28,2,17
771,1,28,3,3
772,1,28,4,5
773,1,28,5,3
774,1,29,0,6
775,1,29,1,8
776,1,29,2,6
777,1,29,3,7
778,1,29,4,6
779,1,29,5,20
780,1,30,0,6
781,1,30,1,11
782,1,30,2,13
783,1,30,3,14
784,1,30,4,15
785,1,30,5,8
786,1,31,0,7
787,1,31,1,7
788,1,31,2,11
789,1,31,3,6
790,1,31,4,17
791,1,31,5,12
792,1,32,0,3
793,1,32,1,55
794,1,32,2,10
795,1,32,3,58
796,1,32,4,5
797,1,32,5,25
798,1,33,0,38
799,1,33,1,10
800,1,33,2,12
801,1,33,3,3
802,1,33,4,6
803,1,33,5,13
804,1,34,0,3
805,1,34,1,8
806,1,34,2,10
807,1,34,3,5
808,1,34,4,7
809,1,34,5,5
810,1,35,0,9
811,1,35,1,12
812,1,35,2,12
813,1,35,3,7
814,1,35,4,11
815,1,35,5,12
816,1,36,0,7
817,1,36,1,4
818,1,36,2,6
819,1,36,3,6
820,1,36,4,5
821,1,36,5,6
822,1,37,0,9
823,1,37,1,6
824,1,37,2,12
825,1,37,3,7
826,1,37,4,7
827,1,37,5,10
828,1,38,0,18
829,1,38,1,15
830,1,38,2,16
831,1,38,3,23
832,1,38,4,17
833,1,38,5,23
834,1,39,0,5
835,1,39,1,5
836,1,39,2,7
837,1,39,3,5
838,1,39,4,7
839,1,39,5,4
840,1,40,0,8
841,1,40,1,7
842,1,40,2,13
843,1,40,3,50
844,1,40,4,24
845,1,40,5,7
846,1,41,0,3
847,1,41,1,3
848,1,41,2,3
849,1,41,3,3
850,1,41,4,3
851,1,41,5,3
852,1,42,0,14
853,1,42,1,14
854,1,42,2,17
855,1,42,3,13
856,1,42,4,6
857,1,42,5,15
858,1,43,0,6
859,1,43,1,3
860,1,43,2,3
861,1,43,3,4
862,1,43,4,4
863,1,43,5,8
864,1,44,0,8
865,1,44,1,10
866,1,44,2,6
867,1,44,3,9
868,1,44,4,9
869,1,44,5,16
870,1,45,0,5
871,1,45,1,7
872,1,45,2,5
873,1,45,3,4
874,1,45,4,6
875,1,45,5,5
876,1,46,0,7
877,1,46,1,6
878,1,46,2,5
879,1,46,3,16
880,1,46,4,7
881,1,46,5,10
882,1,47,0,3
883,1,47,1,3
884,1,47,2,3
885,1,47,3,3
886,1,47,4,4
887,1,47,5,4
888,1,48,0,9
889,1,48,1,7
890,1,48,2,26
891,1,48,3,6
892,1,48,4,10
893,1,48,5,9
894,1,49,0,4
895,1,49,1,4
896,1,49,2,3
897,1,49,3,4
898,1,49,4,6
899,1,49,5,5
900,1,50,0,9
901,1,50,1,10
902,1,50,2,10
903,1,50,3,7
904,1,50,4,16
905,1,50,5,12
906,1,51,0,14
907,1,51,1,15
908,1,51,2,22
909,1,51,3,15
910,1,51,4,9
911,1,51,5,10
912,1,52,0,3
913,1,52,1,3
914,1,52,2,3
915,1,52,3,3
916,1,52,4,4
917,1,52,5,3
918,1,53,0,20
919,1,53,1,15
920,1,53,2,14
921,1,53,3,5
922,1,53,4,4
923,1,53,5,13
924,1,54,0,13
925,1,54,1,10
926,1,54,2,21
927,1,54,3,7
928,1,54,4,6
929,1,54,5,19
930,1,55,0,18
931,1,55,1,61
932,1,55,2,17
933,1,55,3,24
934,1,55,4,5
935,1,55,5,5
936,1,56,0,5
937,1,56,1,3
938,1,56,2,4
939,1,56,3,4
940,1,56,4,5
941,1,56,5,3
942,1,57,0,5
943,1,57,1,6
944,1,57,2,8
945,1,57,3,8
946,1,57,4,15
947,1,57,5,5
948,1,58,0,3
949,1,58,1,4
950,1,58,2,5
951,1,58,3,6
952,1,58,4,4
953,1,58,5,6
954,1,59,0,25
955,1,59,1,62
956,1,59,2,26
957,1,59,3,36
958,1,59,4,20
959,1,59,5,15
960,1,60,0,5
961,1,60,1,13
962,1,60,2,7
963,1,60,3,8
964,1,60,4,6
965,1,60,5,6
966,1,61,0,15
967,1,61,1,8
968,1,61,2,7
969,1,61,3,9
970,1,61,4,4
971,1,61,5,4
972,1,62,0,6
973,1,62,1,7
974,1,62,2,5
975,1,62,3,10
976,1,62,4,5
977,1,62,5,5
978,1,63,0,4
979,1,63,1,9
980,1,63,2,6
981,1,63,3,4
982,1,63,4,6
983,1,63,5,10
984,1,64,0,4
985,1,64,1,4
986,1,64,2,5
987,1,64,3,4
988,1,64,4,4
989,1,64,5,11
990,1,65,0,14
991,1,65,1,18
992,1,65,2,11
993,1,65,3,22
994,1,65,4,4
995,1,65,5,53
996,1,66,0,7
997,1,66,1,19
998,1,66,2,15
999,1,66,3,17
1000,1,66,4,8
1001,1,66,5,17
1002,1,67,0,5
1003,1,67,1,7
1004,1,67,2,4
1005,1,67,3,4
1006,1,67,4,5
1007,1,67,5,9
1008,1,68,0,9
1009,1,68,1,9
1010,1,68,2,30
1011,1,68,3,12
1012,1,68,4,10
1013,1,68,5,13
1014,1,69,0,10
1015,1,69,1,6
1016,1,69,2,12
1017,1,69,3,9
1018,1,69,4,27
1019,1,69,5,8
1020,1,70,0,5
1021,1,70,1,7
1022,1,70,2,3
1023,1,70,3,5
1024,1,70,4,8
1025,1,70,5,4
1026,1,71,0,6
1027,1,71,1,8
1028,1,71,2,7
1029,1,71,3,5
1030,1,71,4,5
1031,1,71,5,8
1032,1,72,0,16
1033,1,72,1,13
1034,1,72,2,12
1035,1,72,3,15
1036,1,72,4,11
1037,1,72,5,12
1038,1,73,0,12
1039,1,73,1,11
1040,1,73,2,10
1041,1,73,3,8
1042,1,73,4,6
1043,1,73,5,8
1044,1,74,0,3
1045,1,74,1,4
1046,1,74,2,3
1047,1,74,3,5
1048,1,74,4,5
1049,1,74,5,3
1050,1,75,0,5
1051,1,75,1,4
1052,1,75,2,4
1053,1,75,3,4
1054,1,75,4,5
1055,1,75,5,6
1056,1,76,0,3
1057,1,76,1,5
1058,1,76,2,10
1059,1,76,3,7
1060,1,76,4,12
1061,1,76,5,8
1062,1,77,0,10
1063,1,77,1,11
1064,1,77,2,10
1065,1,77,3,10
1066,1,77,4,9
1067,1,77,5,10
1068,1,78,0,9
1069,1,78,1,11
1070,1,78,2,10
1071,1,78,3,9
1072,1,78,4,16
1073,1,78,5,11
1074,1,79,0,8
1075,1,79,1,12
1076,1,79,2,3
1077,1,79,3,11
1078,1,79,4,6
1079,1,79,5,14
1080,1,80,0,7
1081,1,80,1,25
1082,1,80,2,10
1083,1,80,3,4
1084,1,80,4,5
1085,1,80,5,5
1086,1,81,0,7
1087,1,81,1,6
1088,1,81,2,8
1089,1,81,3,5
1090,1,81,4,6
1091,1,81,5,6
1092,1,82,0,10
1093,1,82,1,8
1094,1,82,2,16
1095,1,82,3,7
1096,1,82,4,12
1097,1,82,5,24
1098,1,83,0,16
1099,1,83,1,13
1100,1,83,2,15
1101,1,83,3,12
1102,1,83,4,3
1103,1,83,5,7
1104,1,84,0,4
1105,1,84,1,14
1106,1,84,2,3
1107,1,84,3,4
1108,1,84,4,3
1109,1,84,5,3
1110,1,85,0,7
1111,1,85,1,6
1112,1,85,2,13
1113,1,85,3,3
1114,1,85,4,5
1115,1,85,5,5
1116,1,86,0,6
1117,1,86,1,11
1118,1,86,2,9
1119,1,86,3,5
1120,1,86,4,5
1121,1,86,5,5
1122,1,87,0,4
1123,1,87,1,4
1124,1,87,2,4
1125,1,87,3,11
1126,1,87,4,4
1127,1,87,5,4
1128,1,88,0,5
1129,1,88,1,4
1130,1,88,2,6
1131,1,88,3,7
1132,1,88,4,6
1133,1,88,5,11
1134,1,89,0,9
1135,1,89,1,4
1136,1,89,2,15
1137,1,89,3,20
1138,1,89,4,15
1139,1,89,5,36
1140,1,90,0,25
1141,1,90,1,15
1142,1,90,2,35
1143,1,90,3,19
1144,1,90,4,4
1145,1,90,5,40
1146,1,91,0,5
1147,1,91,1,5
1148,1,91,2,5
1149,1,91,3,4
1150,1,91,4,4
1151,1,91,5,5
1152,1,92,0,6
1153,1,92,1,6
1154,1,92,2,7
1155,1,92,3,4
1156,1,92,4,5
1157,1,92,5,5
1158,1,93,0,25
1159,1,93,1,4
1160,1,93,2,19
1161,1,93,3,15
1162,1,93,4,26
1163,1,93,5,5
1164,1,94,0,6
1165,1,94,1,8
1166,1,94,2,8
1167,1,94,3,9
1168,1,94,4,4
1169,1,94,5,4
1170,1,95,0,8
1171,1,95,1,5
1172,1,95,2,5
1173,1,95,3,3
1174,1,95,4,5
1175,1,95,5,4
1176,1,96,0,5
1177,1,96,1,5
1178,1,96,2,3
1179,1,96,3,3
1180,1,96,4,12
1181,1,96,5,5
1182,1,97,0,4
1183,1,97,1,4
1184,1,97,2,3
1185,1,97,3,6
1186,1,97,4,3
1187,1,97,5,6
1188,1,98,0,6
1189,1,98,1,7
1190,1,98,2,37
1191,1,98,3,7
1192,1,98,4,3
1193,1,98,5,13
1194,1,99,0,17
1195,1,99,1,5
1196,1,99,2,6
1197,1,99,3,6
1198,1,99,4,10
1199,1,99,5,14
1200,2,0,0,4
1201,2,0,1,6
1202,2,0,2,4
1203,2,0,3,4
1204,2,0,4,16
1205,2,0,5,22
1206,2,1,0,5
1207,2,1,1,3
1208,2,1,2,4
1209,2,1,3,8
1210,2,1,4,3
1211,2,1,5,4
1212,2,2,0,4
1213,2,2,1,4
1214,2,2,2,8
1215,2,2,3,4
1216,2,2,4,4
1217,2,2,5,10
1218,2,3,0,4
1219,2,3,1,4
1220,2,3,2,4
1221,2,3,3,4
1222,2,3,4,4
1223,2,3,5,4
1224,2,4,0,19
1225,2,4,1,5
1226,2,4,2,6
1227,2,4,3,6
1228,2,4,4,23
1229,2,4,5,86
1230,2,5,0,4
1231,2,5,1,6
1232,2,5,2,3
1233,2,5,3,3
1234,2,5,4,3
1235,2,5,5,6
1236,2,6,0,11
1237,2,6,1,7
1238,2,6,2,10
1239,2,6,3,9
1240,2,6,4,9
1241,2,6,5,7
1242,2,7,0,10
1243,2,7,1,10
1244,2,7,2,7
1245,2,7,3,12
1246,2,7,4,7
1247,2,7,5,13
1248,2,8,0,6
1249,2,8,1,9
1250,2,8,2,6
1251,2,8,3,8
1252,2,8,4,9
1253,2,8,5,6
1254,2,9,0,6
1255,2,9,1,3
1256,2,9,2,3
1257,2,9,3,3
1258,2,9,4,3
1259,2,9,5,4
1260,2,10,0,3
1261,2,10,1,4
1262,2,10,2,4
1263,2,10,3,4
1264,2,10,4,4
1265,2,10,5,3
1266,2,11,0,18
1267,2,11,1,8
1268,2,11,2,12
1269,2,11,3,6
1270,2,11,4,3
1271,2,11,5,12
1272,2,12,0,14
1273,2,12,1,4
1274,2,12,2,4
1275,2,12,3,4
1276,2,12,4,7
1277,2,12,5,4
1278,2,13,0,6
1279,2,13,1,8
1280,2,13,2,13
1281,2,13,3,8
1282,2,13,4,4
1283,2,13,5,14
1284,2,14,0,3
1285,2,14,1,9
1286,2,14,2,7
1287,2,14,3,4
1288,2,14,4,6
1289,2,14,5,8
1290,2,15,0,5
1291,2,15,1,8
1292,2,15,2,5
1293,2,15,3,9
1294,2,15,4,9
1295,2,15,5,5
1296,2,16,0,5
1297,2,16,1,3
1298,2,16,2,7
1299,2,16,3,10
1300,2,16,4,3
1301,2,16,5,10
1302,2,17,0,16
1303,2,17,1,6
1304,2,17,2,5
1305,2,17,3,22
1306,2,17,4,5
1307,2,17,5,5
1308,2,18,0,34
1309,2,18,1,38
1310,2,18,2,15
1311,2,18,3,3
1312,2,18,4,101
1313,2,18,5,36
1314,2,19,0,9
1315,2,19,1,27
1316,2,19,2,9
1317,2,19,3,4
1318,2,19,4,3
1319,2,19,5,6
1320,2,20,0,10
1321,2,20,1,4
1322,2,20,2,5
1323,2,20,3,5
1324,2,20,4,3
1325,2,20,5,5
1326,2,21,0,4
1327,2,21,1,5
1328,2,21,2,6
1329,2,21,3,5
1330,2,21,4,4
1331,2,21,5,4
1332,2,22,0,6
1333,2,22,1,7
1334,2,22,2,8
1335,2,22,3,6
1336,2,22,4,7
1337,2,22,5,6
1338,2,23,0,5
1339,2,23,1,9
1340,2,23,2,7
1341,2,23,3,7
1342,2,23,4,7
1343,2,23,5,7
1344,2,24,0,18
1345,2,24,1,13
1346,2,24,2,13
1347,2,24,3,6
1348,2,24,4,4
1349,2,24,5,10
1350,2,25,0,4
1351,2,25,1,4
1352,2,25,2,4
1353,2,25,3,4
1354,2,25,4,9
1355,2,25,5,4
1356,2,26,0,7
1357,2,26,1,7
1358,2,26,2,7
1359,2,26,3,8
1360,2,26,4,7
1361,2,26,5,5
1362,2,27,0,6
1363,2,27,1,4
1364,2,27,2,4
1365,2,27,3,6
1366,2,27,4,4
1367,2,27,5,6
1368,2,28,0,3
1369,2,28,1,5
1370,2,28,2,8
1371,2,28,3,5
1372,2,28,4,4
1373,2,28,5,5
1374,2,29,0,6
1375,2,29,1,8
1376,2,29,2,6
1377,2,29,3,7
1378,2,29,4,6
1379,2,29,5,20
1380,2,30,0,6
1381,2,30,1,11
1382,2,30,2,13
1383,2,30,3,5
1384,2,30,4,14
1385,2,30,5,11
1386,2,31,0,7
1387,2,31,1,7
1388,2,31,2,11
1389,2,31,3,6
1390,2,31,4,7
1391,2,31,5,7
1392,2,32,0,3
1393,2,32,1,5
1394,2,32,2,3
1395,2,32,3,3
1396,2,32,4,3
1397,2,32,5,5
1398,2,33,0,20
1399,2,33,1,5
1400,2,33,2,11
1401,2,33,3,12
1402,2,33,4,12
1403,2,33,5,3
1404,2,34,0,3
1405,2,34,1,8
1406,2,34,2,10
1407,2,34,3,5
1408,2,34,4,7
1409,2,34,5,5
1410,2,35,0,8
1411,2,35,1,13
1412,2,35,2,12
1413,2,35,3,8
1414,2,35,4,9
1415,2,35,5,9
1416,2,36,0,7
1417,2,36,1,4
1418,2,36,2,6
1419,2,36,3,6
1420,2,36,4,5
1421,2,36,5,6
1422,2,37,0,9
1423,2,37,1,6
1424,2,37,2,9
1425,2,37,3,8
1426,2,37,4,9
1427,2,37,5,9
1428,2,38,0,16
1429,2,38,1,17
1430,2,38,2,16
1431,2,38,3,24
1432,2,38,4,16
1433,2,38,5,26
1434,2,39,0,5
1435,2,39,1,5
1436,2,39,2,7
1437,2,39,3,5
1438,2,39,4,7
1439,2,39,5,4
1440,2,40,0,8
1441,2,40,1,7
1442,2,40,2,9
1443,2,40,3,32
1444,2,40,4,4
1445,2,40,5,7
1446,2,41,0,3
1447,2,41,1,3
1448,2,41,2,3
1449,2,41,3,3
1450,2,41,4,3
1451,2,41,5,3
1452,2,42,0,14
1453,2,42,1,14
1454,2,42,2,17
1455,2,42,3,13
1456,2,42,4,6
1457,2,42,5,15
1458,2,43,0,6
1459,2,43,1,3
1460,2,43,2,3
1461,2,43,3,4
1462,2,43,4,4
1463,2,43,5,8
1464,2,44,0,8
1465,2,44,1,10
1466,2,44,2,6
1467,2,44,3,9
1468,2,44,4,9
1469,2,44,5,5
1470,2,45,0,5
1471,2,45,1,4
1472,2,45,2,4
1473,2,45,3,4
1474,2,45,4,4
1475,2,45,5,6
1476,2,46,0,7
1477,2,46,1,6
1478,2,46,2,5
1479,2,46,3,16
1480,2,46,4,7
1481,2,46,5,10
1482,2,47,0,3
1483,2,47,1,3
1484,2,47,2,3
1485,2,47,3,3
1486,2,47,4,4
1487,2,47,5,4
1488,2,48,0,8
1489,2,48,1,8
1490,2,48,2,6
1491,2,48,3,7
1492,2,48,4,10
1493,2,48,5,9
1494,2,49,0,4
1495,2,49,1,4
1496,2,49,2,3
1497,2,49,3,4
1498,2,49,4,6
1499,2,49,5,5
1500,2,50,0,9
1501,2,50,1,10
1502,2,50,2,10
1503,2,50,3,9
1504,2,50,4,13
1505,2,50,5,13
1506,2,51,0,10
1507,2,51,1,8
1508,2,51,2,27
1509,2,51,3,8
1510,2,51,4,15
1511,2,51,5,7
1512,2,52,0,3
1513,2,52,1,3
1514,2,52,2,3
1515,2,52,3,3
1516,2,52,4,4
1517,2,52,5,3
1518,2,53,0,8
1519,2,53,1,6
1520,2,53,2,6
1521,2,53,3,6
1522,2,53,4,9
1523,2,53,5,3
1524,2,54,0,10
1525,2,54,1,9
1526,2,54,2,16
1527,2,54,3,8
1528,2,54,4,8
1529,2,54,5,6
1530,2,55,0,18
1531,2,55,1,11
1532,2,55,2,13
1533,2,55,3,6
1534,2,55,4,6
1535,2,55,5,6
1536,2,56,0,5
1537,2,56,1,3
1538,2,56,2,4
1539,2,56,3,4
1540,2,56,4,5
1541,2,56,5,3
1542,2,57,0,5
1543,2,57,1,6
1544,2,57,2,8
1545,2,57,3,8
1546,2,57,4,15
1547,2,57,5,5
1548,2,58,0,3
1549,2,58,1,4
1550,2,58,2,5
1551,2,58,3,6
1552,2,58,4,4
1553,2,58,5,6
1554,2,59,0,31
1555,2,59,1,29
1556,2,59,2,14
1557,2,59,3,10
1558,2,59,4,35
1559,2,59,5,9
1560,2,60,0,7
1561,2,60,1,6
1562,2,60,2,10
1563,2,60,3,6
1564,2,60,4,6
1565,2,60,5,15
1566,2,61,0,5
1567,2,61,1,4
1568,2,61,2,4
1569,2,61,3,5
1570,2,61,4,5
1571,2,61,5,4
1572,2,62,0,6
1573,2,62,1,7
1574,2,62,2,5
1575,2,62,3,6
1576,2,62,4,22
1577,2,62,5,12
1578,2,63,0,4
1579,2,63,1,4
1580,2,63,2,3
1581,2,63,3,5
1582,2,63,4,4
1583,2,63,5,4
1584,2,64,0,4
1585,2,64,1,4
1586,2,64,2,5
1587,2,64,3,4
1588,2,64,4,4
1589,2,64,5,11
1590,2,65,0,86
1591,2,65,1,56
1592,2,65,2,3
1593,2,65,3,4
1594,2,65,4,4
1595,2,65,5,9
1596,2,66,0,10
1597,2,66,1,12
1598,2,66,2,16
1599,2,66,3,10
1600,2,66,4,10
1601,2,66,5,8
1602,2,67,0,5
1603,2,67,1,7
1604,2,67,2,4
1605,2,67,3,4
1606,2,67,4,5
1607,2,67,5,9
1608,2,68,0,9
1609,2,68,1,23
1610,2,68,2,10
1611,2,68,3,11
1612,2,68,4,19
1613,2,68,5,15
1614,2,69,0,8
1615,2,69,1,7
1616,2,69,2,4
1617,2,69,3,8
1618,2,69,4,52
1619,2,69,5,36
1620,2,70,0,5
1621,2,70,1,4
1622,2,70,2,3
1623,2,70,3,3
1624,2,70,4,5
1625,2,70,5,6
1626,2,71,0,6
1627,2,71,1,5
1628,2,71,2,4
1629,2,71,3,5
1630,2,71,4,9
1631,2,71,5,6
1632,2,72,0,18
1633,2,72,1,11
1634,2,72,2,13
1635,2,72,3,10
1636,2,72,4,15
1637,2,72,5,12
1638,2,73,0,12
1639,2,73,1,13
1640,2,73,2,10
1641,2,73,3,6
1642,2,73,4,6
1643,2,73,5,4
1644,2,74,0,3
1645,2,74,1,4
1646,2,74,2,3
1647,2,74,3,5
1648,2,74,4,5
1649,2,74,5,3
1650,2,75,0,5
1651,2,75,1,4
1652,2,75,2,4
1653,2,75,3,4
1654,2,75,4,5
1655,2,75,5,6
1656,2,76,0,3
1657,2,76,1,5
1658,2,76,2,10
1659,2,76,3,7
1660,2,76,4,12
1661,2,76,5,8
1662,2,77,0,8
1663,2,77,1,9
1664,2,77,2,7
1665,2,77,3,9
1666,2,77,4,8
1667,2,77,5,9
1668,2,78,0,8
1669,2,78,1,18
1670,2,78,2,8
1671,2,78,3,27
1672,2,78,4,14
1673,2,78,5,16
1674,2,79,0,8
1675,2,79,1,23
1676,2,79,2,4
1677,2,79,3,7
1678,2,79,4,41
1679,2,79,5,16
1680,2,80,0,4
1681,2,80,1,3
1682,2,80,2,4
1683,2,80,3,4
1684,2,80,4,4
1685,2,80,5,3
1686,2,81,0,7
1687,2,81,1,6
1688,2,81,2,8
1689,2,81,3,5
1690,2,81,4,6
1691,2,81,5,6
1692,2,82,0,10
1693,2,82,1,8
1694,2,82,2,16
1695,2,82,3,11
1696,2,82,4,8
1697,2,82,5,16
1698,2,83,0,7
1699,2,83,1,6
1700,2,83,2,6
1701,2,83,3,10
1702,2,83,4,7
1703,2,83,5,13
1704,2,84,0,4
1705,2,84,1,7
1706,2,84,2,5
1707,2,84,3,4
1708,2,84,4,8
1709,2,84,5,4
1710,2,85,0,7
1711,2,85,1,6
1712,2,85,2,13
1713,2,85,3,3
1714,2,85,4,5
1715,2,85,5,5
1716,2,86,0,6
1717,2,86,1,11
1718,2,86,2,9
1719,2,86,3,5
1720,2,86,4,5
1721,2,86,5,5
1722,2,87,0,4
1723,2,87,1,4
1724,2,87,2,4
1725,2,87,3,11
1726,2,87,4,4
1727,2,87,5,4
1728,2,88,0,5
1729,2,88,1,4
1730,2,88,2,6
1731,2,88,3,7
1732,2,88,4,6
1733,2,88,5,11
1734,2,89,0,75
1735,2,89,1,10
1736,2,89,2,53
1737,2,89,3,9
1738,2,89,4,43
1739,2,89,5,14
1740,2,90,0,34
1741,2,90,1,21
1742,2,90,2,12
1743,2,90,3,4
1744,2,90,4,4
1745,2,90,5,16
1746,2,91,0,5
1747,2,91,1,5
1748,2,91,2,5
1749,2,91,3,4
1750,2,91,4,4
1751,2,91,5,5
1752,2,92,0,6
1753,2,92,1,6
1754,2,92,2,7
1755,2,92,3,4
1756,2,92,4,5
1757,2,92,5,5
1758,2,93,0,16
1759,2,93,1,12
1760,2,93,2,5
1761,2,93,3,6
1762,2,93,4,24
1763,2,93,5,14
1764,2,94,0,9
1765,2,94,1,9
1766,2,94,2,2
1767,2,94,3,9
1768,2,94,4,6
1769,2,94,5,4
1770,2,95,0,8
1771,2,95,1,5
1772,2,95,2,5
1773,2,95,3,3
1774,2,95,4,5
1775,2,95,5,4
1776,2,96,0,3
1777,2,96,1,8
1778,2,96,2,3
1779,2,96,3,3
1780,2,96,4,10
1781,2,96,5,5
1782,2,97,0,4
1783,2,97,1,4
1784,2,97,2,3
1785,2,97,3,6
1786,2,97,4,3
1787,2,97,5,6
1788,2,98,0,6
1789,2,98,1,7
1790,2,98,2,5
1791,2,98,3,6
1792,2,98,4,3
1793,2,98,5,3
1794,2,99,0,10
1795,2,99,1,7
1796,2,99,2,5
1797,2,99,3,6
1798,2,99,4,6
1799,2,99,5,10
1800,3,0,0,4
1801,3,0,1,6
1802,3,0,2,4
1803,3,0,3,4
1804,3,0,4,9
1805,3,0,5,10
1806,3,1,0,6
1807,3,1,1,4
1808,3,1,2,4
1809,3,1,3,6
1810,3,1,4,10
1811,3,1,5,4
1812,3,2,0,4
1813,3,2,1,4
1814,3,2,2,8
1815,3,2,3,4
1816,3,2,4,4
1817,3,2,5,10
1818,3,3,0,4
1819,3,3,1,4
1820,3,3,2,4
1821,3,3,3,4
1822,3,3,4,4
1823,3,3,5,4
1824,3,4,0,8
1825,3,4,1,11
1826,3,4,2,5
1827,3,4,3,4
1828,3,4,4,4
1829,3,4,5,4
1830,3,5,0,4
1831,3,5,1,6
1832,3,5,2,3
1833,3,5,3,3
1834,3,5,4,9
1835,3,5,5,5
1836,3,6,0,11
1837,3,6,1,7
1838,3,6,2,10
1839,3,6,3,9
1840,3,6,4,11
1841,3,6,5,7
1842,3,7,0,10
1843,3,7,1,8
1844,3,7,2,7
1845,3,7,3,7
1846,3,7,4,10
1847,3,7,5,13
1848,3,8,0,6
1849,3,8,1,9
1850,3,8,2,6
1851,3,8,3,8
1852,3,8,4,9
1853,3,8,5,6
1854,3,9,0,6
1855,3,9,1,3
1856,3,9,2,3
1857,3,9,3,3
1858,3,9,4,3
1859,3,9,5,4
1860,3,10,0,3
1861,3,10,1,4
1862,3,10,2,4
1863,3,10,3,4
1864,3,10,4,4
1865,3,10,5,3
1866,3,11,0,11
1867,3,11,1,7
1868,3,11,2,14
1869,3,11,3,12
1870,3,11,4,3
1871,3,11,5,11
1872,3,12,0,7
1873,3,12,1,7
1874,3,12,2,4
1875,3,12,3,4
1876,3,12,4,4
1877,3,12,5,5
1878,3,13,0,6
1879,3,13,1,8
1880,3,13,2,9
1881,3,13,3,10
1882,3,13,4,6
1883,3,13,5,16
1884,3,14,0,3
1885,3,14,1,9
1886,3,14,2,7
1887,3,14,3,4
1888,3,14,4,6
1889,3,14,5,8
1890,3,15,0,5
1891,3,15,1,7
1892,3,15,2,6
1893,3,15,3,9
1894,3,15,4,9
1895,3,15,5,5
1896,3,16,0,4
1897,3,16,1,5
1898,3,16,2,7
1899,3,16,3,5
1900,3,16,4,7
1901,3,16,5,10
1902,3,17,0,5
1903,3,17,1,8
1904,3,17,2,9
1905,3,17,3,5
1906,3,17,4,8
1907,3,17,5,19
1908,3,18,0,36
1909,3,18,1,17
1910,3,18,2,4
1911,3,18,3,4
1912,3,18,4,4
1913,3,18,5,4
1914,3,19,0,9
1915,3,19,1,16
1916,3,19,2,6
1917,3,19,3,18
1918,3,19,4,3
1919,3,19,5,6
1920,3,20,0,10
1921,3,20,1,4
1922,3,20,2,5
1923,3,20,3,5
1924,3,20,4,3
1925,3,20,5,5
1926,3,21,0,4
1927,3,21,1,5
1928,3,21,2,6
1929,3,21,3,5
1930,3,21,4,4
1931,3,21,5,4
1932,3,22,0,6
1933,3,22,1,7
1934,3,22,2,8
1935,3,22,3,6
1936,3,22,4,7
1937,3,22,5,6
1938,3,23,0,5
1939,3,23,1,9
1940,3,23,2,7
1941,3,23,3,7
1942,3,23,4,7
1943,3,23,5,7
1944,3,24,0,4
1945,3,24,1,3
1946,3,24,2,3
1947,3,24,3,3
1948,3,24,4,3
1949,3,24,5,3
1950,3,25,0,4
1951,3,25,1,4
1952,3,25,2,4
1953,3,25,3,4
1954,3,25,4,9
1955,3,25,5,4
1956,3,26,0,7
1957,3,26,1,7
1958,3,26,2,7
1959,3,26,3,8
1960,3,26,4,7
1961,3,26,5,5
1962,3,27,0,6
1963,3,27,1,4
1964,3,27,2,4
1965,3,27,3,6
1966,3,27,4,4
1967,3,27,5,6
1968,3,28,0,8
1969,3,28,1,14
1970,3,28,2,3
1971,3,28,3,3
1972,3,28,4,5
1973,3,28,5,3
1974,3,29,0,6
1975,3,29,1,8
1976,3,29,2,6
1977,3,29,3,7
1978,3,29,4,6
1979,3,29,5,20
1980,3,30,0,6
1981,3,30,1,11
1982,3,30,2,13
1983,3,30,3,5
1984,3,30,4,25
1985,3,30,5,7
1986,3,31,0,7
1987,3,31,1,15
1988,3,31,2,9
1989,3,31,3,7
1990,3,31,4,7
1991,3,31,5,15
1992,3,32,0,3
1993,3,32,1,3
1994,3,32,2,3
1995,3,32,3,4
1996,3,32,4,3
1997,3,32,5,4
1998,3,33,0,5
1999,3,33,1,12
2000,3,33,2,3
2001,3,33,3,5
2002,3,33,4,11
2003,3,33,5,6
2004,3,34,0,3
2005,3,34,1,8
2006,3,34,2,10
2007,3,34,3,5
2008,3,34,4,7
2009,3,34,5,5
2010,3,35,0,9
2011,3,35,1,6
2012,3,35,2,6
2013,3,35,3,6
2014,3,35,4,6
2015,3,35,5,8
2016,3,36,0,7
2017,3,36,1,4
2018,3,36,2,6
2019,3,36,3,6
2020,3,36,4,5
2021,3,36,5,6
2022,3,37,0,9
2023,3,37,1,6
2024,3,37,2,9
2025,3,37,3,8
2026,3,37,4,9
2027,3,37,5,9
2028,3,38,0,16
2029,3,38,1,19
2030,3,38,2,14
2031,3,38,3,31
2032,3,38,4,21
2033,3,38,5,14
2034,3,39,0,5
2035,3,39,1,5
2036,3,39,2,7
2037,3,39,3,5
2038,3,39,4,7
2039,3,39,5,4
2040,3,40,0,8
2041,3,40,1,7
2042,3,40,2,9
2043,3,40,3,28
2044,3,40,4,8
2045,3,40,5,3
2046,3,41,0,3
2047,3,41,1,3
2048,3,41,2,3
2049,3,41,3,3
2050,3,41,4,3
2051,3,41,5,3
2052,3,42,0,21
2053,3,42,1,27
2054,3,42,2,12
2055,3,42,3,17
2056,3,42,4,12
2057,3,42,5,13
2058,3,43,0,6
2059,3,43,1,3
2060,3,43,2,3
2061,3,43,3,4
2062,3,43,4,4
2063,3,43,5,8
2064,3,44,0,8
2065,3,44,1,10
2066,3,44,2,6
2067,3,44,3,9
2068,3,44,4,9
2069,3,44,5,5
2070,3,45,0,5
2071,3,45,1,4
2072,3,45,2,4
2073,3,45,3,4
2074,3,45,4,4
2075,3,45,5,6
2076,3,46,0,7
2077,3,46,1,6
2078,3,46,2,5
2079,3,46,3,16
2080,3,46,4,7
2081,3,46,5,10
2082,3,47,0,3
2083,3,47,1,3
2084,3,47,2,3
2085,3,47,3,3
2086,3,47,4,4
2087,3,47,5,4
2088,3,48,0,8
2089,3,48,1,8
2090,3,48,2,10
2091,3,48,3,7
2092,3,48,4,7
2093,3,48,5,6
2094,3,49,0,4
2095,3,49,1,4
2096,3,49,2,3
2097,3,49,3,4
2098,3,49,4,6
2099,3,49,5,5
2100,3,50,0,9
2101,3,50,1,10
2102,3,50,2,10
2103,3,50,3,13
2104,3,50,4,9
2105,3,50,5,13
2106,3,51,0,10
2107,3,51,1,8
2108,3,51,2,35
2109,3,51,3,15
2110,3,51,4,7
2111,3,51,5,10
2112,3,52,0,3
2113,3,52,1,3
2114,3,52,2,3
2115,3,52,3,3
2116,3,52,4,4
2117,3,52,5,3
2118,3,53,0,8
2119,3,53,1,6
2120,3,53,2,6
2121,3,53,3,6
2122,3,53,4,9
2123,3,53,5,3
2124,3,54,0,13
2125,3,54,1,10
2126,3,54,2,18
2127,3,54,3,16
2128,3,54,4,14
2129,3,54,5,15
2130,3,55,0,10
2131,3,55,1,8
2132,3,55,2,5
2133,3,55,3,6
2134,3,55,4,6
2135,3,55,5,7
2136,3,56,0,5
2137,3,56,1,3
2138,3,56,2,4
2139,3,56,3,4
2140,3,56,4,5
2141,3,56,5,3
2142,3,57,0,5
2143,3,57,1,6
2144,3,57,2,8
2145,3,57,3,8
2146,3,57,4,15
2147,3,57,5,5
2148,3,58,0,3
2149,3,58,1,4
2150,3,58,2,5
2151,3,58,3,6
2152,3,58,4,4
2153,3,58,5,6
2154,3,59,0,25
2155,3,59,1,6
2156,3,59,2,18
2157,3,59,3,10
2158,3,59,4,15
2159,3,59,5,10
2160,3,60,0,7
2161,3,60,1,5
2162,3,60,2,21
2163,3,60,3,6
2164,3,60,4,6
2165,3,60,5,8
2166,3,61,0,5
2167,3,61,1,4
2168,3,61,2,4
2169,3,61,3,5
2170,3,61,4,5
2171,3,61,5,4
2172,3,62,0,10
2173,3,62,1,9
2174,3,62,2,5
2175,3,62,3,22
2176,3,62,4,9
2177,3,62,5,8
2178,3,63,0,4
2179,3,63,1,4
2180,3,63,2,3
2181,3,63,3,5
2182,3,63,4,4
2183,3,63,5,4
2184,3,64,0,4
2185,3,64,1,4
2186,3,64,2,5
2187,3,64,3,4
2188,3,64,4,4
2189,3,64,5,11
2190,3,65,0,4
2191,3,65,1,4
2192,3,65,2,6
2193,3,65,3,3
2194,3,65,4,5
2195,3,65,5,4
2196,3,66,0,10
2197,3,66,1,26
2198,3,66,2,12
2199,3,66,3,10
2200,3,66,4,8
2201,3,66,5,20
2202,3,67,0,5
2203,3,67,1,7
2204,3,67,2,4
2205,3,67,3,4
2206,3,67,4,5
2207,3,67,5,9
2208,3,68,0,9
2209,3,68,1,39
2210,3,68,2,12
2211,3,68,3,12
2212,3,68,4,15
2213,3,68,5,13
2214,3,69,0,16
2215,3,69,1,16
2216,3,69,2,9
2217,3,69,3,17
2218,3,69,4,16
2219,3,69,5,6
2220,3,70,0,5
2221,3,70,1,4
2222,3,70,2,5
2223,3,70,3,4
2224,3,70,4,3
2225,3,70,5,5
2226,3,71,0,6
2227,3,71,1,5
2228,3,71,2,4
2229,3,71,3,5
2230,3,71,4,6
2231,3,71,5,3
2232,3,72,0,10
2233,3,72,1,15
2234,3,72,2,9
2235,3,72,3,10
2236,3,72,4,10
2237,3,72,5,13
2238,3,73,0,6
2239,3,73,1,17
2240,3,73,2,10
2241,3,73,3,10
2242,3,73,4,4
2243,3,73,5,4
2244,3,74,0,3
2245,3,74,1,4
2246,3,74,2,3
2247,3,74,3,5
2248,3,74,4,5
2249,3,74,5,3
2250,3,75,0,5
2251,3,75,1,4
2252,3,75,2,4
2253,3,75,3,4
2254,3,75,4,5
2255,3,75,5,6
2256,3,76,0,3
2257,3,76,1,5
2258,3,76,2,10
2259,3,76,3,7
2260,3,76,4,12
2261,3,76,5,8
2262,3,77,0,10
2263,3,77,1,7
2264,3,77,2,9
2265,3,77,3,19
2266,3,77,4,20
2267,3,77,5,16
2268,3,78,0,7
2269,3,78,1,11
2270,3,78,2,12
2271,3,78,3,9
2272,3,78,4,22
2273,3,78,5,14
2274,3,79,0,9
2275,3,79,1,14
2276,3,79,2,30
2277,3,79,3,4
2278,3,79,4,3
2279,3,79,5,4
2280,3,80,0,4
2281,3,80,1,3
2282,3,80,2,4
2283,3,80,3,4
2284,3,80,4,4
2285,3,80,5,3
2286,3,81,0,7
2287,3,81,1,6
2288,3,81,2,8
2289,3,81,3,5
2290,3,81,4,6
2291,3,81,5,6
2292,3,82,0,10
2293,3,82,1,8
2294,3,82,2,16
2295,3,82,3,11
2296,3,82,4,10
2297,3,82,5,31
2298,3,83,0,7
2299,3,83,1,6
2300,3,83,2,6
2301,3,83,3,13
2302,3,83,4,4
2303,3,83,5,8
2304,3,84,0,4
2305,3,84,1,5
2306,3,84,2,4
2307,3,84,3,5
2308,3,84,4,10
2309,3,84,5,4
2310,3,85,0,7
2311,3,85,1,6
2312,3,85,2,13
2313,3,85,3,3
2314,3,85,4,5
2315,3,85,5,5
2316,3,86,0,6
2317,3,86,1,11
2318,3,86,2,9
2319,3,86,3,5
2320,3,86,4,5
2321,3,86,5,5
2322,3,87,0,4
2323,3,87,1,4
2324,3,87,2,4
2325,3,87,3,11
2326,3,87,4,4
2327,3,87,5,4
2328,3,88,0,5
2329,3,88,1,4
2330,3,88,2,6
2331,3,88,3,7
2332,3,88,4,6
2333,3,88,5,11
2334,3,89,0,17
2335,3,89,1,19
2336,3,89,2,12
2337,3,89,3,13
2338,3,89,4,5
2339,3,89,5,43
2340,3,90,0,5
2341,3,90,1,4
2342,3,90,2,4
2343,3,90,3,3
2344,3,90,4,4
2345,3,90,5,4
2346,3,91,0,5
2347,3,91,1,5
2348,3,91,2,5
2349,3,91,3,4
2350,3,91,4,4
2351,3,91,5,5
2352,3,92,0,6
2353,3,92,1,6
2354,3,92,2,7
2355,3,92,3,4
2356,3,92,4,5
2357,3,92,5,5
2358,3,93,0,4
2359,3,93,1,3
2360,3,93,2,3
2361,3,93,3,3
2362,3,93,4,3
2363,3,93,5,3
2364,3,94,0,9
2365,3,94,1,9
2366,3,94,2,2
2367,3,94,3,5
2368,3,94,4,6
2369,3,94,5,4
2370,3,95,0,8
2371,3,95,1,5
2372,3,95,2,5
2373,3,95,3,3
2374,3,95,4,5
2375,3,95,5,4
2376,3,96,0,3
2377,3,96,1,8
2378,3,96,2,3
2379,3,96,3,3
2380,3,96,4,7
2381,3,96,5,4
2382,3,97,0,4
2383,3,97,1,4
2384,3,97,2,3
2385,3,97,3,6
2386,3,97,4,3
2387,3,97,5,6
2388,3,98,0,5
2389,3,98,1,4
2390,3,98,2,4
2391,3,98,3,5
2392,3,98,4,6
2393,3,98,5,3
2394,3,99,0,10
2395,3,99,1,7
2396,3,99,2,7
2397,3,99,3,4
2398,3,99,4,6
2399,3,99,5,10
2400,4,0,0,4
2401,4,0,1,6
2402,4,0,2,4
2403,4,0,3,4
2404,4,0,4,9
2405,4,0,5,10
2406,4,1,0,6
2407,4,1,1,4
2408,4,1,2,4
2409,4,1,3,6
2410,4,1,4,10
2411,4,1,5,4
2412,4,2,0,4
2413,4,2,1,4
2414,4,2,2,8
2415,4,2,3,4
2416,4,2,4,4
2417,4,2,5,10
2418,4,3,0,4
2419,4,3,1,4
2420,4,3,2,4
2421,4,3,3,4
2422,4,3,4,4
2423,4,3,5,4
2424,4,4,0,5
2425,4,4,1,5
2426,4,4,2,5
2427,4,4,3,4
2428,4,4,4,5
2429,4,4,5,4
2430,4,5,0,4
2431,4,5,1,6
2432,4,5,2,3
2433,4,5,3,3
2434,4,5,4,9
2435,4,5,5,5
2436,4,6,0,11
2437,4,6,1,7
2438,4,6,2,10
2439,4,6,3,9
2440,4,6,4,9
2441,4,6,5,7
2442,4,7,0,10
2443,4,7,1,8
2444,4,7,2,7
2445,4,7,3,7
2446,4,7,4,10
2447,4,7,5,13
2448,4,8,0,6
2449,4,8,1,9
2450,4,8,2,6
2451,4,8,3,8
2452,4,8,4,9
2453,4,8,5,6
2454,4,9,0,6
2455,4,9,1,3
2456,4,9,2,3
2457,4,9,3,3
2458,4,9,4,3
2459,4,9,5,4
2460,4,10,0,3
2461,4,10,1,4
2462,4,10,2,4
2463,4,10,3,4
2464,4,10,4,4
2465,4,10,5,3
2466,4,11,0,13
2467,4,11,1,7
2468,4,11,2,7
2469,4,11,3,9
2470,4,11,4,8
2471,4,11,5,3
2472,4,12,0,7
2473,4,12,1,7
2474,4,12,2,4
2475,4,12,3,4
2476,4,12,4,4
2477,4,12,5,5
2478,4,13,0,6
2479,4,13,1,8
2480,4,13,2,14
2481,4,13,3,11
2482,4,13,4,16
2483,4,13,5,8
2484,4,14,0,3
2485,4,14,1,9
2486,4,14,2,7
2487,4,14,3,4
2488,4,14,4,6
2489,4,14,5,8
2490,4,15,0,5
2491,4,15,1,7
2492,4,15,2,6
2493,4,15,3,9
2494,4,15,4,6
2495,4,15,5,9
2496,4,16,0,4
2497,4,16,1,4
2498,4,16,2,7
2499,4,16,3,10
2500,4,16,4,13
2501,4,16,5,10
2502,4,17,0,7
2503,4,17,1,5
2504,4,17,2,6
2505,4,17,3,10
2506,4,17,4,7
2507,4,17,5,19
2508,4,18,0,4
2509,4,18,1,2
2510,4,18,2,12
2511,4,18,3,3
2512,4,18,4,11
2513,4,18,5,4
2514,4,19,0,9
2515,4,19,1,16
2516,4,19,2,7
2517,4,19,3,4
2518,4,19,4,13
2519,4,19,5,3
2520,4,20,0,10
2521,4,20,1,4
2522,4,20,2,5
2523,4,20,3,5
2524,4,20,4,3
2525,4,20,5,5
2526,4,21,0,4
2527,4,21,1,5
2528,4,21,2,6
2529,4,21,3,5
2530,4,21,4,4
2531,4,21,5,4
2532,4,22,0,6
2533,4,22,1,7
2534,4,22,2,8
2535,4,22,3,6
2536,4,22,4,7
2537,4,22,5,6
2538,4,23,0,5
2539,4,23,1,9
2540,4,23,2,7
2541,4,23,3,7
2542,4,23,4,7
2543,4,23,5,7
2544,4,24,0,4
2545,4,24,1,3
2546,4,24,2,3
2547,4,24,3,3
2548,4,24,4,3
2549,4,24,5,3
2550,4,25,0,4
2551,4,25,1,4
2552,4,25,2,4
2553,4,25,3,4
2554,4,25,4,9
2555,4,25,5,4
2556,4,26,0,7
2557,4,26,1,7
2558,4,26,2,7
2559,4,26,3,8
2560,4,26,4,7
2561,4,26,5,5
2562,4,27,0,6
2563,4,27,1,4
2564,4,27,2,4
2565,4,27,3,6
2566,4,27,4,4
2567,4,27,5,6
2568,4,28,0,3
2569,4,28,1,5
2570,4,28,2,5
2571,4,28,3,3
2572,4,28,4,3
2573,4,28,5,5
2574,4,29,0,6
2575,4,29,1,8
2576,4,29,2,6
2577,4,29,3,7
2578,4,29,4,6
2579,4,29,5,20
2580,4,30,0,6
2581,4,30,1,11
2582,4,30,2,13
2583,4,30,3,5
2584,4,30,4,25
2585,4,30,5,7
2586,4,31,0,10
2587,4,31,1,7
2588,4,31,2,11
2589,4,31,3,8
2590,4,31,4,9
2591,4,31,5,12
2592,4,32,0,3
2593,4,32,1,3
2594,4,32,2,3
2595,4,32,3,4
2596,4,32,4,3
2597,4,32,5,4
2598,4,33,0,5
2599,4,33,1,12
2600,4,33,2,3
2601,4,33,3,5
2602,4,33,4,11
2603,4,33,5,6
2604,4,34,0,3
2605,4,34,1,8
2606,4,34,2,10
2607,4,34,3,5
2608,4,34,4,7
2609,4,34,5,5
2610,4,35,0,8
2611,4,35,1,10
2612,4,35,2,4
2613,4,35,3,9
2614,4,35,4,10
2615,4,35,5,7
2616,4,36,0,7
2617,4,36,1,4
2618,4,36,2,6
2619,4,36,3,6
2620,4,36,4,5
2621,4,36,5,6
2622,4,37,0,9
2623,4,37,1,6
2624,4,37,2,9
2625,4,37,3,8
2626,4,37,4,9
2627,4,37,5,8
2628,4,38,0,16
2629,4,38,1,19
2630,4,38,2,14
2631,4,38,3,23
2632,4,38,4,17
2633,4,38,5,26
2634,4,39,0,5
2635,4,39,1,5
2636,4,39,2,7
2637,4,39,3,5
2638,4,39,4,7
2639,4,39,5,4
2640,4,40,0,7
2641,4,40,1,8
2642,4,40,2,3
2643,4,40,3,7
2644,4,40,4,3
2645,4,40,5,3
2646,4,41,0,3
2647,4,41,1,3
2648,4,41,2,3
2649,4,41,3,3
2650,4,41,4,3
2651,4,41,5,3
2652,4,42,0,17
2653,4,42,1,5
2654,4,42,2,6
2655,4,42,3,16
2656,4,42,4,10
2657,4,42,5,9
2658,4,43,0,6
2659,4,43,1,3
2660,4,43,2,3
2661,4,43,3,4
2662,4,43,4,4
2663,4,43,5,8
2664,4,44,0,8
2665,4,44,1,10
2666,4,44,2,6
2667,4,44,3,9
2668,4,44,4,9
2669,4,44,5,5
2670,4,45,0,5
2671,4,45,1,7
2672,4,45,2,5
2673,4,45,3,5
2674,4,45,4,7
2675,4,45,5,3
2676,4,46,0,7
2677,4,46,1,6
2678,4,46,2,5
2679,4,46,3,16
2680,4,46,4,7
2681,4,46,5,10
2682,4,47,0,3
2683,4,47,1,3
2684,4,47,2,3
2685,4,47,3,3
2686,4,47,4,4
2687,4,47,5,4
2688,4,48,0,8
2689,4,48,1,8
2690,4,48,2,14
2691,4,48,3,9
2692,4,48,4,7
2693,4,48,5,7
2694,4,49,0,4
2695,4,49,1,4
2696,4,49,2,3
2697,4,49,3,4
2698,4,49,4,6
2699,4,49,5,5
2700,4,50,0,13
2701,4,50,1,6
2702,4,50,2,10
2703,4,50,3,11
2704,4,50,4,11
2705,4,50,5,13
2706,4,51,0,10
2707,4,51,1,8
2708,4,51,2,21
2709,4,51,3,8
2710,4,51,4,6
2711,4,51,5,15
2712,4,52,0,3
2713,4,52,1,3
2714,4,52,2,3
2715,4,52,3,3
2716,4,52,4,4
2717,4,52,5,3
2718,4,53,0,8
2719,4,53,1,6
2720,4,53,2,6
2721,4,53,3,6
2722,4,53,4,8
2723,4,53,5,4
2724,4,54,0,10
2725,4,54,1,9
2726,4,54,2,10
2727,4,54,3,15
2728,4,54,4,7
2729,4,54,5,6
2730,4,55,0,7
2731,4,55,1,11
2732,4,55,2,6
2733,4,55,3,5
2734,4,55,4,6
2735,4,55,5,8
2736,4,56,0,5
2737,4,56,1,3
2738,4,56,2,4
2739,4,56,3,4
2740,4,56,4,5
2741,4,56,5,3
2742,4,57,0,5
2743,4,57,1,6
2744,4,57,2,8
2745,4,57,3,8
2746,4,57,4,15
2747,4,57,5,5
2748,4,58,0,3
2749,4,58,1,4
2750,4,58,2,5
2751,4,58,3,6
2752,4,58,4,4
2753,4,58,5,6
2754,4,59,0,9
2755,4,59,1,5
2756,4,59,2,6
2757,4,59,3,7
2758,4,59,4,34
2759,4,59,5,13
2760,4,60,0,7
2761,4,60,1,5
2762,4,60,2,21
2763,4,60,3,6
2764,4,60,4,6
2765,4,60,5,8
2766,4,61,0,5
2767,4,61,1,4
2768,4,61,2,4
2769,4,61,3,5
2770,4,61,4,5
2771,4,61,5,4
2772,4,62,0,10
2773,4,62,1,11
2774,4,62,2,7
2775,4,62,3,5
2776,4,62,4,13
2777,4,62,5,12
2778,4,63,0,4
2779,4,63,1,4
2780,4,63,2,3
2781,4,63,3,5
2782,4,63,4,4
2783,4,63,5,4
2784,4,64,0,4
2785,4,64,1,4
2786,4,64,2,5
2787,4,64,3,4
2788,4,64,4,4
2789,4,64,5,11
2790,4,65,0,4
2791,4,65,1,4
2792,4,65,2,6
2793,4,65,3,3
2794,4,65,4,5
2795,4,65,5,4
2796,4,66,0,10
2797,4,66,1,38
2798,4,66,2,10
2799,4,66,3,8
2800,4,66,4,20
2801,4,66,5,7
2802,4,67,0,5
2803,4,67,1,7
2804,4,67,2,4
2805,4,67,3,4
2806,4,67,4,5
2807,4,67,5,9
2808,4,68,0,8
2809,4,68,1,40
2810,4,68,2,12
2811,4,68,3,15
2812,4,68,4,20
2813,4,68,5,13
2814,4,69,0,13
2815,4,69,1,38
2816,4,69,2,7
2817,4,69,3,14
2818,4,69,4,4
2819,4,69,5,17
2820,4,70,0,5
2821,4,70,1,4
2822,4,70,2,5
2823,4,70,3,4
2824,4,70,4,3
2825,4,70,5,5
2826,4,71,0,6
2827,4,71,1,5
2828,4,71,2,4
2829,4,71,3,5
2830,4,71,4,6
2831,4,71,5,3
2832,4,72,0,18
2833,4,72,1,11
2834,4,72,2,13
2835,4,72,3,10
2836,4,72,4,15
2837,4,72,5,12
2838,4,73,0,6
2839,4,73,1,6
2840,4,73,2,5
2841,4,73,3,4
2842,4,73,4,4
2843,4,73,5,5
2844,4,74,0,3
2845,4,74,1,4
2846,4,74,2,3
2847,4,74,3,5
2848,4,74,4,5
2849,4,74,5,3
2850,4,75,0,5
2851,4,75,1,4
2852,4,75,2,4
2853,4,75,3,4
2854,4,75,4,5
2855,4,75,5,6
2856,4,76,0,3
2857,4,76,1,5
2858,4,76,2,10
2859,4,76,3,7
2860,4,76,4,12
2861,4,76,5,8
2862,4,77,0,10
2863,4,77,1,7
2864,4,77,2,9
2865,4,77,3,19
2866,4,77,4,20
2867,4,77,5,20
2868,4,78,0,12
2869,4,78,1,14
2870,4,78,2,8
2871,4,78,3,11
2872,4,78,4,10
2873,4,78,5,9
2874,4,79,0,9
2875,4,79,1,14
2876,4,79,2,11
2877,4,79,3,6
2878,4,79,4,13
2879,4,79,5,4
2880,4,80,0,4
2881,4,80,1,3
2882,4,80,2,4
2883,4,80,3,4
2884,4,80,4,4
2885,4,80,5,3
2886,4,81,0,7
2887,4,81,1,6
2888,4,81,2,8
2889,4,81,3,5
2890,4,81,4,6
2891,4,81,5,6
2892,4,82,0,10
2893,4,82,1,24
2894,4,82,2,11
2895,4,82,3,39
2896,4,82,4,39
2897,4,82,5,28
2898,4,83,0,5
2899,4,83,1,11
2900,4,83,2,13
2901,4,83,3,7
2902,4,83,4,8
2903,4,83,5,4
2904,4,84,0,4
2905,4,84,1,5
2906,4,84,2,4
2907,4,84,3,5
2908,4,84,4,10
2909,4,84,5,4
2910,4,85,0,7
2911,4,85,1,6
2912,4,85,2,13
2913,4,85,3,3
2914,4,85,4,5
2915,4,85,5,5
2916,4,86,0,6
2917,4,86,1,11
2918,4,86,2,9
2919,4,86,3,5
2920,4,86,4,5
2921,4,86,5,5
2922,4,87,0,4
2923,4,87,1,4
2924,4,87,2,4
2925,4,87,3,11
2926,4,87,4,4
2927,4,87,5,4
2928,4,88,0,8
2929,4,88,1,18
2930,4,88,2,10
2931,4,88,3,5
2932,4,88,4,6
2933,4,88,5,5
2934,4,89,0,6
2935,4,89,1,8
2936,4,89,2,8
2937,4,89,3,7
2938,4,89,4,4
2939,4,89,5,16
2940,4,90,0,5
2941,4,90,1,4
2942,4,90,2,4
2943,4,90,3,3
2944,4,90,4,4
2945,4,90,5,4
2946,4,91,0,5
2947,4,91,1,5
2948,4,91,2,5
2949,4,91,3,4
2950,4,91,4,4
2951,4,91,5,5
2952,4,92,0,6
2953,4,92,1,6
2954,4,92,2,7
2955,4,92,3,4
2956,4,92,4,5
2957,4,92,5,5
2958,4,93,0,4
2959,4,93,1,3
2960,4,93,2,3
2961,4,93,3,3
2962,4,93,4,3
2963,4,93,5,3
2964,4,94,0,9
2965,4,94,1,9
2966,4,94,2,2
2967,4,94,3,5
2968,4,94,4,6
2969,4,94,5,4
2970,4,95,0,8
2971,4,95,1,5
2972,4,95,2,5
2973,4,95,3,3
2974,4,95,4,5
2975,4,95,5,4
2976,4,96,0,7
2977,4,96,1,4
2978,4,96,2,3
2979,4,96,3,3
2980,4,96,4,7
2981,4,96,5,4
2982,4,97,0,4
2983,4,97,1,4
2984,4,97,2,3
2985,4,97,3,6
2986,4,97,4,3
2987,4,97,5,6
2988,4,98,0,5
2989,4,98,1,4
2990,4,98,2,4
2991,4,98,3,5
2992,4,98,4,6
2993,4,98,5,3
2994,4,99,0,10
2995,4,99,1,7
2996,4,99,2,7
2997,4,99,3,14
2998,4,99,4,6
2999,4,99,5,7
