,Replay type,Individual,Trial,Performance
0,0,0,0,12
1,0,0,1,16
2,0,0,2,7
3,0,0,3,9
4,0,0,4,7
5,0,0,5,7
6,0,1,0,19
7,0,1,1,19
8,0,1,2,7
9,0,1,3,16
10,0,1,4,7
11,0,1,5,8
12,0,2,0,14
13,0,2,1,13
14,0,2,2,14
15,0,2,3,12
16,0,2,4,13
17,0,2,5,13
18,0,3,0,12
19,0,3,1,28
20,0,3,2,8
21,0,3,3,6
22,0,3,4,6
23,0,3,5,6
24,0,4,0,7
25,0,4,1,5
26,0,4,2,5
27,0,4,3,5
28,0,4,4,5
29,0,4,5,5
30,0,5,0,11
31,0,5,1,13
32,0,5,2,8
33,0,5,3,6
34,0,5,4,6
35,0,5,5,6
36,0,6,0,7
37,0,6,1,6
38,0,6,2,9
39,0,6,3,7
40,0,6,4,5
41,0,6,5,5
42,0,7,0,13
43,0,7,1,8
44,0,7,2,8
45,0,7,3,8
46,0,7,4,8
47,0,7,5,8
48,0,8,0,8
49,0,8,1,10
50,0,8,2,9
51,0,8,3,8
52,0,8,4,8
53,0,8,5,8
54,0,9,0,16
55,0,9,1,10
56,0,9,2,9
57,0,9,3,9
58,0,9,4,9
59,0,9,5,9
60,0,10,0,6
61,0,10,1,7
62,0,10,2,6
63,0,10,3,7
64,0,10,4,6
65,0,10,5,8
66,0,11,0,12
67,0,11,1,15
68,0,11,2,10
69,0,11,3,8
70,0,11,4,8
71,0,11,5,8
72,0,12,0,13
73,0,12,1,12
74,0,12,2,14
75,0,12,3,58
76,0,12,4,6
77,0,12,5,13
78,0,13,0,7
79,0,13,1,16
80,0,13,2,9
81,0,13,3,18
82,0,13,4,5
83,0,13,5,5
84,0,14,0,15
85,0,14,1,15
86,0,14,2,17
87,0,14,3,14
88,0,14,4,20
89,0,14,5,12
90,0,15,0,19
91,0,15,1,14
92,0,15,2,10
93,0,15,3,12
94,0,15,4,16
95,0,15,5,9
96,0,16,0,14
97,0,16,1,8
98,0,16,2,10
99,0,16,3,5
100,0,16,4,5
101,0,16,5,5
102,0,17,0,7
103,0,17,1,11
104,0,17,2,6
105,0,17,3,6
106,0,17,4,6
107,0,17,5,6
108,0,18,0,6
109,0,18,1,6
110,0,18,2,6
111,0,18,3,6
112,0,18,4,6
113,0,18,5,6
114,0,19,0,16
115,0,19,1,7
116,0,19,2,7
117,0,19,3,7
118,0,19,4,11
119,0,19,5,7
120,0,20,0,17
121,0,20,1,14
122,0,20,2,8
123,0,20,3,13
124,0,20,4,7
125,0,20,5,8
126,0,21,0,9
127,0,21,1,8
128,0,21,2,8
129,0,21,3,8
130,0,21,4,8
131,0,21,5,8
132,0,22,0,15
133,0,22,1,8
134,0,22,2,6
135,0,22,3,6
136,0,22,4,6
137,0,22,5,6
138,0,23,0,47
139,0,23,1,16
140,0,23,2,6
141,0,23,3,6
142,0,23,4,6
143,0,23,5,6
144,0,24,0,12
145,0,24,1,9
146,0,24,2,8
147,0,24,3,7
148,0,24,4,6
149,0,24,5,7
150,0,25,0,13
151,0,25,1,13
152,0,25,2,11
153,0,25,3,10
154,0,25,4,10
155,0,25,5,10
156,0,26,0,11
157,0,26,1,8
158,0,26,2,7
159,0,26,3,20
160,0,26,4,8
161,0,26,5,8
162,0,27,0,9
163,0,27,1,12
164,0,27,2,6
165,0,27,3,5
166,0,27,4,5
167,0,27,5,5
168,0,28,0,18
169,0,28,1,6
170,0,28,2,10
171,0,28,3,6
172,0,28,4,9
173,0,28,5,9
174,0,29,0,7
175,0,29,1,11
176,0,29,2,10
177,0,29,3,6
178,0,29,4,11
179,0,29,5,5
180,0,30,0,6
181,0,30,1,8
182,0,30,2,7
183,0,30,3,6
184,0,30,4,8
185,0,30,5,8
186,0,31,0,13
187,0,31,1,7
188,0,31,2,7
189,0,31,3,7
190,0,31,4,7
191,0,31,5,7
192,0,32,0,5
193,0,32,1,9
194,0,32,2,12
195,0,32,3,7
196,0,32,4,7
197,0,32,5,7
198,0,33,0,18
199,0,33,1,13
200,0,33,2,8
201,0,33,3,5
202,0,33,4,5
203,0,33,5,5
204,0,34,0,12
205,0,34,1,6
206,0,34,2,6
207,0,34,3,6
208,0,34,4,6
209,0,34,5,6
210,0,35,0,7
211,0,35,1,17
212,0,35,2,24
213,0,35,3,13
214,0,35,4,13
215,0,35,5,16
216,0,36,0,5
217,0,36,1,6
218,0,36,2,5
219,0,36,3,10
220,0,36,4,5
221,0,36,5,10
222,0,37,0,9
223,0,37,1,7
224,0,37,2,7
225,0,37,3,7
226,0,37,4,7
227,0,37,5,7
228,0,38,0,9
229,0,38,1,7
230,0,38,2,11
231,0,38,3,7
232,0,38,4,7
233,0,38,5,7
234,0,39,0,6
235,0,39,1,6
236,0,39,2,6
237,0,39,3,6
238,0,39,4,6
239,0,39,5,6
240,0,40,0,9
241,0,40,1,9
242,0,40,2,12
243,0,40,3,12
244,0,40,4,8
245,0,40,5,10
246,0,41,0,6
247,0,41,1,7
248,0,41,2,5
249,0,41,3,5
250,0,41,4,5
251,0,41,5,5
252,0,42,0,22
253,0,42,1,20
254,0,42,2,7
255,0,42,3,14
256,0,42,4,6
257,0,42,5,5
258,0,43,0,5
259,0,43,1,5
260,0,43,2,6
261,0,43,3,5
262,0,43,4,6
263,0,43,5,7
264,0,44,0,10
265,0,44,1,10
266,0,44,2,9
267,0,44,3,22
268,0,44,4,13
269,0,44,5,7
270,0,45,0,7
271,0,45,1,7
272,0,45,2,9
273,0,45,3,11
274,0,45,4,10
275,0,45,5,10
276,0,46,0,7
277,0,46,1,7
278,0,46,2,7
279,0,46,3,9
280,0,46,4,7
281,0,46,5,7
282,0,47,0,6
283,0,47,1,15
284,0,47,2,29
285,0,47,3,26
286,0,47,4,15
287,0,47,5,22
288,0,48,0,9
289,0,48,1,14
290,0,48,2,17
291,0,48,3,10
292,0,48,4,9
293,0,48,5,7
294,0,49,0,10
295,0,49,1,14
296,0,49,2,8
297,0,49,3,8
298,0,49,4,8
299,0,49,5,8
300,0,50,0,15
301,0,50,1,7
302,0,50,2,7
303,0,50,3,19
304,0,50,4,6
305,0,50,5,7
306,0,51,0,8
307,0,51,1,8
308,0,51,2,11
309,0,51,3,8
310,0,51,4,11
311,0,51,5,8
312,0,52,0,12
313,0,52,1,14
314,0,52,2,13
315,0,52,3,8
316,0,52,4,14
317,0,52,5,15
318,0,53,0,10
319,0,53,1,15
320,0,53,2,14
321,0,53,3,20
322,0,53,4,13
323,0,53,5,11
324,0,54,0,10
325,0,54,1,9
326,0,54,2,9
327,0,54,3,10
328,0,54,4,7
329,0,54,5,7
330,0,55,0,16
331,0,55,1,12
332,0,55,2,21
333,0,55,3,20
334,0,55,4,17
335,0,55,5,15
336,0,56,0,21
337,0,56,1,15
338,0,56,2,12
339,0,56,3,16
340,0,56,4,11
341,0,56,5,11
342,0,57,0,9
343,0,57,1,9
344,0,57,2,10
345,0,57,3,9
346,0,57,4,9
347,0,57,5,9
348,0,58,0,13
349,0,58,1,9
350,0,58,2,6
351,0,58,3,8
352,0,58,4,6
353,0,58,5,6
354,0,59,0,20
355,0,59,1,15
356,0,59,2,18
357,0,59,3,18
358,0,59,4,13
359,0,59,5,14
360,0,60,0,14
361,0,60,1,21
362,0,60,2,13
363,0,60,3,8
364,0,60,4,9
365,0,60,5,7
366,0,61,0,7
367,0,61,1,7
368,0,61,2,7
369,0,61,3,7
370,0,61,4,7
371,0,61,5,7
372,0,62,0,9
373,0,62,1,11
374,0,62,2,8
375,0,62,3,8
376,0,62,4,8
377,0,62,5,8
378,0,63,0,14
379,0,63,1,14
380,0,63,2,13
381,0,63,3,9
382,0,63,4,10
383,0,63,5,9
384,0,64,0,8
385,0,64,1,12
386,0,64,2,8
387,0,64,3,8
388,0,64,4,11
389,0,64,5,9
390,0,65,0,10
391,0,65,1,12
392,0,65,2,10
393,0,65,3,9
394,0,65,4,9
395,0,65,5,14
396,0,66,0,9
397,0,66,1,12
398,0,66,2,6
399,0,66,3,6
400,0,66,4,6
401,0,66,5,8
402,0,67,0,7
403,0,67,1,7
404,0,67,2,7
405,0,67,3,7
406,0,67,4,7
407,0,67,5,7
408,0,68,0,8
409,0,68,1,5
410,0,68,2,6
411,0,68,3,5
412,0,68,4,5
413,0,68,5,5
414,0,69,0,9
415,0,69,1,11
416,0,69,2,7
417,0,69,3,7
418,0,69,4,8
419,0,69,5,7
420,0,70,0,7
421,0,70,1,10
422,0,70,2,6
423,0,70,3,6
424,0,70,4,6
425,0,70,5,6
426,0,71,0,7
427,0,71,1,43
428,0,71,2,10
429,0,71,3,8
430,0,71,4,7
431,0,71,5,9
432,0,72,0,13
433,0,72,1,15
434,0,72,2,13
435,0,72,3,13
436,0,72,4,12
437,0,72,5,10
438,0,73,0,6
439,0,73,1,15
440,0,73,2,6
441,0,73,3,8
442,0,73,4,6
443,0,73,5,6
444,0,74,0,8
445,0,74,1,7
446,0,74,2,7
447,0,74,3,7
448,0,74,4,7
449,0,74,5,7
450,0,75,0,24
451,0,75,1,15
452,0,75,2,10
453,0,75,3,10
454,0,75,4,9
455,0,75,5,9
456,0,76,0,10
457,0,76,1,7
458,0,76,2,7
459,0,76,3,10
460,0,76,4,11
461,0,76,5,8
462,0,77,0,9
463,0,77,1,7
464,0,77,2,7
465,0,77,3,7
466,0,77,4,7
467,0,77,5,8
468,0,78,0,7
469,0,78,1,6
470,0,78,2,6
471,0,78,3,10
472,0,78,4,6
473,0,78,5,6
474,0,79,0,8
475,0,79,1,13
476,0,79,2,13
477,0,79,3,6
478,0,79,4,6
479,0,79,5,7
480,0,80,0,13
481,0,80,1,11
482,0,80,2,8
483,0,80,3,16
484,0,80,4,7
485,0,80,5,9
486,0,81,0,18
487,0,81,1,13
488,0,81,2,9
489,0,81,3,8
490,0,81,4,7
491,0,81,5,7
492,0,82,0,15
493,0,82,1,8
494,0,82,2,13
495,0,82,3,8
496,0,82,4,8
497,0,82,5,8
498,0,83,0,13
499,0,83,1,14
500,0,83,2,15
501,0,83,3,13
502,0,83,4,10
503,0,83,5,7
504,0,84,0,26
505,0,84,1,28
506,0,84,2,24
507,0,84,3,17
508,0,84,4,22
509,0,84,5,29
510,0,85,0,8
511,0,85,1,12
512,0,85,2,14
513,0,85,3,8
514,0,85,4,8
515,0,85,5,8
516,0,86,0,17
517,0,86,1,9
518,0,86,2,12
519,0,86,3,10
520,0,86,4,13
521,0,86,5,10
522,0,87,0,6
523,0,87,1,6
524,0,87,2,6
525,0,87,3,6
526,0,87,4,6
527,0,87,5,6
528,0,88,0,6
529,0,88,1,8
530,0,88,2,12
531,0,88,3,8
532,0,88,4,7
533,0,88,5,7
534,0,89,0,16
535,0,89,1,14
536,0,89,2,7
537,0,89,3,9
538,0,89,4,10
539,0,89,5,8
540,0,90,0,10
541,0,90,1,6
542,0,90,2,6
543,0,90,3,6
544,0,90,4,6
545,0,90,5,14
546,0,91,0,12
547,0,91,1,13
548,0,91,2,10
549,0,91,3,13
550,0,91,4,8
551,0,91,5,16
552,0,92,0,15
553,0,92,1,8
554,0,92,2,10
555,0,92,3,9
556,0,92,4,7
557,0,92,5,7
558,0,93,0,8
559,0,93,1,8
560,0,93,2,7
561,0,93,3,7
562,0,93,4,8
563,0,93,5,7
564,0,94,0,7
565,0,94,1,7
566,0,94,2,7
567,0,94,3,7
568,0,94,4,7
569,0,94,5,7
570,0,95,0,27
571,0,95,1,30
572,0,95,2,15
573,0,95,3,12
574,0,95,4,11
575,0,95,5,9
576,0,96,0,6
577,0,96,1,14
578,0,96,2,8
579,0,96,3,15
580,0,96,4,13
581,0,96,5,12
582,0,97,0,8
583,0,97,1,8
584,0,97,2,9
585,0,97,3,7
586,0,97,4,7
587,0,97,5,7
588,0,98,0,8
589,0,98,1,6
590,0,98,2,7
591,0,98,3,7
592,0,98,4,7
593,0,98,5,7
594,0,99,0,10
595,0,99,1,7
596,0,99,2,13
597,0,99,3,16
598,0,99,4,12
599,0,99,5,10
600,1,0,0,7
601,1,0,1,11
602,1,0,2,7
603,1,0,3,7
604,1,0,4,7
605,1,0,5,7
606,1,1,0,7
607,1,1,1,12
608,1,1,2,7
609,1,1,3,12
610,1,1,4,6
611,1,1,5,13
612,1,2,0,14
613,1,2,1,13
614,1,2,2,10
615,1,2,3,12
616,1,2,4,12
617,1,2,5,16
618,1,3,0,6
619,1,3,1,6
620,1,3,2,6
621,1,3,3,6
622,1,3,4,6
623,1,3,5,6
624,1,4,0,5
625,1,4,1,5
626,1,4,2,5
627,1,4,3,5
628,1,4,4,5
629,1,4,5,5
630,1,5,0,6
631,1,5,1,6
632,1,5,2,6
633,1,5,3,7
634,1,5,4,8
635,1,5,5,8
636,1,6,0,5
637,1,6,1,5
638,1,6,2,5
639,1,6,3,5
640,1,6,4,5
641,1,6,5,5
642,1,7,0,8
643,1,7,1,8
644,1,7,2,8
645,1,7,3,8
646,1,7,4,8
647,1,7,5,8
648,1,8,0,8
649,1,8,1,8
650,1,8,2,8
651,1,8,3,10
652,1,8,4,8
653,1,8,5,8
654,1,9,0,10
655,1,9,1,9
656,1,9,2,9
657,1,9,3,9
658,1,9,4,9
659,1,9,5,10
660,1,10,0,6
661,1,10,1,7
662,1,10,2,6
663,1,10,3,7
664,1,10,4,6
665,1,10,5,12
666,1,11,0,8
667,1,11,1,11
668,1,11,2,8
669,1,11,3,10
670,1,11,4,8
671,1,11,5,8
672,1,12,0,13
673,1,12,1,12
674,1,12,2,14
675,1,12,3,7
676,1,12,4,5
677,1,12,5,12
678,1,13,0,5
679,1,13,1,5
680,1,13,2,5
681,1,13,3,8
682,1,13,4,5
683,1,13,5,5
684,1,14,0,12
685,1,14,1,12
686,1,14,2,15
687,1,14,3,22
688,1,14,4,20
689,1,14,5,12
690,1,15,0,8
691,1,15,1,11
692,1,15,2,8
693,1,15,3,8
694,1,15,4,8
695,1,15,5,10
696,1,16,0,5
697,1,16,1,5
698,1,16,2,5
699,1,16,3,5
700,1,16,4,5
701,1,16,5,5
702,1,17,0,6
703,1,17,1,6
704,1,17,2,6
705,1,17,3,6
706,1,17,4,6
707,1,17,5,6
708,1,18,0,6
709,1,18,1,6
710,1,18,2,6
711,1,18,3,6
712,1,18,4,6
713,1,18,5,6
714,1,19,0,7
715,1,19,1,7
716,1,19,2,7
717,1,19,3,8
718,1,19,4,7
719,1,19,5,9
720,1,20,0,7
721,1,20,1,7
722,1,20,2,7
723,1,20,3,7
724,1,20,4,7
725,1,20,5,7
726,1,21,0,8
727,1,21,1,8
728,1,21,2,8
729,1,21,3,8
730,1,21,4,8
731,1,21,5,8
732,1,22,0,6
733,1,22,1,6
734,1,22,2,6
735,1,22,3,6
736,1,22,4,6
737,1,22,5,6
738,1,23,0,6
739,1,23,1,6
740,1,23,2,6
741,1,23,3,6
742,1,23,4,6
743,1,23,5,6
744,1,24,0,8
745,1,24,1,6
746,1,24,2,6
747,1,24,3,6
748,1,24,4,6
749,1,24,5,6
750,1,25,0,10
751,1,25,1,10
752,1,25,2,11
753,1,25,3,10
754,1,25,4,22
755,1,25,5,10
756,1,26,0,8
757,1,26,1,7
758,1,26,2,8
759,1,26,3,8
760,1,26,4,8
761,1,26,5,8
762,1,27,0,5
763,1,27,1,5
764,1,27,2,5
765,1,27,3,5
766,1,27,4,5
767,1,27,5,5
768,1,28,0,10
769,1,28,1,10
770,1,28,2,10
771,1,28,3,11
772,1,28,4,9
773,1,28,5,11
774,1,29,0,5
775,1,29,1,5
776,1,29,2,6
777,1,29,3,5
778,1,29,4,5
779,1,29,5,5
780,1,30,0,6
781,1,30,1,8
782,1,30,2,6
783,1,30,3,6
784,1,30,4,6
785,1,30,5,6
786,1,31,0,7
787,1,31,1,7
788,1,31,2,7
789,1,31,3,7
790,1,31,4,7
791,1,31,5,7
792,1,32,0,7
793,1,32,1,8
794,1,32,2,8
795,1,32,3,7
796,1,32,4,7
797,1,32,5,7
798,1,33,0,5
799,1,33,1,5
800,1,33,2,5
801,1,33,3,5
802,1,33,4,5
803,1,33,5,5
804,1,34,0,6
805,1,34,1,6
806,1,34,2,6
807,1,34,3,6
808,1,34,4,6
809,1,34,5,6
810,1,35,0,15
811,1,35,1,9
812,1,35,2,13
813,1,35,3,14
814,1,35,4,15
815,1,35,5,15
816,1,36,0,5
817,1,36,1,6
818,1,36,2,5
819,1,36,3,10
820,1,36,4,5
821,1,36,5,10
822,1,37,0,7
823,1,37,1,7
824,1,37,2,7
825,1,37,3,7
826,1,37,4,7
827,1,37,5,7
828,1,38,0,7
829,1,38,1,7
830,1,38,2,13
831,1,38,3,7
832,1,38,4,7
833,1,38,5,7
834,1,39,0,6
835,1,39,1,6
836,1,39,2,6
837,1,39,3,6
838,1,39,4,6
839,1,39,5,6
840,1,40,0,8
841,1,40,1,8
842,1,40,2,9
843,1,40,3,8
844,1,40,4,8
845,1,40,5,8
846,1,41,0,5
847,1,41,1,5
848,1,41,2,5
849,1,41,3,5
850,1,41,4,5
851,1,41,5,5
852,1,42,0,5
853,1,42,1,5
854,1,42,2,5
855,1,42,3,5
856,1,42,4,5
857,1,42,5,5
858,1,43,0,5
859,1,43,1,5
860,1,43,2,6
861,1,43,3,5
862,1,43,4,6
863,1,43,5,7
864,1,44,0,9
865,1,44,1,9
866,1,44,2,9
867,1,44,3,11
868,1,44,4,7
869,1,44,5,9
870,1,45,0,7
871,1,45,1,7
872,1,45,2,9
873,1,45,3,11
874,1,45,4,10
875,1,45,5,10
876,1,46,0,7
877,1,46,1,7
878,1,46,2,7
879,1,46,3,7
880,1,46,4,7
881,1,46,5,7
882,1,47,0,15
883,1,47,1,16
884,1,47,2,12
885,1,47,3,28
886,1,47,4,13
887,1,47,5,26
888,1,48,0,10
889,1,48,1,7
890,1,48,2,11
891,1,48,3,9
892,1,48,4,7
893,1,48,5,9
894,1,49,0,8
895,1,49,1,8
896,1,49,2,8
897,1,49,3,8
898,1,49,4,8
899,1,49,5,8
900,1,50,0,6
901,1,50,1,6
902,1,50,2,6
903,1,50,3,6
904,1,50,4,6
905,1,50,5,6
906,1,51,0,8
907,1,51,1,8
908,1,51,2,11
909,1,51,3,8
910,1,51,4,11
911,1,51,5,8
912,1,52,0,12
913,1,52,1,14
914,1,52,2,13
915,1,52,3,8
916,1,52,4,14
917,1,52,5,15
918,1,53,0,10
919,1,53,1,10
920,1,53,2,11
921,1,53,3,10
922,1,53,4,10
923,1,53,5,11
924,1,54,0,10
925,1,54,1,9
926,1,54,2,9
927,1,54,3,10
928,1,54,4,7
929,1,54,5,7
930,1,55,0,16
931,1,55,1,13
932,1,55,2,17
933,1,55,3,14
934,1,55,4,18
935,1,55,5,23
936,1,56,0,16
937,1,56,1,9
938,1,56,2,14
939,1,56,3,9
940,1,56,4,20
941,1,56,5,15
942,1,57,0,9
943,1,57,1,9
944,1,57,2,8
945,1,57,3,8
946,1,57,4,8
947,1,57,5,9
948,1,58,0,6
949,1,58,1,6
950,1,58,2,6
951,1,58,3,6
952,1,58,4,6
953,1,58,5,6
954,1,59,0,7
955,1,59,1,23
956,1,59,2,12
957,1,59,3,14
958,1,59,4,15
959,1,59,5,22
960,1,60,0,7
961,1,60,1,7
962,1,60,2,7
963,1,60,3,9
964,1,60,4,8
965,1,60,5,7
966,1,61,0,7
967,1,61,1,7
968,1,61,2,7
969,1,61,3,7
970,1,61,4,7
971,1,61,5,7
972,1,62,0,9
973,1,62,1,11
974,1,62,2,8
975,1,62,3,8
976,1,62,4,8
977,1,62,5,12
978,1,63,0,9
979,1,63,1,6
980,1,63,2,10
981,1,63,3,9
982,1,63,4,10
983,1,63,5,9
984,1,64,0,8
985,1,64,1,10
986,1,64,2,8
987,1,64,3,8
988,1,64,4,9
989,1,64,5,8
990,1,65,0,10
991,1,65,1,12
992,1,65,2,10
993,1,65,3,9
994,1,65,4,9
995,1,65,5,14
996,1,66,0,6
997,1,66,1,6
998,1,66,2,8
999,1,66,3,12
1000,1,66,4,6
1001,1,66,5,6
1002,1,67,0,7
1003,1,67,1,7
1004,1,67,2,7
1005,1,67,3,7
1006,1,67,4,7
1007,1,67,5,7
1008,1,68,0,5
1009,1,68,1,5
1010,1,68,2,5
1011,1,68,3,5
1012,1,68,4,5
1013,1,68,5,5
1014,1,69,0,7
1015,1,69,1,7
1016,1,69,2,7
1017,1,69,3,7
1018,1,69,4,7
1019,1,69,5,7
1020,1,70,0,6
1021,1,70,1,6
1022,1,70,2,6
1023,1,70,3,6
1024,1,70,4,6
1025,1,70,5,6
1026,1,71,0,7
1027,1,71,1,7
1028,1,71,2,7
1029,1,71,3,7
1030,1,71,4,7
1031,1,71,5,7
1032,1,72,0,11
1033,1,72,1,9
1034,1,72,2,9
1035,1,72,3,10
1036,1,72,4,9
1037,1,72,5,9
1038,1,73,0,6
1039,1,73,1,6
1040,1,73,2,6
1041,1,73,3,6
1042,1,73,4,6
1043,1,73,5,6
1044,1,74,0,7
1045,1,74,1,7
1046,1,74,2,7
1047,1,74,3,7
1048,1,74,4,7
1049,1,74,5,8
1050,1,75,0,9
1051,1,75,1,13
1052,1,75,2,9
1053,1,75,3,13
1054,1,75,4,9
1055,1,75,5,9
1056,1,76,0,6
1057,1,76,1,6
1058,1,76,2,6
1059,1,76,3,6
1060,1,76,4,6
1061,1,76,5,6
1062,1,77,0,9
1063,1,77,1,7
1064,1,77,2,7
1065,1,77,3,7
1066,1,77,4,7
1067,1,77,5,8
1068,1,78,0,6
1069,1,78,1,6
1070,1,78,2,6
1071,1,78,3,6
1072,1,78,4,6
1073,1,78,5,6
1074,1,79,0,6
1075,1,79,1,6
1076,1,79,2,6
1077,1,79,3,7
1078,1,79,4,9
1079,1,79,5,6
1080,1,80,0,11
1081,1,80,1,12
1082,1,80,2,9
1083,1,80,3,9
1084,1,80,4,7
1085,1,80,5,7
1086,1,81,0,7
1087,1,81,1,7
1088,1,81,2,8
1089,1,81,3,7
1090,1,81,4,9
1091,1,81,5,7
1092,1,82,0,8
1093,1,82,1,8
1094,1,82,2,8
1095,1,82,3,12
1096,1,82,4,9
1097,1,82,5,8
1098,1,83,0,11
1099,1,83,1,8
1100,1,83,2,8
1101,1,83,3,7
1102,1,83,4,7
1103,1,83,5,7
1104,1,84,0,26
1105,1,84,1,28
1106,1,84,2,24
1107,1,84,3,17
1108,1,84,4,22
1109,1,84,5,29
1110,1,85,0,8
1111,1,85,1,8
1112,1,85,2,8
1113,1,85,3,7
1114,1,85,4,8
1115,1,85,5,9
1116,1,86,0,9
1117,1,86,1,8
1118,1,86,2,11
1119,1,86,3,10
1120,1,86,4,10
1121,1,86,5,13
1122,1,87,0,6
1123,1,87,1,6
1124,1,87,2,6
1125,1,87,3,6
1126,1,87,4,6
1127,1,87,5,6
1128,1,88,0,7
1129,1,88,1,7
1130,1,88,2,7
1131,1,88,3,7
1132,1,88,4,7
1133,1,88,5,7
1134,1,89,0,7
1135,1,89,1,8
1136,1,89,2,7
1137,1,89,3,7
1138,1,89,4,7
1139,1,89,5,7
1140,1,90,0,10
1141,1,90,1,6
1142,1,90,2,6
1143,1,90,3,6
1144,1,90,4,6
1145,1,90,5,14
1146,1,91,0,11
1147,1,91,1,9
1148,1,91,2,12
1149,1,91,3,14
1150,1,91,4,13
1151,1,91,5,13
1152,1,92,0,9
1153,1,92,1,9
1154,1,92,2,7
1155,1,92,3,7
1156,1,92,4,7
1157,1,92,5,7
1158,1,93,0,8
1159,1,93,1,7
1160,1,93,2,7
1161,1,93,3,7
1162,1,93,4,8
1163,1,93,5,7
1164,1,94,0,7
1165,1,94,1,7
1166,1,94,2,7
1167,1,94,3,7
1168,1,94,4,7
1169,1,94,5,7
1170,1,95,0,8
1171,1,95,1,8
1172,1,95,2,7
1173,1,95,3,7
1174,1,95,4,7
1175,1,95,5,7
1176,1,96,0,12
1177,1,96,1,6
1178,1,96,2,6
1179,1,96,3,6
1180,1,96,4,6
1181,1,96,5,6
1182,1,97,0,7
1183,1,97,1,7
1184,1,97,2,7
1185,1,97,3,7
1186,1,97,4,8
1187,1,97,5,7
1188,1,98,0,7
1189,1,98,1,7
1190,1,98,2,7
1191,1,98,3,7
1192,1,98,4,7
1193,1,98,5,7
1194,1,99,0,10
1195,1,99,1,10
1196,1,99,2,10
1197,1,99,3,7
1198,1,99,4,10
1199,1,99,5,14
1200,2,0,0,7
1201,2,0,1,11
1202,2,0,2,7
1203,2,0,3,7
1204,2,0,4,7
1205,2,0,5,7
1206,2,1,0,7
1207,2,1,1,12
1208,2,1,2,7
1209,2,1,3,7
1210,2,1,4,6
1211,2,1,5,6
1212,2,2,0,14
1213,2,2,1,13
1214,2,2,2,10
1215,2,2,3,12
1216,2,2,4,12
1217,2,2,5,16
1218,2,3,0,6
1219,2,3,1,6
1220,2,3,2,6
1221,2,3,3,6
1222,2,3,4,6
1223,2,3,5,6
1224,2,4,0,5
1225,2,4,1,5
1226,2,4,2,5
1227,2,4,3,5
1228,2,4,4,5
1229,2,4,5,5
1230,2,5,0,6
1231,2,5,1,6
1232,2,5,2,6
1233,2,5,3,7
1234,2,5,4,8
1235,2,5,5,8
1236,2,6,0,5
1237,2,6,1,5
1238,2,6,2,5
1239,2,6,3,5
1240,2,6,4,5
1241,2,6,5,5
1242,2,7,0,8
1243,2,7,1,8
1244,2,7,2,8
1245,2,7,3,8
1246,2,7,4,8
1247,2,7,5,8
1248,2,8,0,8
1249,2,8,1,8
1250,2,8,2,8
1251,2,8,3,10
1252,2,8,4,8
1253,2,8,5,8
1254,2,9,0,10
1255,2,9,1,9
1256,2,9,2,9
1257,2,9,3,9
1258,2,9,4,10
1259,2,9,5,9
1260,2,10,0,6
1261,2,10,1,7
1262,2,10,2,6
1263,2,10,3,7
1264,2,10,4,6
1265,2,10,5,12
1266,2,11,0,8
1267,2,11,1,11
1268,2,11,2,14
1269,2,11,3,8
1270,2,11,4,8
1271,2,11,5,8
1272,2,12,0,8
1273,2,12,1,5
1274,2,12,2,5
1275,2,12,3,5
1276,2,12,4,5
1277,2,12,5,6
1278,2,13,0,5
1279,2,13,1,5
1280,2,13,2,5
1281,2,13,3,8
1282,2,13,4,5
1283,2,13,5,5
1284,2,14,0,12
1285,2,14,1,12
1286,2,14,2,18
1287,2,14,3,19
1288,2,14,4,20
1289,2,14,5,12
1290,2,15,0,8
1291,2,15,1,8
1292,2,15,2,8
1293,2,15,3,9
1294,2,15,4,9
1295,2,15,5,11
1296,2,16,0,5
1297,2,16,1,5
1298,2,16,2,5
1299,2,16,3,5
1300,2,16,4,5
1301,2,16,5,5
1302,2,17,0,6
1303,2,17,1,6
1304,2,17,2,6
1305,2,17,3,6
1306,2,17,4,6
1307,2,17,5,6
1308,2,18,0,6
1309,2,18,1,6
1310,2,18,2,6
1311,2,18,3,6
1312,2,18,4,6
1313,2,18,5,6
1314,2,19,0,7
1315,2,19,1,7
1316,2,19,2,7
1317,2,19,3,8
1318,2,19,4,7
1319,2,19,5,9
1320,2,20,0,7
1321,2,20,1,7
1322,2,20,2,7
1323,2,20,3,7
1324,2,20,4,7
1325,2,20,5,7
1326,2,21,0,8
1327,2,21,1,8
1328,2,21,2,8
1329,2,21,3,8
1330,2,21,4,8
1331,2,21,5,8
1332,2,22,0,6
1333,2,22,1,6
1334,2,22,2,6
1335,2,22,3,6
1336,2,22,4,6
1337,2,22,5,6
1338,2,23,0,6
1339,2,23,1,6
1340,2,23,2,6
1341,2,23,3,6
1342,2,23,4,6
1343,2,23,5,6
1344,2,24,0,8
1345,2,24,1,6
1346,2,24,2,6
1347,2,24,3,6
1348,2,24,4,6
1349,2,24,5,6
1350,2,25,0,10
1351,2,25,1,10
1352,2,25,2,12
1353,2,25,3,10
1354,2,25,4,22
1355,2,25,5,15
1356,2,26,0,8
1357,2,26,1,7
1358,2,26,2,8
1359,2,26,3,8
1360,2,26,4,8
1361,2,26,5,8
1362,2,27,0,5
1363,2,27,1,5
1364,2,27,2,5
1365,2,27,3,5
1366,2,27,4,5
1367,2,27,5,5
1368,2,28,0,10
1369,2,28,1,10
1370,2,28,2,11
1371,2,28,3,10
1372,2,28,4,11
1373,2,28,5,11
1374,2,29,0,5
1375,2,29,1,5
1376,2,29,2,6
1377,2,29,3,5
1378,2,29,4,5
1379,2,29,5,5
1380,2,30,0,6
1381,2,30,1,8
1382,2,30,2,6
1383,2,30,3,6
1384,2,30,4,6
1385,2,30,5,6
1386,2,31,0,7
1387,2,31,1,7
1388,2,31,2,7
1389,2,31,3,7
1390,2,31,4,7
1391,2,31,5,7
1392,2,32,0,7
1393,2,32,1,8
1394,2,32,2,8
1395,2,32,3,7
1396,2,32,4,7
1397,2,32,5,7
1398,2,33,0,5
1399,2,33,1,5
1400,2,33,2,5
1401,2,33,3,5
1402,2,33,4,5
1403,2,33,5,5
1404,2,34,0,6
1405,2,34,1,6
1406,2,34,2,6
1407,2,34,3,6
1408,2,34,4,6
1409,2,34,5,6
1410,2,35,0,15
1411,2,35,1,13
1412,2,35,2,13
1413,2,35,3,16
1414,2,35,4,15
1415,2,35,5,14
1416,2,36,0,5
1417,2,36,1,6
1418,2,36,2,5
1419,2,36,3,10
1420,2,36,4,5
1421,2,36,5,10
1422,2,37,0,7
1423,2,37,1,7
1424,2,37,2,7
1425,2,37,3,7
1426,2,37,4,7
1427,2,37,5,7
1428,2,38,0,7
1429,2,38,1,7
1430,2,38,2,13
1431,2,38,3,7
1432,2,38,4,7
1433,2,38,5,7
1434,2,39,0,6
1435,2,39,1,6
1436,2,39,2,6
1437,2,39,3,6
1438,2,39,4,6
1439,2,39,5,6
1440,2,40,0,8
1441,2,40,1,8
1442,2,40,2,9
1443,2,40,3,8
1444,2,40,4,8
1445,2,40,5,8
1446,2,41,0,5
1447,2,41,1,5
1448,2,41,2,5
1449,2,41,3,5
1450,2,41,4,5
1451,2,41,5,5
1452,2,42,0,5
1453,2,42,1,5
1454,2,42,2,5
1455,2,42,3,5
1456,2,42,4,5
1457,2,42,5,5
1458,2,43,0,5
1459,2,43,1,5
1460,2,43,2,6
1461,2,43,3,5
1462,2,43,4,6
1463,2,43,5,7
1464,2,44,0,7
1465,2,44,1,7
1466,2,44,2,10
1467,2,44,3,12
1468,2,44,4,8
1469,2,44,5,8
1470,2,45,0,7
1471,2,45,1,7
1472,2,45,2,9
1473,2,45,3,11
1474,2,45,4,10
1475,2,45,5,10
1476,2,46,0,7
1477,2,46,1,7
1478,2,46,2,7
1479,2,46,3,7
1480,2,46,4,7
1481,2,46,5,7
1482,2,47,0,15
1483,2,47,1,16
1484,2,47,2,16
1485,2,47,3,24
1486,2,47,4,22
1487,2,47,5,30
1488,2,48,0,9
1489,2,48,1,14
1490,2,48,2,8
1491,2,48,3,9
1492,2,48,4,9
1493,2,48,5,9
1494,2,49,0,8
1495,2,49,1,8
1496,2,49,2,8
1497,2,49,3,8
1498,2,49,4,8
1499,2,49,5,8
1500,2,50,0,6
1501,2,50,1,6
1502,2,50,2,6
1503,2,50,3,6
1504,2,50,4,6
1505,2,50,5,6
1506,2,51,0,8
1507,2,51,1,8
1508,2,51,2,11
1509,2,51,3,8
1510,2,51,4,11
1511,2,51,5,8
1512,2,52,0,12
1513,2,52,1,14
1514,2,52,2,13
1515,2,52,3,8
1516,2,52,4,14
1517,2,52,5,15
1518,2,53,0,10
1519,2,53,1,10
1520,2,53,2,11
1521,2,53,3,10
1522,2,53,4,10
1523,2,53,5,11
1524,2,54,0,10
1525,2,54,1,9
1526,2,54,2,10
1527,2,54,3,7
1528,2,54,4,10
1529,2,54,5,7
1530,2,55,0,17
1531,2,55,1,17
1532,2,55,2,15
1533,2,55,3,21
1534,2,55,4,16
1535,2,55,5,15
1536,2,56,0,16
1537,2,56,1,8
1538,2,56,2,14
1539,2,56,3,13
1540,2,56,4,14
1541,2,56,5,8
1542,2,57,0,9
1543,2,57,1,9
1544,2,57,2,8
1545,2,57,3,11
1546,2,57,4,10
1547,2,57,5,8
1548,2,58,0,6
1549,2,58,1,6
1550,2,58,2,6
1551,2,58,3,6
1552,2,58,4,6
1553,2,58,5,6
1554,2,59,0,10
1555,2,59,1,20
1556,2,59,2,12
1557,2,59,3,14
1558,2,59,4,15
1559,2,59,5,22
1560,2,60,0,7
1561,2,60,1,7
1562,2,60,2,7
1563,2,60,3,9
1564,2,60,4,9
1565,2,60,5,7
1566,2,61,0,7
1567,2,61,1,7
1568,2,61,2,7
1569,2,61,3,7
1570,2,61,4,7
1571,2,61,5,7
1572,2,62,0,9
1573,2,62,1,11
1574,2,62,2,8
1575,2,62,3,8
1576,2,62,4,8
1577,2,62,5,12
1578,2,63,0,9
1579,2,63,1,12
1580,2,63,2,9
1581,2,63,3,10
1582,2,63,4,9
1583,2,63,5,9
1584,2,64,0,8
1585,2,64,1,10
1586,2,64,2,8
1587,2,64,3,8
1588,2,64,4,13
1589,2,64,5,9
1590,2,65,0,10
1591,2,65,1,12
1592,2,65,2,10
1593,2,65,3,9
1594,2,65,4,9
1595,2,65,5,14
1596,2,66,0,6
1597,2,66,1,6
1598,2,66,2,8
1599,2,66,3,12
1600,2,66,4,6
1601,2,66,5,6
1602,2,67,0,7
1603,2,67,1,7
1604,2,67,2,7
1605,2,67,3,7
1606,2,67,4,7
1607,2,67,5,7
1608,2,68,0,5
1609,2,68,1,5
1610,2,68,2,5
1611,2,68,3,5
1612,2,68,4,5
1613,2,68,5,5
1614,2,69,0,7
1615,2,69,1,7
1616,2,69,2,7
1617,2,69,3,7
1618,2,69,4,7
1619,2,69,5,7
1620,2,70,0,6
1621,2,70,1,6
1622,2,70,2,6
1623,2,70,3,6
1624,2,70,4,6
1625,2,70,5,6
1626,2,71,0,7
1627,2,71,1,7
1628,2,71,2,7
1629,2,71,3,7
1630,2,71,4,7
1631,2,71,5,7
1632,2,72,0,10
1633,2,72,1,9
1634,2,72,2,9
1635,2,72,3,9
1636,2,72,4,10
1637,2,72,5,9
1638,2,73,0,6
1639,2,73,1,6
1640,2,73,2,6
1641,2,73,3,6
1642,2,73,4,6
1643,2,73,5,6
1644,2,74,0,7
1645,2,74,1,7
1646,2,74,2,7
1647,2,74,3,7
1648,2,74,4,7
1649,2,74,5,8
1650,2,75,0,11
1651,2,75,1,11
1652,2,75,2,9
1653,2,75,3,13
1654,2,75,4,9
1655,2,75,5,9
1656,2,76,0,6
1657,2,76,1,6
1658,2,76,2,6
1659,2,76,3,6
1660,2,76,4,6
1661,2,76,5,6
1662,2,77,0,9
1663,2,77,1,7
1664,2,77,2,7
1665,2,77,3,7
1666,2,77,4,7
1667,2,77,5,8
1668,2,78,0,6
1669,2,78,1,6
1670,2,78,2,6
1671,2,78,3,6
1672,2,78,4,6
1673,2,78,5,6
1674,2,79,0,6
1675,2,79,1,6
1676,2,79,2,6
1677,2,79,3,7
1678,2,79,4,9
1679,2,79,5,6
1680,2,80,0,7
1681,2,80,1,6
1682,2,80,2,6
1683,2,80,3,6
1684,2,80,4,7
1685,2,80,5,9
1686,2,81,0,7
1687,2,81,1,7
1688,2,81,2,7
1689,2,81,3,8
1690,2,81,4,9
1691,2,81,5,7
1692,2,82,0,15
1693,2,82,1,9
1694,2,82,2,12
1695,2,82,3,9
1696,2,82,4,8
1697,2,82,5,11
1698,2,83,0,7
1699,2,83,1,7
1700,2,83,2,7
1701,2,83,3,7
1702,2,83,4,7
1703,2,83,5,7
1704,2,84,0,26
1705,2,84,1,28
1706,2,84,2,24
1707,2,84,3,17
1708,2,84,4,22
1709,2,84,5,37
1710,2,85,0,8
1711,2,85,1,8
1712,2,85,2,8
1713,2,85,3,7
1714,2,85,4,8
1715,2,85,5,9
1716,2,86,0,11
1717,2,86,1,10
1718,2,86,2,12
1719,2,86,3,8
1720,2,86,4,9
1721,2,86,5,11
1722,2,87,0,6
1723,2,87,1,6
1724,2,87,2,6
1725,2,87,3,6
1726,2,87,4,6
1727,2,87,5,6
1728,2,88,0,7
1729,2,88,1,7
1730,2,88,2,7
1731,2,88,3,7
1732,2,88,4,7
1733,2,88,5,7
1734,2,89,0,7
1735,2,89,1,7
1736,2,89,2,7
1737,2,89,3,7
1738,2,89,4,8
1739,2,89,5,7
1740,2,90,0,10
1741,2,90,1,6
1742,2,90,2,6
1743,2,90,3,6
1744,2,90,4,6
1745,2,90,5,14
1746,2,91,0,6
1747,2,91,1,6
1748,2,91,2,7
1749,2,91,3,7
1750,2,91,4,9
1751,2,91,5,6
1752,2,92,0,9
1753,2,92,1,9
1754,2,92,2,7
1755,2,92,3,7
1756,2,92,4,7
1757,2,92,5,7
1758,2,93,0,8
1759,2,93,1,7
1760,2,93,2,7
1761,2,93,3,7
1762,2,93,4,8
1763,2,93,5,7
1764,2,94,0,7
1765,2,94,1,7
1766,2,94,2,7
1767,2,94,3,7
1768,2,94,4,7
1769,2,94,5,7
1770,2,95,0,7
1771,2,95,1,7
1772,2,95,2,7
1773,2,95,3,7
1774,2,95,4,8
1775,2,95,5,7
1776,2,96,0,6
1777,2,96,1,6
1778,2,96,2,6
1779,2,96,3,6
1780,2,96,4,6
1781,2,96,5,6
1782,2,97,0,8
1783,2,97,1,7
1784,2,97,2,7
1785,2,97,3,7
1786,2,97,4,7
1787,2,97,5,7
1788,2,98,0,7
1789,2,98,1,7
1790,2,98,2,7
1791,2,98,3,7
1792,2,98,4,7
1793,2,98,5,7
1794,2,99,0,10
1795,2,99,1,10
1796,2,99,2,10
1797,2,99,3,7
1798,2,99,4,10
1799,2,99,5,14
1800,3,0,0,7
1801,3,0,1,11
1802,3,0,2,7
1803,3,0,3,7
1804,3,0,4,7
1805,3,0,5,7
1806,3,1,0,11
1807,3,1,1,12
1808,3,1,2,15
1809,3,1,3,6
1810,3,1,4,13
1811,3,1,5,8
1812,3,2,0,14
1813,3,2,1,13
1814,3,2,2,10
1815,3,2,3,12
1816,3,2,4,10
1817,3,2,5,18
1818,3,3,0,6
1819,3,3,1,6
1820,3,3,2,6
1821,3,3,3,6
1822,3,3,4,6
1823,3,3,5,6
1824,3,4,0,5
1825,3,4,1,5
1826,3,4,2,5
1827,3,4,3,5
1828,3,4,4,5
1829,3,4,5,5
1830,3,5,0,6
1831,3,5,1,6
1832,3,5,2,6
1833,3,5,3,7
1834,3,5,4,8
1835,3,5,5,8
1836,3,6,0,5
1837,3,6,1,5
1838,3,6,2,5
1839,3,6,3,5
1840,3,6,4,5
1841,3,6,5,5
1842,3,7,0,8
1843,3,7,1,8
1844,3,7,2,8
1845,3,7,3,8
1846,3,7,4,8
1847,3,7,5,8
1848,3,8,0,8
1849,3,8,1,8
1850,3,8,2,8
1851,3,8,3,10
1852,3,8,4,10
1853,3,8,5,8
1854,3,9,0,10
1855,3,9,1,10
1856,3,9,2,9
1857,3,9,3,10
1858,3,9,4,9
1859,3,9,5,9
1860,3,10,0,6
1861,3,10,1,7
1862,3,10,2,6
1863,3,10,3,7
1864,3,10,4,6
1865,3,10,5,12
1866,3,11,0,9
1867,3,11,1,9
1868,3,11,2,8
1869,3,11,3,12
1870,3,11,4,10
1871,3,11,5,9
1872,3,12,0,8
1873,3,12,1,5
1874,3,12,2,5
1875,3,12,3,5
1876,3,12,4,5
1877,3,12,5,6
1878,3,13,0,5
1879,3,13,1,5
1880,3,13,2,5
1881,3,13,3,8
1882,3,13,4,5
1883,3,13,5,5
1884,3,14,0,12
1885,3,14,1,12
1886,3,14,2,18
1887,3,14,3,19
1888,3,14,4,20
1889,3,14,5,12
1890,3,15,0,8
1891,3,15,1,8
1892,3,15,2,8
1893,3,15,3,9
1894,3,15,4,9
1895,3,15,5,11
1896,3,16,0,5
1897,3,16,1,5
1898,3,16,2,5
1899,3,16,3,5
1900,3,16,4,5
1901,3,16,5,5
1902,3,17,0,6
1903,3,17,1,6
1904,3,17,2,6
1905,3,17,3,6
1906,3,17,4,6
1907,3,17,5,6
1908,3,18,0,6
1909,3,18,1,6
1910,3,18,2,6
1911,3,18,3,6
1912,3,18,4,6
1913,3,18,5,6
1914,3,19,0,8
1915,3,19,1,8
1916,3,19,2,7
1917,3,19,3,7
1918,3,19,4,7
1919,3,19,5,10
1920,3,20,0,7
1921,3,20,1,7
1922,3,20,2,7
1923,3,20,3,7
1924,3,20,4,7
1925,3,20,5,7
1926,3,21,0,8
1927,3,21,1,8
1928,3,21,2,8
1929,3,21,3,8
1930,3,21,4,8
1931,3,21,5,8
1932,3,22,0,6
1933,3,22,1,6
1934,3,22,2,6
1935,3,22,3,6
1936,3,22,4,6
1937,3,22,5,6
1938,3,23,0,6
1939,3,23,1,6
1940,3,23,2,6
1941,3,23,3,6
1942,3,23,4,6
1943,3,23,5,6
1944,3,24,0,8
1945,3,24,1,6
1946,3,24,2,6
1947,3,24,3,6
1948,3,24,4,6
1949,3,24,5,6
1950,3,25,0,16
1951,3,25,1,12
1952,3,25,2,10
1953,3,25,3,26
1954,3,25,4,15
1955,3,25,5,34
1956,3,26,0,8
1957,3,26,1,7
1958,3,26,2,8
1959,3,26,3,8
1960,3,26,4,8
1961,3,26,5,8
1962,3,27,0,5
1963,3,27,1,5
1964,3,27,2,5
1965,3,27,3,5
1966,3,27,4,5
1967,3,27,5,5
1968,3,28,0,10
1969,3,28,1,10
1970,3,28,2,11
1971,3,28,3,10
1972,3,28,4,11
1973,3,28,5,11
1974,3,29,0,5
1975,3,29,1,5
1976,3,29,2,6
1977,3,29,3,5
1978,3,29,4,5
1979,3,29,5,5
1980,3,30,0,6
1981,3,30,1,8
1982,3,30,2,6
1983,3,30,3,6
1984,3,30,4,6
1985,3,30,5,6
1986,3,31,0,7
1987,3,31,1,7
1988,3,31,2,7
1989,3,31,3,7
1990,3,31,4,7
1991,3,31,5,7
1992,3,32,0,7
1993,3,32,1,8
1994,3,32,2,8
1995,3,32,3,7
1996,3,32,4,7
1997,3,32,5,7
1998,3,33,0,5
1999,3,33,1,5
2000,3,33,2,5
2001,3,33,3,5
2002,3,33,4,5
2003,3,33,5,5
2004,3,34,0,6
2005,3,34,1,6
2006,3,34,2,6
2007,3,34,3,6
2008,3,34,4,6
2009,3,34,5,6
2010,3,35,0,15
2011,3,35,1,9
2012,3,35,2,13
2013,3,35,3,14
2014,3,35,4,15
2015,3,35,5,15
2016,3,36,0,5
2017,3,36,1,6
2018,3,36,2,5
2019,3,36,3,10
2020,3,36,4,5
2021,3,36,5,10
2022,3,37,0,7
2023,3,37,1,7
2024,3,37,2,7
2025,3,37,3,7
2026,3,37,4,7
2027,3,37,5,7
2028,3,38,0,7
2029,3,38,1,7
2030,3,38,2,13
2031,3,38,3,7
2032,3,38,4,7
2033,3,38,5,7
2034,3,39,0,6
2035,3,39,1,6
2036,3,39,2,6
2037,3,39,3,6
2038,3,39,4,6
2039,3,39,5,6
2040,3,40,0,8
2041,3,40,1,8
2042,3,40,2,9
2043,3,40,3,8
2044,3,40,4,8
2045,3,40,5,8
2046,3,41,0,5
2047,3,41,1,5
2048,3,41,2,5
2049,3,41,3,5
2050,3,41,4,5
2051,3,41,5,5
2052,3,42,0,5
2053,3,42,1,5
2054,3,42,2,5
2055,3,42,3,5
2056,3,42,4,5
2057,3,42,5,5
2058,3,43,0,5
2059,3,43,1,5
2060,3,43,2,6
2061,3,43,3,5
2062,3,43,4,6
2063,3,43,5,7
2064,3,44,0,7
2065,3,44,1,7
2066,3,44,2,10
2067,3,44,3,12
2068,3,44,4,8
2069,3,44,5,8
2070,3,45,0,7
2071,3,45,1,7
2072,3,45,2,9
2073,3,45,3,11
2074,3,45,4,10
2075,3,45,5,10
2076,3,46,0,7
2077,3,46,1,7
2078,3,46,2,7
2079,3,46,3,7
2080,3,46,4,7
2081,3,46,5,7
2082,3,47,0,15
2083,3,47,1,16
2084,3,47,2,16
2085,3,47,3,24
2086,3,47,4,19
2087,3,47,5,5
2088,3,48,0,9
2089,3,48,1,14
2090,3,48,2,8
2091,3,48,3,9
2092,3,48,4,9
2093,3,48,5,9
2094,3,49,0,8
2095,3,49,1,8
2096,3,49,2,8
2097,3,49,3,8
2098,3,49,4,8
2099,3,49,5,8
2100,3,50,0,6
2101,3,50,1,6
2102,3,50,2,6
2103,3,50,3,6
2104,3,50,4,6
2105,3,50,5,6
2106,3,51,0,8
2107,3,51,1,8
2108,3,51,2,11
2109,3,51,3,8
2110,3,51,4,11
2111,3,51,5,8
2112,3,52,0,12
2113,3,52,1,14
2114,3,52,2,13
2115,3,52,3,8
2116,3,52,4,14
2117,3,52,5,15
2118,3,53,0,10
2119,3,53,1,10
2120,3,53,2,11
2121,3,53,3,10
2122,3,53,4,10
2123,3,53,5,11
2124,3,54,0,10
2125,3,54,1,9
2126,3,54,2,10
2127,3,54,3,7
2128,3,54,4,10
2129,3,54,5,7
2130,3,55,0,17
2131,3,55,1,17
2132,3,55,2,15
2133,3,55,3,21
2134,3,55,4,20
2135,3,55,5,16
2136,3,56,0,16
2137,3,56,1,8
2138,3,56,2,14
2139,3,56,3,11
2140,3,56,4,16
2141,3,56,5,9
2142,3,57,0,10
2143,3,57,1,8
2144,3,57,2,9
2145,3,57,3,10
2146,3,57,4,10
2147,3,57,5,8
2148,3,58,0,6
2149,3,58,1,6
2150,3,58,2,6
2151,3,58,3,6
2152,3,58,4,6
2153,3,58,5,6
2154,3,59,0,10
2155,3,59,1,20
2156,3,59,2,12
2157,3,59,3,14
2158,3,59,4,15
2159,3,59,5,15
2160,3,60,0,7
2161,3,60,1,7
2162,3,60,2,7
2163,3,60,3,9
2164,3,60,4,9
2165,3,60,5,7
2166,3,61,0,7
2167,3,61,1,7
2168,3,61,2,7
2169,3,61,3,7
2170,3,61,4,7
2171,3,61,5,7
2172,3,62,0,9
2173,3,62,1,11
2174,3,62,2,8
2175,3,62,3,8
2176,3,62,4,8
2177,3,62,5,12
2178,3,63,0,9
2179,3,63,1,12
2180,3,63,2,9
2181,3,63,3,10
2182,3,63,4,9
2183,3,63,5,9
2184,3,64,0,8
2185,3,64,1,10
2186,3,64,2,8
2187,3,64,3,8
2188,3,64,4,9
2189,3,64,5,8
2190,3,65,0,10
2191,3,65,1,12
2192,3,65,2,10
2193,3,65,3,9
2194,3,65,4,9
2195,3,65,5,14
2196,3,66,0,6
2197,3,66,1,6
2198,3,66,2,8
2199,3,66,3,12
2200,3,66,4,6
2201,3,66,5,6
2202,3,67,0,7
2203,3,67,1,7
2204,3,67,2,7
2205,3,67,3,7
2206,3,67,4,7
2207,3,67,5,7
2208,3,68,0,5
2209,3,68,1,5
2210,3,68,2,5
2211,3,68,3,5
2212,3,68,4,5
2213,3,68,5,5
2214,3,69,0,7
2215,3,69,1,7
2216,3,69,2,7
2217,3,69,3,7
2218,3,69,4,7
2219,3,69,5,7
2220,3,70,0,6
2221,3,70,1,6
2222,3,70,2,6
2223,3,70,3,6
2224,3,70,4,6
2225,3,70,5,6
2226,3,71,0,7
2227,3,71,1,7
2228,3,71,2,7
2229,3,71,3,7
2230,3,71,4,7
2231,3,71,5,7
2232,3,72,0,10
2233,3,72,1,10
2234,3,72,2,9
2235,3,72,3,10
2236,3,72,4,9
2237,3,72,5,9
2238,3,73,0,6
2239,3,73,1,6
2240,3,73,2,6
2241,3,73,3,6
2242,3,73,4,6
2243,3,73,5,6
2244,3,74,0,8
2245,3,74,1,7
2246,3,74,2,7
2247,3,74,3,8
2248,3,74,4,7
2249,3,74,5,8
2250,3,75,0,11
2251,3,75,1,20
2252,3,75,2,13
2253,3,75,3,9
2254,3,75,4,11
2255,3,75,5,12
2256,3,76,0,6
2257,3,76,1,6
2258,3,76,2,6
2259,3,76,3,6
2260,3,76,4,6
2261,3,76,5,6
2262,3,77,0,9
2263,3,77,1,7
2264,3,77,2,7
2265,3,77,3,7
2266,3,77,4,7
2267,3,77,5,8
2268,3,78,0,6
2269,3,78,1,6
2270,3,78,2,6
2271,3,78,3,6
2272,3,78,4,6
2273,3,78,5,6
2274,3,79,0,6
2275,3,79,1,6
2276,3,79,2,6
2277,3,79,3,7
2278,3,79,4,9
2279,3,79,5,6
2280,3,80,0,7
2281,3,80,1,6
2282,3,80,2,6
2283,3,80,3,13
2284,3,80,4,9
2285,3,80,5,7
2286,3,81,0,7
2287,3,81,1,9
2288,3,81,2,14
2289,3,81,3,8
2290,3,81,4,7
2291,3,81,5,9
2292,3,82,0,15
2293,3,82,1,9
2294,3,82,2,12
2295,3,82,3,9
2296,3,82,4,8
2297,3,82,5,11
2298,3,83,0,7
2299,3,83,1,7
2300,3,83,2,7
2301,3,83,3,7
2302,3,83,4,7
2303,3,83,5,7
2304,3,84,0,26
2305,3,84,1,28
2306,3,84,2,24
2307,3,84,3,17
2308,3,84,4,22
2309,3,84,5,37
2310,3,85,0,8
2311,3,85,1,8
2312,3,85,2,8
2313,3,85,3,7
2314,3,85,4,7
2315,3,85,5,10
2316,3,86,0,11
2317,3,86,1,10
2318,3,86,2,12
2319,3,86,3,8
2320,3,86,4,9
2321,3,86,5,11
2322,3,87,0,6
2323,3,87,1,6
2324,3,87,2,6
2325,3,87,3,6
2326,3,87,4,6
2327,3,87,5,6
2328,3,88,0,7
2329,3,88,1,7
2330,3,88,2,7
2331,3,88,3,7
2332,3,88,4,7
2333,3,88,5,7
2334,3,89,0,7
2335,3,89,1,8
2336,3,89,2,7
2337,3,89,3,7
2338,3,89,4,7
2339,3,89,5,7
2340,3,90,0,10
2341,3,90,1,6
2342,3,90,2,6
2343,3,90,3,6
2344,3,90,4,6
2345,3,90,5,14
2346,3,91,0,6
2347,3,91,1,6
2348,3,91,2,7
2349,3,91,3,7
2350,3,91,4,9
2351,3,91,5,6
2352,3,92,0,9
2353,3,92,1,9
2354,3,92,2,7
2355,3,92,3,7
2356,3,92,4,7
2357,3,92,5,7
2358,3,93,0,8
2359,3,93,1,7
2360,3,93,2,7
2361,3,93,3,7
2362,3,93,4,8
2363,3,93,5,7
2364,3,94,0,7
2365,3,94,1,7
2366,3,94,2,7
2367,3,94,3,7
2368,3,94,4,7
2369,3,94,5,7
2370,3,95,0,7
2371,3,95,1,7
2372,3,95,2,7
2373,3,95,3,7
2374,3,95,4,8
2375,3,95,5,7
2376,3,96,0,6
2377,3,96,1,6
2378,3,96,2,6
2379,3,96,3,6
2380,3,96,4,6
2381,3,96,5,6
2382,3,97,0,8
2383,3,97,1,7
2384,3,97,2,7
2385,3,97,3,7
2386,3,97,4,7
2387,3,97,5,7
2388,3,98,0,7
2389,3,98,1,7
2390,3,98,2,7
2391,3,98,3,7
2392,3,98,4,7
2393,3,98,5,7
2394,3,99,0,10
2395,3,99,1,10
2396,3,99,2,10
2397,3,99,3,7
2398,3,99,4,7
2399,3,99,5,7
2400,4,0,0,7
2401,4,0,1,11
2402,4,0,2,7
2403,4,0,3,7
2404,4,0,4,7
2405,4,0,5,7
2406,4,1,0,11
2407,4,1,1,12
2408,4,1,2,15
2409,4,1,3,6
2410,4,1,4,13
2411,4,1,5,8
2412,4,2,0,14
2413,4,2,1,13
2414,4,2,2,10
2415,4,2,3,10
2416,4,2,4,12
2417,4,2,5,18
2418,4,3,0,6
2419,4,3,1,6
2420,4,3,2,6
2421,4,3,3,6
2422,4,3,4,6
2423,4,3,5,6
2424,4,4,0,5
2425,4,4,1,5
2426,4,4,2,5
2427,4,4,3,5
2428,4,4,4,5
2429,4,4,5,5
2430,4,5,0,8
2431,4,5,1,6
2432,4,5,2,6
2433,4,5,3,9
2434,4,5,4,6
2435,4,5,5,7
2436,4,6,0,5
2437,4,6,1,5
2438,4,6,2,5
2439,4,6,3,5
2440,4,6,4,5
2441,4,6,5,5
2442,4,7,0,8
2443,4,7,1,8
2444,4,7,2,8
2445,4,7,3,8
2446,4,7,4,8
2447,4,7,5,8
2448,4,8,0,8
2449,4,8,1,8
2450,4,8,2,8
2451,4,8,3,10
2452,4,8,4,10
2453,4,8,5,8
2454,4,9,0,10
2455,4,9,1,10
2456,4,9,2,9
2457,4,9,3,10
2458,4,9,4,9
2459,4,9,5,9
2460,4,10,0,6
2461,4,10,1,7
2462,4,10,2,6
2463,4,10,3,7
2464,4,10,4,6
2465,4,10,5,12
2466,4,11,0,9
2467,4,11,1,9
2468,4,11,2,15
2469,4,11,3,8
2470,4,11,4,8
2471,4,11,5,8
2472,4,12,0,8
2473,4,12,1,5
2474,4,12,2,5
2475,4,12,3,5
2476,4,12,4,5
2477,4,12,5,7
2478,4,13,0,5
2479,4,13,1,5
2480,4,13,2,5
2481,4,13,3,8
2482,4,13,4,5
2483,4,13,5,5
2484,4,14,0,12
2485,4,14,1,12
2486,4,14,2,18
2487,4,14,3,19
2488,4,14,4,20
2489,4,14,5,12
2490,4,15,0,8
2491,4,15,1,8
2492,4,15,2,8
2493,4,15,3,9
2494,4,15,4,9
2495,4,15,5,11
2496,4,16,0,5
2497,4,16,1,5
2498,4,16,2,5
2499,4,16,3,5
2500,4,16,4,5
2501,4,16,5,5
2502,4,17,0,6
2503,4,17,1,6
2504,4,17,2,6
2505,4,17,3,6
2506,4,17,4,6
2507,4,17,5,6
2508,4,18,0,6
2509,4,18,1,6
2510,4,18,2,6
2511,4,18,3,6
2512,4,18,4,6
2513,4,18,5,6
2514,4,19,0,8
2515,4,19,1,8
2516,4,19,2,7
2517,4,19,3,7
2518,4,19,4,8
2519,4,19,5,9
2520,4,20,0,7
2521,4,20,1,7
2522,4,20,2,7
2523,4,20,3,7
2524,4,20,4,7
2525,4,20,5,7
2526,4,21,0,8
2527,4,21,1,8
2528,4,21,2,8
2529,4,21,3,8
2530,4,21,4,8
2531,4,21,5,8
2532,4,22,0,6
2533,4,22,1,6
2534,4,22,2,6
2535,4,22,3,6
2536,4,22,4,6
2537,4,22,5,6
2538,4,23,0,6
2539,4,23,1,6
2540,4,23,2,6
2541,4,23,3,6
2542,4,23,4,6
2543,4,23,5,6
2544,4,24,0,8
2545,4,24,1,6
2546,4,24,2,6
2547,4,24,3,6
2548,4,24,4,6
2549,4,24,5,6
2550,4,25,0,16
2551,4,25,1,12
2552,4,25,2,10
2553,4,25,3,26
2554,4,25,4,15
2555,4,25,5,36
2556,4,26,0,8
2557,4,26,1,7
2558,4,26,2,8
2559,4,26,3,8
2560,4,26,4,7
2561,4,26,5,8
2562,4,27,0,5
2563,4,27,1,5
2564,4,27,2,5
2565,4,27,3,5
2566,4,27,4,5
2567,4,27,5,5
2568,4,28,0,10
2569,4,28,1,7
2570,4,28,2,7
2571,4,28,3,10
2572,4,28,4,13
2573,4,28,5,10
2574,4,29,0,5
2575,4,29,1,10
2576,4,29,2,6
2577,4,29,3,7
2578,4,29,4,5
2579,4,29,5,5
2580,4,30,0,6
2581,4,30,1,8
2582,4,30,2,6
2583,4,30,3,6
2584,4,30,4,6
2585,4,30,5,6
2586,4,31,0,7
2587,4,31,1,7
2588,4,31,2,7
2589,4,31,3,7
2590,4,31,4,7
2591,4,31,5,7
2592,4,32,0,7
2593,4,32,1,8
2594,4,32,2,8
2595,4,32,3,7
2596,4,32,4,7
2597,4,32,5,7
2598,4,33,0,5
2599,4,33,1,5
2600,4,33,2,5
2601,4,33,3,5
2602,4,33,4,5
2603,4,33,5,5
2604,4,34,0,6
2605,4,34,1,6
2606,4,34,2,6
2607,4,34,3,6
2608,4,34,4,6
2609,4,34,5,6
2610,4,35,0,15
2611,4,35,1,9
2612,4,35,2,13
2613,4,35,3,20
2614,4,35,4,15
2615,4,35,5,14
2616,4,36,0,5
2617,4,36,1,6
2618,4,36,2,5
2619,4,36,3,10
2620,4,36,4,5
2621,4,36,5,10
2622,4,37,0,7
2623,4,37,1,7
2624,4,37,2,7
2625,4,37,3,7
2626,4,37,4,7
2627,4,37,5,7
2628,4,38,0,7
2629,4,38,1,7
2630,4,38,2,13
2631,4,38,3,7
2632,4,38,4,7
2633,4,38,5,7
2634,4,39,0,6
2635,4,39,1,6
2636,4,39,2,6
2637,4,39,3,6
2638,4,39,4,6
2639,4,39,5,6
2640,4,40,0,8
2641,4,40,1,8
2642,4,40,2,9
2643,4,40,3,8
2644,4,40,4,8
2645,4,40,5,8
2646,4,41,0,5
2647,4,41,1,5
2648,4,41,2,5
2649,4,41,3,5
2650,4,41,4,5
2651,4,41,5,5
2652,4,42,0,5
2653,4,42,1,5
2654,4,42,2,5
2655,4,42,3,5
2656,4,42,4,5
2657,4,42,5,5
2658,4,43,0,5
2659,4,43,1,5
2660,4,43,2,6
2661,4,43,3,5
2662,4,43,4,6
2663,4,43,5,7
2664,4,44,0,7
2665,4,44,1,8
2666,4,44,2,9
2667,4,44,3,12
2668,4,44,4,8
2669,4,44,5,8
2670,4,45,0,7
2671,4,45,1,7
2672,4,45,2,9
2673,4,45,3,11
2674,4,45,4,10
2675,4,45,5,10
2676,4,46,0,7
2677,4,46,1,7
2678,4,46,2,7
2679,4,46,3,7
2680,4,46,4,7
2681,4,46,5,7
2682,4,47,0,15
2683,4,47,1,16
2684,4,47,2,22
2685,4,47,3,23
2686,4,47,4,37
2687,4,47,5,26
2688,4,48,0,9
2689,4,48,1,14
2690,4,48,2,8
2691,4,48,3,9
2692,4,48,4,9
2693,4,48,5,9
2694,4,49,0,8
2695,4,49,1,8
2696,4,49,2,8
2697,4,49,3,8
2698,4,49,4,8
2699,4,49,5,8
2700,4,50,0,6
2701,4,50,1,6
2702,4,50,2,6
2703,4,50,3,6
2704,4,50,4,6
2705,4,50,5,6
2706,4,51,0,8
2707,4,51,1,8
2708,4,51,2,11
2709,4,51,3,8
2710,4,51,4,11
2711,4,51,5,8
2712,4,52,0,12
2713,4,52,1,14
2714,4,52,2,10
2715,4,52,3,14
2716,4,52,4,16
2717,4,52,5,14
2718,4,53,0,10
2719,4,53,1,10
2720,4,53,2,11
2721,4,53,3,10
2722,4,53,4,10
2723,4,53,5,11
2724,4,54,0,10
2725,4,54,1,9
2726,4,54,2,10
2727,4,54,3,7
2728,4,54,4,10
2729,4,54,5,7
2730,4,55,0,17
2731,4,55,1,47
2732,4,55,2,19
2733,4,55,3,16
2734,4,55,4,10
2735,4,55,5,11
2736,4,56,0,9
2737,4,56,1,8
2738,4,56,2,12
2739,4,56,3,8
2740,4,56,4,8
2741,4,56,5,10
2742,4,57,0,10
2743,4,57,1,8
2744,4,57,2,9
2745,4,57,3,10
2746,4,57,4,10
2747,4,57,5,8
2748,4,58,0,6
2749,4,58,1,6
2750,4,58,2,6
2751,4,58,3,6
2752,4,58,4,6
2753,4,58,5,6
2754,4,59,0,10
2755,4,59,1,13
2756,4,59,2,20
2757,4,59,3,13
2758,4,59,4,15
2759,4,59,5,15
2760,4,60,0,7
2761,4,60,1,7
2762,4,60,2,7
2763,4,60,3,9
2764,4,60,4,9
2765,4,60,5,7
2766,4,61,0,7
2767,4,61,1,7
2768,4,61,2,7
2769,4,61,3,7
2770,4,61,4,7
2771,4,61,5,7
2772,4,62,0,9
2773,4,62,1,11
2774,4,62,2,8
2775,4,62,3,8
2776,4,62,4,8
2777,4,62,5,16
2778,4,63,0,9
2779,4,63,1,12
2780,4,63,2,9
2781,4,63,3,10
2782,4,63,4,9
2783,4,63,5,9
2784,4,64,0,8
2785,4,64,1,10
2786,4,64,2,8
2787,4,64,3,8
2788,4,64,4,9
2789,4,64,5,8
2790,4,65,0,10
2791,4,65,1,12
2792,4,65,2,10
2793,4,65,3,9
2794,4,65,4,9
2795,4,65,5,14
2796,4,66,0,6
2797,4,66,1,6
2798,4,66,2,8
2799,4,66,3,12
2800,4,66,4,6
2801,4,66,5,6
2802,4,67,0,7
2803,4,67,1,7
2804,4,67,2,7
2805,4,67,3,7
2806,4,67,4,7
2807,4,67,5,7
2808,4,68,0,5
2809,4,68,1,5
2810,4,68,2,5
2811,4,68,3,5
2812,4,68,4,5
2813,4,68,5,5
2814,4,69,0,7
2815,4,69,1,7
2816,4,69,2,7
2817,4,69,3,7
2818,4,69,4,7
2819,4,69,5,7
2820,4,70,0,6
2821,4,70,1,6
2822,4,70,2,6
2823,4,70,3,6
2824,4,70,4,6
2825,4,70,5,6
2826,4,71,0,7
2827,4,71,1,7
2828,4,71,2,7
2829,4,71,3,7
2830,4,71,4,7
2831,4,71,5,7
2832,4,72,0,10
2833,4,72,1,10
2834,4,72,2,9
2835,4,72,3,10
2836,4,72,4,9
2837,4,72,5,9
2838,4,73,0,6
2839,4,73,1,6
2840,4,73,2,6
2841,4,73,3,6
2842,4,73,4,6
2843,4,73,5,6
2844,4,74,0,8
2845,4,74,1,7
2846,4,74,2,7
2847,4,74,3,8
2848,4,74,4,7
2849,4,74,5,8
2850,4,75,0,11
2851,4,75,1,18
2852,4,75,2,9
2853,4,75,3,11
2854,4,75,4,13
2855,4,75,5,14
2856,4,76,0,6
2857,4,76,1,6
2858,4,76,2,6
2859,4,76,3,6
2860,4,76,4,6
2861,4,76,5,6
2862,4,77,0,9
2863,4,77,1,7
2864,4,77,2,7
2865,4,77,3,7
2866,4,77,4,7
2867,4,77,5,8
2868,4,78,0,6
2869,4,78,1,6
2870,4,78,2,6
2871,4,78,3,6
2872,4,78,4,6
2873,4,78,5,6
2874,4,79,0,6
2875,4,79,1,6
2876,4,79,2,6
2877,4,79,3,7
2878,4,79,4,9
2879,4,79,5,6
2880,4,80,0,7
2881,4,80,1,6
2882,4,80,2,6
2883,4,80,3,13
2884,4,80,4,9
2885,4,80,5,7
2886,4,81,0,8
2887,4,81,1,8
2888,4,81,2,14
2889,4,81,3,8
2890,4,81,4,7
2891,4,81,5,9
2892,4,82,0,15
2893,4,82,1,9
2894,4,82,2,12
2895,4,82,3,9
2896,4,82,4,8
2897,4,82,5,11
2898,4,83,0,7
2899,4,83,1,7
2900,4,83,2,7
2901,4,83,3,7
2902,4,83,4,7
2903,4,83,5,7
2904,4,84,0,19
2905,4,84,1,35
2906,4,84,2,24
2907,4,84,3,17
2908,4,84,4,22
2909,4,84,5,37
2910,4,85,0,8
2911,4,85,1,8
2912,4,85,2,8
2913,4,85,3,7
2914,4,85,4,7
2915,4,85,5,7
2916,4,86,0,11
2917,4,86,1,10
2918,4,86,2,12
2919,4,86,3,8
2920,4,86,4,9
2921,4,86,5,11
2922,4,87,0,6
2923,4,87,1,6
2924,4,87,2,6
2925,4,87,3,6
2926,4,87,4,6
2927,4,87,5,6
2928,4,88,0,7
2929,4,88,1,7
2930,4,88,2,7
2931,4,88,3,7
2932,4,88,4,7
2933,4,88,5,7
2934,4,89,0,7
2935,4,89,1,8
2936,4,89,2,7
2937,4,89,3,7
2938,4,89,4,7
2939,4,89,5,7
2940,4,90,0,10
2941,4,90,1,6
2942,4,90,2,6
2943,4,90,3,6
2944,4,90,4,6
2945,4,90,5,14
2946,4,91,0,6
2947,4,91,1,6
2948,4,91,2,7
2949,4,91,3,7
2950,4,91,4,9
2951,4,91,5,6
2952,4,92,0,9
2953,4,92,1,9
2954,4,92,2,7
2955,4,92,3,7
2956,4,92,4,7
2957,4,92,5,7
2958,4,93,0,8
2959,4,93,1,7
2960,4,93,2,7
2961,4,93,3,7
2962,4,93,4,8
2963,4,93,5,7
2964,4,94,0,7
2965,4,94,1,7
2966,4,94,2,7
2967,4,94,3,7
2968,4,94,4,7
2969,4,94,5,7
2970,4,95,0,8
2971,4,95,1,8
2972,4,95,2,7
2973,4,95,3,7
2974,4,95,4,8
2975,4,95,5,7
2976,4,96,0,6
2977,4,96,1,6
2978,4,96,2,6
2979,4,96,3,6
2980,4,96,4,6
2981,4,96,5,6
2982,4,97,0,8
2983,4,97,1,7
2984,4,97,2,7
2985,4,97,3,7
2986,4,97,4,7
2987,4,97,5,7
2988,4,98,0,7
2989,4,98,1,7
2990,4,98,2,7
2991,4,98,3,7
2992,4,98,4,7
2993,4,98,5,7
2994,4,99,0,7
2995,4,99,1,7
2996,4,99,2,10
2997,4,99,3,7
2998,4,99,4,7
2999,4,99,5,10
