,Replay type,alpha,Mean,STD,Q1,Q2,Q3
0,0,0.0,114.8318,14.452864932600733,104.69999999999999,114.91,125.38499999999999
1,0,0.1,85.25659999999998,14.934601716818564,72.965,86.61,94.06
2,0,0.2,72.001,13.178512321199232,62.91,70.77000000000001,80.33
3,0,0.3,60.63440000000001,14.15992742354282,52.33,58.34,67.43499999999999
4,0,0.4,53.8916,13.020389296791398,45.15,51.35,61.375
5,0,0.5,48.5602,13.43416703632942,40.44,45.72,54.93
6,0,0.6,46.476400000000005,13.381897736868265,35.584999999999994,42.94,55.495
7,0,0.7,45.333999999999996,11.855212018348723,36.85,43.01,52.93
8,0,0.8,47.76399999999999,14.872703318495937,36.665,47.1,56.655
9,0,0.9,48.889399999999995,14.304826166018238,37.605,46.150000000000006,57.25
10,0,1.0,53.6758,15.798870667234414,41.785,51.4,63.42
11,1,0.0,114.8318,14.452864932600733,104.69999999999999,114.91,125.38499999999999
12,1,0.1,61.026,23.2962190065255,43.940000000000005,57.11,78.23500000000001
13,1,0.2,51.40879999999999,25.932653288084502,33.435,43.81,61.19
14,1,0.3,48.729800000000004,25.068162197496648,30.975,45.04,57.53
15,1,0.4,51.8134,26.592727435146628,31.560000000000002,42.76,68.985
16,1,0.5,52.7664,28.827519196767526,30.834999999999997,43.84,65.86500000000001
17,1,0.6,49.5906,25.01913131265752,32.400000000000006,42.66,58.445
18,1,0.7,52.80740000000001,28.123920445770004,32.065,45.29,67.32000000000001
19,1,0.8,50.29859999999999,23.153904423228493,33.43,45.14,63.805
20,1,0.9,56.470200000000006,33.92081231279699,32.83,45.75,72.225
21,1,1.0,53.7846,33.34681092458467,34.099999999999994,47.400000000000006,64.655
22,2,0.0,114.8318,14.452864932600733,104.69999999999999,114.91,125.38499999999999
23,2,0.1,60.904,27.243939069084703,42.135,56.03,69.955
24,2,0.2,51.7426,26.529925692319612,32.19,45.760000000000005,66.1
25,2,0.3,47.72920000000001,21.942757241513657,31.119999999999997,43.31,60.7
26,2,0.4,49.49,21.463069212020912,32.334999999999994,44.67,65.08
27,2,0.5,50.2246,27.09349440068593,30.155,42.97,60.465
28,2,0.6,48.4226,25.598283013514795,31.545,41.480000000000004,57.675000000000004
29,2,0.7,51.73039999999999,26.71436354922198,34.92,41.8,61.635000000000005
30,2,0.8,48.2372,18.313619635670058,34.005,45.06,61.519999999999996
31,2,0.9,57.50599999999999,34.34144662066524,33.584999999999994,48.3,68.685
32,2,1.0,65.77900000000001,33.64368795182835,39.254999999999995,59.519999999999996,90.02
33,3,0.0,114.8318,14.452864932600733,104.69999999999999,114.91,125.38499999999999
34,3,0.1,238.6128,170.06233098531845,126.63,195.57999999999998,323.515
35,3,0.2,155.1626,105.28310176490812,72.26,132.81,202.9
36,3,0.3,122.16059999999999,84.33657362995014,61.13,97.38,159.58999999999997
37,3,0.4,116.5354,84.14315177624381,58.335,100.50999999999999,147.88500000000002
38,3,0.5,91.73800000000001,61.23772618247677,46.919999999999995,71.83,124.32000000000001
39,3,0.6,105.155,73.64218266048339,47.230000000000004,88.74000000000001,131.385
40,3,0.7,86.73800000000003,59.50203838525197,47.48,70.46000000000001,105.06
41,3,0.8,81.648,46.40233899277061,49.730000000000004,71.68,103.72500000000001
42,3,0.9,83.54260000000001,57.4358785885617,47.565,68.78999999999999,99.59
43,3,1.0,91.87380000000003,57.66746047434376,48.809999999999995,84.19,117.095
44,4,0.0,43.77419999999999,21.894517175768,27.029999999999998,38.519999999999996,54.2
45,4,0.1,43.77419999999999,21.894517175768,27.029999999999998,38.519999999999996,54.2
46,4,0.2,43.77419999999999,21.894517175768,27.029999999999998,38.519999999999996,54.2
47,4,0.3,43.77419999999999,21.894517175768,27.029999999999998,38.519999999999996,54.2
48,4,0.4,43.77419999999999,21.894517175768,27.029999999999998,38.519999999999996,54.2
49,4,0.5,43.77419999999999,21.894517175768,27.029999999999998,38.519999999999996,54.2
50,4,0.6,43.77419999999999,21.894517175768,27.029999999999998,38.519999999999996,54.2
51,4,0.7,43.77419999999999,21.894517175768,27.029999999999998,38.519999999999996,54.2
52,4,0.8,43.77419999999999,21.894517175768,27.029999999999998,38.519999999999996,54.2
53,4,0.9,43.77419999999999,21.894517175768,27.029999999999998,38.519999999999996,54.2
54,4,1.0,43.77419999999999,21.894517175768,27.029999999999998,38.519999999999996,54.2
