,Replay type,Individual,Trial,Performance
0,0,0,0,11
1,0,0,1,8
2,0,0,2,8
3,0,0,3,13
4,0,0,4,8
5,0,0,5,13
6,0,1,0,10
7,0,1,1,8
8,0,1,2,11
9,0,1,3,12
10,0,1,4,16
11,0,1,5,12
12,0,2,0,8
13,0,2,1,5
14,0,2,2,5
15,0,2,3,5
16,0,2,4,5
17,0,2,5,5
18,0,3,0,27
19,0,3,1,13
20,0,3,2,13
21,0,3,3,29
22,0,3,4,17
23,0,3,5,21
24,0,4,0,12
25,0,4,1,33
26,0,4,2,25
27,0,4,3,18
28,0,4,4,9
29,0,4,5,9
30,0,5,0,25
31,0,5,1,6
32,0,5,2,44
33,0,5,3,12
34,0,5,4,15
35,0,5,5,14
36,0,6,0,13
37,0,6,1,22
38,0,6,2,8
39,0,6,3,10
40,0,6,4,8
41,0,6,5,8
42,0,7,0,21
43,0,7,1,35
44,0,7,2,18
45,0,7,3,9
46,0,7,4,24
47,0,7,5,28
48,0,8,0,20
49,0,8,1,9
50,0,8,2,8
51,0,8,3,9
52,0,8,4,7
53,0,8,5,7
54,0,9,0,10
55,0,9,1,10
56,0,9,2,14
57,0,9,3,9
58,0,9,4,10
59,0,9,5,10
60,0,10,0,20
61,0,10,1,7
62,0,10,2,7
63,0,10,3,7
64,0,10,4,7
65,0,10,5,8
66,0,11,0,12
67,0,11,1,7
68,0,11,2,11
69,0,11,3,8
70,0,11,4,6
71,0,11,5,6
72,0,12,0,8
73,0,12,1,7
74,0,12,2,7
75,0,12,3,7
76,0,12,4,7
77,0,12,5,7
78,0,13,0,17
79,0,13,1,18
80,0,13,2,13
81,0,13,3,19
82,0,13,4,22
83,0,13,5,11
84,0,14,0,6
85,0,14,1,7
86,0,14,2,5
87,0,14,3,5
88,0,14,4,5
89,0,14,5,5
90,0,15,0,21
91,0,15,1,12
92,0,15,2,7
93,0,15,3,26
94,0,15,4,14
95,0,15,5,21
96,0,16,0,7
97,0,16,1,7
98,0,16,2,7
99,0,16,3,7
100,0,16,4,7
101,0,16,5,7
102,0,17,0,10
103,0,17,1,25
104,0,17,2,9
105,0,17,3,16
106,0,17,4,9
107,0,17,5,10
108,0,18,0,30
109,0,18,1,25
110,0,18,2,14
111,0,18,3,19
112,0,18,4,10
113,0,18,5,10
114,0,19,0,8
115,0,19,1,13
116,0,19,2,9
117,0,19,3,9
118,0,19,4,11
119,0,19,5,10
120,0,20,0,6
121,0,20,1,5
122,0,20,2,5
123,0,20,3,5
124,0,20,4,5
125,0,20,5,5
126,0,21,0,13
127,0,21,1,8
128,0,21,2,13
129,0,21,3,8
130,0,21,4,7
131,0,21,5,11
132,0,22,0,14
133,0,22,1,18
134,0,22,2,41
135,0,22,3,16
136,0,22,4,13
137,0,22,5,12
138,0,23,0,8
139,0,23,1,7
140,0,23,2,7
141,0,23,3,9
142,0,23,4,7
143,0,23,5,7
144,0,24,0,5
145,0,24,1,5
146,0,24,2,5
147,0,24,3,6
148,0,24,4,7
149,0,24,5,7
150,0,25,0,30
151,0,25,1,21
152,0,25,2,15
153,0,25,3,20
154,0,25,4,12
155,0,25,5,15
156,0,26,0,24
157,0,26,1,4
158,0,26,2,9
159,0,26,3,4
160,0,26,4,4
161,0,26,5,4
162,0,27,0,14
163,0,27,1,13
164,0,27,2,10
165,0,27,3,16
166,0,27,4,11
167,0,27,5,13
168,0,28,0,10
169,0,28,1,7
170,0,28,2,8
171,0,28,3,9
172,0,28,4,7
173,0,28,5,6
174,0,29,0,7
175,0,29,1,6
176,0,29,2,5
177,0,29,3,5
178,0,29,4,5
179,0,29,5,5
180,0,30,0,30
181,0,30,1,18
182,0,30,2,12
183,0,30,3,19
184,0,30,4,14
185,0,30,5,14
186,0,31,0,8
187,0,31,1,20
188,0,31,2,20
189,0,31,3,26
190,0,31,4,13
191,0,31,5,14
192,0,32,0,16
193,0,32,1,7
194,0,32,2,10
195,0,32,3,9
196,0,32,4,7
197,0,32,5,7
198,0,33,0,11
199,0,33,1,9
200,0,33,2,8
201,0,33,3,9
202,0,33,4,8
203,0,33,5,5
204,0,34,0,15
205,0,34,1,23
206,0,34,2,21
207,0,34,3,9
208,0,34,4,8
209,0,34,5,10
210,0,35,0,8
211,0,35,1,7
212,0,35,2,7
213,0,35,3,7
214,0,35,4,7
215,0,35,5,7
216,0,36,0,28
217,0,36,1,27
218,0,36,2,62
219,0,36,3,32
220,0,36,4,17
221,0,36,5,21
222,0,37,0,15
223,0,37,1,6
224,0,37,2,9
225,0,37,3,8
226,0,37,4,8
227,0,37,5,6
228,0,38,0,28
229,0,38,1,19
230,0,38,2,11
231,0,38,3,14
232,0,38,4,7
233,0,38,5,7
234,0,39,0,19
235,0,39,1,4
236,0,39,2,4
237,0,39,3,4
238,0,39,4,4
239,0,39,5,4
240,0,40,0,26
241,0,40,1,13
242,0,40,2,13
243,0,40,3,20
244,0,40,4,12
245,0,40,5,9
246,0,41,0,11
247,0,41,1,26
248,0,41,2,29
249,0,41,3,9
250,0,41,4,24
251,0,41,5,9
252,0,42,0,9
253,0,42,1,9
254,0,42,2,7
255,0,42,3,12
256,0,42,4,7
257,0,42,5,7
258,0,43,0,5
259,0,43,1,5
260,0,43,2,5
261,0,43,3,5
262,0,43,4,5
263,0,43,5,5
264,0,44,0,7
265,0,44,1,6
266,0,44,2,6
267,0,44,3,6
268,0,44,4,6
269,0,44,5,6
270,0,45,0,23
271,0,45,1,27
272,0,45,2,10
273,0,45,3,8
274,0,45,4,9
275,0,45,5,8
276,0,46,0,6
277,0,46,1,7
278,0,46,2,6
279,0,46,3,6
280,0,46,4,5
281,0,46,5,5
282,0,47,0,13
283,0,47,1,11
284,0,47,2,8
285,0,47,3,9
286,0,47,4,10
287,0,47,5,8
288,0,48,0,18
289,0,48,1,10
290,0,48,2,20
291,0,48,3,10
292,0,48,4,14
293,0,48,5,8
294,0,49,0,40
295,0,49,1,7
296,0,49,2,13
297,0,49,3,7
298,0,49,4,5
299,0,49,5,5
300,0,50,0,10
301,0,50,1,9
302,0,50,2,10
303,0,50,3,7
304,0,50,4,7
305,0,50,5,7
306,0,51,0,38
307,0,51,1,13
308,0,51,2,31
309,0,51,3,18
310,0,51,4,19
311,0,51,5,16
312,0,52,0,6
313,0,52,1,13
314,0,52,2,10
315,0,52,3,7
316,0,52,4,6
317,0,52,5,6
318,0,53,0,19
319,0,53,1,14
320,0,53,2,11
321,0,53,3,6
322,0,53,4,8
323,0,53,5,6
324,0,54,0,24
325,0,54,1,7
326,0,54,2,10
327,0,54,3,29
328,0,54,4,11
329,0,54,5,22
330,0,55,0,16
331,0,55,1,9
332,0,55,2,22
333,0,55,3,14
334,0,55,4,13
335,0,55,5,7
336,0,56,0,6
337,0,56,1,5
338,0,56,2,4
339,0,56,3,4
340,0,56,4,4
341,0,56,5,4
342,0,57,0,5
343,0,57,1,5
344,0,57,2,9
345,0,57,3,5
346,0,57,4,5
347,0,57,5,5
348,0,58,0,5
349,0,58,1,5
350,0,58,2,9
351,0,58,3,5
352,0,58,4,5
353,0,58,5,7
354,0,59,0,8
355,0,59,1,5
356,0,59,2,5
357,0,59,3,5
358,0,59,4,6
359,0,59,5,6
360,0,60,0,20
361,0,60,1,6
362,0,60,2,15
363,0,60,3,9
364,0,60,4,5
365,0,60,5,5
366,0,61,0,5
367,0,61,1,35
368,0,61,2,11
369,0,61,3,25
370,0,61,4,37
371,0,61,5,23
372,0,62,0,7
373,0,62,1,8
374,0,62,2,7
375,0,62,3,7
376,0,62,4,8
377,0,62,5,8
378,0,63,0,5
379,0,63,1,4
380,0,63,2,4
381,0,63,3,4
382,0,63,4,4
383,0,63,5,4
384,0,64,0,13
385,0,64,1,8
386,0,64,2,8
387,0,64,3,7
388,0,64,4,7
389,0,64,5,11
390,0,65,0,28
391,0,65,1,12
392,0,65,2,18
393,0,65,3,17
394,0,65,4,21
395,0,65,5,35
396,0,66,0,20
397,0,66,1,12
398,0,66,2,7
399,0,66,3,7
400,0,66,4,10
401,0,66,5,7
402,0,67,0,47
403,0,67,1,4
404,0,67,2,5
405,0,67,3,4
406,0,67,4,7
407,0,67,5,4
408,0,68,0,10
409,0,68,1,8
410,0,68,2,6
411,0,68,3,8
412,0,68,4,6
413,0,68,5,7
414,0,69,0,31
415,0,69,1,33
416,0,69,2,29
417,0,69,3,15
418,0,69,4,16
419,0,69,5,24
420,0,70,0,16
421,0,70,1,20
422,0,70,2,12
423,0,70,3,7
424,0,70,4,13
425,0,70,5,10
426,0,71,0,13
427,0,71,1,8
428,0,71,2,21
429,0,71,3,41
430,0,71,4,20
431,0,71,5,16
432,0,72,0,24
433,0,72,1,13
434,0,72,2,10
435,0,72,3,4
436,0,72,4,4
437,0,72,5,4
438,0,73,0,14
439,0,73,1,27
440,0,73,2,11
441,0,73,3,16
442,0,73,4,9
443,0,73,5,10
444,0,74,0,49
445,0,74,1,41
446,0,74,2,24
447,0,74,3,22
448,0,74,4,12
449,0,74,5,7
450,0,75,0,14
451,0,75,1,6
452,0,75,2,4
453,0,75,3,4
454,0,75,4,5
455,0,75,5,4
456,0,76,0,10
457,0,76,1,11
458,0,76,2,10
459,0,76,3,15
460,0,76,4,9
461,0,76,5,7
462,0,77,0,24
463,0,77,1,30
464,0,77,2,20
465,0,77,3,16
466,0,77,4,15
467,0,77,5,29
468,0,78,0,21
469,0,78,1,18
470,0,78,2,15
471,0,78,3,18
472,0,78,4,7
473,0,78,5,10
474,0,79,0,7
475,0,79,1,6
476,0,79,2,5
477,0,79,3,5
478,0,79,4,9
479,0,79,5,5
480,0,80,0,5
481,0,80,1,6
482,0,80,2,5
483,0,80,3,6
484,0,80,4,10
485,0,80,5,5
486,0,81,0,5
487,0,81,1,7
488,0,81,2,5
489,0,81,3,5
490,0,81,4,5
491,0,81,5,9
492,0,82,0,21
493,0,82,1,9
494,0,82,2,17
495,0,82,3,18
496,0,82,4,21
497,0,82,5,8
498,0,83,0,16
499,0,83,1,7
500,0,83,2,12
501,0,83,3,8
502,0,83,4,8
503,0,83,5,8
504,0,84,0,8
505,0,84,1,5
506,0,84,2,5
507,0,84,3,8
508,0,84,4,6
509,0,84,5,5
510,0,85,0,31
511,0,85,1,14
512,0,85,2,9
513,0,85,3,7
514,0,85,4,5
515,0,85,5,5
516,0,86,0,26
517,0,86,1,12
518,0,86,2,7
519,0,86,3,7
520,0,86,4,6
521,0,86,5,5
522,0,87,0,21
523,0,87,1,32
524,0,87,2,19
525,0,87,3,10
526,0,87,4,19
527,0,87,5,20
528,0,88,0,12
529,0,88,1,8
530,0,88,2,8
531,0,88,3,8
532,0,88,4,9
533,0,88,5,8
534,0,89,0,11
535,0,89,1,12
536,0,89,2,14
537,0,89,3,11
538,0,89,4,12
539,0,89,5,11
540,0,90,0,34
541,0,90,1,17
542,0,90,2,30
543,0,90,3,7
544,0,90,4,14
545,0,90,5,26
546,0,91,0,6
547,0,91,1,6
548,0,91,2,6
549,0,91,3,6
550,0,91,4,6
551,0,91,5,6
552,0,92,0,8
553,0,92,1,5
554,0,92,2,5
555,0,92,3,5
556,0,92,4,5
557,0,92,5,6
558,0,93,0,31
559,0,93,1,12
560,0,93,2,15
561,0,93,3,12
562,0,93,4,18
563,0,93,5,11
564,0,94,0,49
565,0,94,1,11
566,0,94,2,10
567,0,94,3,10
568,0,94,4,9
569,0,94,5,8
570,0,95,0,6
571,0,95,1,6
572,0,95,2,6
573,0,95,3,6
574,0,95,4,6
575,0,95,5,6
576,0,96,0,31
577,0,96,1,14
578,0,96,2,33
579,0,96,3,19
580,0,96,4,16
581,0,96,5,17
582,0,97,0,13
583,0,97,1,23
584,0,97,2,14
585,0,97,3,14
586,0,97,4,15
587,0,97,5,13
588,0,98,0,46
589,0,98,1,44
590,0,98,2,16
591,0,98,3,10
592,0,98,4,11
593,0,98,5,8
594,0,99,0,10
595,0,99,1,14
596,0,99,2,54
597,0,99,3,20
598,0,99,4,9
599,0,99,5,10
600,1,0,0,8
601,1,0,1,7
602,1,0,2,7
603,1,0,3,8
604,1,0,4,7
605,1,0,5,8
606,1,1,0,8
607,1,1,1,8
608,1,1,2,10
609,1,1,3,9
610,1,1,4,10
611,1,1,5,11
612,1,2,0,5
613,1,2,1,5
614,1,2,2,5
615,1,2,3,5
616,1,2,4,5
617,1,2,5,5
618,1,3,0,15
619,1,3,1,12
620,1,3,2,27
621,1,3,3,11
622,1,3,4,17
623,1,3,5,17
624,1,4,0,12
625,1,4,1,24
626,1,4,2,10
627,1,4,3,8
628,1,4,4,11
629,1,4,5,10
630,1,5,0,13
631,1,5,1,10
632,1,5,2,12
633,1,5,3,13
634,1,5,4,11
635,1,5,5,16
636,1,6,0,8
637,1,6,1,8
638,1,6,2,8
639,1,6,3,8
640,1,6,4,8
641,1,6,5,8
642,1,7,0,21
643,1,7,1,35
644,1,7,2,21
645,1,7,3,8
646,1,7,4,18
647,1,7,5,26
648,1,8,0,6
649,1,8,1,6
650,1,8,2,6
651,1,8,3,6
652,1,8,4,6
653,1,8,5,6
654,1,9,0,10
655,1,9,1,9
656,1,9,2,9
657,1,9,3,9
658,1,9,4,9
659,1,9,5,9
660,1,10,0,7
661,1,10,1,7
662,1,10,2,7
663,1,10,3,7
664,1,10,4,8
665,1,10,5,7
666,1,11,0,8
667,1,11,1,11
668,1,11,2,8
669,1,11,3,6
670,1,11,4,6
671,1,11,5,7
672,1,12,0,8
673,1,12,1,7
674,1,12,2,7
675,1,12,3,7
676,1,12,4,7
677,1,12,5,7
678,1,13,0,15
679,1,13,1,17
680,1,13,2,9
681,1,13,3,13
682,1,13,4,9
683,1,13,5,10
684,1,14,0,5
685,1,14,1,5
686,1,14,2,5
687,1,14,3,5
688,1,14,4,5
689,1,14,5,5
690,1,15,0,15
691,1,15,1,15
692,1,15,2,13
693,1,15,3,14
694,1,15,4,17
695,1,15,5,7
696,1,16,0,7
697,1,16,1,7
698,1,16,2,7
699,1,16,3,7
700,1,16,4,7
701,1,16,5,7
702,1,17,0,8
703,1,17,1,10
704,1,17,2,9
705,1,17,3,8
706,1,17,4,8
707,1,17,5,8
708,1,18,0,10
709,1,18,1,10
710,1,18,2,10
711,1,18,3,10
712,1,18,4,10
713,1,18,5,10
714,1,19,0,7
715,1,19,1,7
716,1,19,2,7
717,1,19,3,7
718,1,19,4,7
719,1,19,5,7
720,1,20,0,5
721,1,20,1,5
722,1,20,2,5
723,1,20,3,5
724,1,20,4,5
725,1,20,5,5
726,1,21,0,9
727,1,21,1,7
728,1,21,2,7
729,1,21,3,7
730,1,21,4,7
731,1,21,5,7
732,1,22,0,10
733,1,22,1,15
734,1,22,2,12
735,1,22,3,10
736,1,22,4,10
737,1,22,5,10
738,1,23,0,8
739,1,23,1,7
740,1,23,2,7
741,1,23,3,7
742,1,23,4,7
743,1,23,5,7
744,1,24,0,5
745,1,24,1,5
746,1,24,2,5
747,1,24,3,6
748,1,24,4,7
749,1,24,5,7
750,1,25,0,13
751,1,25,1,12
752,1,25,2,12
753,1,25,3,38
754,1,25,4,12
755,1,25,5,14
756,1,26,0,4
757,1,26,1,4
758,1,26,2,4
759,1,26,3,4
760,1,26,4,4
761,1,26,5,4
762,1,27,0,8
763,1,27,1,8
764,1,27,2,8
765,1,27,3,8
766,1,27,4,8
767,1,27,5,8
768,1,28,0,7
769,1,28,1,7
770,1,28,2,6
771,1,28,3,6
772,1,28,4,7
773,1,28,5,6
774,1,29,0,7
775,1,29,1,6
776,1,29,2,5
777,1,29,3,5
778,1,29,4,5
779,1,29,5,5
780,1,30,0,17
781,1,30,1,14
782,1,30,2,11
783,1,30,3,18
784,1,30,4,12
785,1,30,5,11
786,1,31,0,12
787,1,31,1,10
788,1,31,2,14
789,1,31,3,12
790,1,31,4,10
791,1,31,5,16
792,1,32,0,7
793,1,32,1,8
794,1,32,2,8
795,1,32,3,7
796,1,32,4,7
797,1,32,5,7
798,1,33,0,8
799,1,33,1,5
800,1,33,2,5
801,1,33,3,5
802,1,33,4,5
803,1,33,5,5
804,1,34,0,8
805,1,34,1,11
806,1,34,2,6
807,1,34,3,13
808,1,34,4,5
809,1,34,5,8
810,1,35,0,7
811,1,35,1,7
812,1,35,2,7
813,1,35,3,7
814,1,35,4,7
815,1,35,5,7
816,1,36,0,26
817,1,36,1,18
818,1,36,2,43
819,1,36,3,30
820,1,36,4,32
821,1,36,5,24
822,1,37,0,6
823,1,37,1,6
824,1,37,2,7
825,1,37,3,6
826,1,37,4,5
827,1,37,5,6
828,1,38,0,7
829,1,38,1,7
830,1,38,2,13
831,1,38,3,7
832,1,38,4,7
833,1,38,5,7
834,1,39,0,4
835,1,39,1,4
836,1,39,2,4
837,1,39,3,4
838,1,39,4,4
839,1,39,5,4
840,1,40,0,9
841,1,40,1,9
842,1,40,2,9
843,1,40,3,9
844,1,40,4,11
845,1,40,5,11
846,1,41,0,10
847,1,41,1,9
848,1,41,2,9
849,1,41,3,12
850,1,41,4,8
851,1,41,5,9
852,1,42,0,7
853,1,42,1,7
854,1,42,2,7
855,1,42,3,7
856,1,42,4,7
857,1,42,5,7
858,1,43,0,5
859,1,43,1,5
860,1,43,2,5
861,1,43,3,5
862,1,43,4,5
863,1,43,5,5
864,1,44,0,6
865,1,44,1,6
866,1,44,2,6
867,1,44,3,6
868,1,44,4,6
869,1,44,5,6
870,1,45,0,7
871,1,45,1,8
872,1,45,2,7
873,1,45,3,7
874,1,45,4,7
875,1,45,5,7
876,1,46,0,6
877,1,46,1,5
878,1,46,2,5
879,1,46,3,5
880,1,46,4,5
881,1,46,5,5
882,1,47,0,8
883,1,47,1,8
884,1,47,2,8
885,1,47,3,8
886,1,47,4,8
887,1,47,5,10
888,1,48,0,7
889,1,48,1,9
890,1,48,2,7
891,1,48,3,7
892,1,48,4,8
893,1,48,5,7
894,1,49,0,5
895,1,49,1,5
896,1,49,2,5
897,1,49,3,5
898,1,49,4,5
899,1,49,5,5
900,1,50,0,7
901,1,50,1,7
902,1,50,2,7
903,1,50,3,7
904,1,50,4,7
905,1,50,5,7
906,1,51,0,20
907,1,51,1,11
908,1,51,2,10
909,1,51,3,10
910,1,51,4,12
911,1,51,5,12
912,1,52,0,6
913,1,52,1,6
914,1,52,2,6
915,1,52,3,6
916,1,52,4,6
917,1,52,5,6
918,1,53,0,6
919,1,53,1,6
920,1,53,2,6
921,1,53,3,6
922,1,53,4,6
923,1,53,5,6
924,1,54,0,11
925,1,54,1,12
926,1,54,2,9
927,1,54,3,9
928,1,54,4,9
929,1,54,5,9
930,1,55,0,17
931,1,55,1,20
932,1,55,2,14
933,1,55,3,13
934,1,55,4,14
935,1,55,5,12
936,1,56,0,4
937,1,56,1,4
938,1,56,2,4
939,1,56,3,4
940,1,56,4,4
941,1,56,5,4
942,1,57,0,5
943,1,57,1,5
944,1,57,2,9
945,1,57,3,5
946,1,57,4,5
947,1,57,5,5
948,1,58,0,5
949,1,58,1,5
950,1,58,2,9
951,1,58,3,5
952,1,58,4,5
953,1,58,5,7
954,1,59,0,5
955,1,59,1,5
956,1,59,2,5
957,1,59,3,5
958,1,59,4,6
959,1,59,5,5
960,1,60,0,5
961,1,60,1,5
962,1,60,2,5
963,1,60,3,5
964,1,60,4,5
965,1,60,5,5
966,1,61,0,5
967,1,61,1,20
968,1,61,2,15
969,1,61,3,8
970,1,61,4,5
971,1,61,5,5
972,1,62,0,7
973,1,62,1,8
974,1,62,2,7
975,1,62,3,7
976,1,62,4,8
977,1,62,5,7
978,1,63,0,6
979,1,63,1,4
980,1,63,2,4
981,1,63,3,4
982,1,63,4,4
983,1,63,5,4
984,1,64,0,7
985,1,64,1,7
986,1,64,2,7
987,1,64,3,7
988,1,64,4,7
989,1,64,5,7
990,1,65,0,22
991,1,65,1,7
992,1,65,2,11
993,1,65,3,24
994,1,65,4,4
995,1,65,5,19
996,1,66,0,7
997,1,66,1,13
998,1,66,2,7
999,1,66,3,7
1000,1,66,4,7
1001,1,66,5,7
1002,1,67,0,4
1003,1,67,1,4
1004,1,67,2,4
1005,1,67,3,4
1006,1,67,4,4
1007,1,67,5,4
1008,1,68,0,8
1009,1,68,1,7
1010,1,68,2,6
1011,1,68,3,6
1012,1,68,4,6
1013,1,68,5,7
1014,1,69,0,24
1015,1,69,1,13
1016,1,69,2,18
1017,1,69,3,5
1018,1,69,4,6
1019,1,69,5,6
1020,1,70,0,15
1021,1,70,1,19
1022,1,70,2,10
1023,1,70,3,12
1024,1,70,4,10
1025,1,70,5,10
1026,1,71,0,13
1027,1,71,1,8
1028,1,71,2,14
1029,1,71,3,8
1030,1,71,4,18
1031,1,71,5,8
1032,1,72,0,4
1033,1,72,1,4
1034,1,72,2,4
1035,1,72,3,4
1036,1,72,4,4
1037,1,72,5,4
1038,1,73,0,9
1039,1,73,1,11
1040,1,73,2,9
1041,1,73,3,9
1042,1,73,4,12
1043,1,73,5,9
1044,1,74,0,11
1045,1,74,1,7
1046,1,74,2,12
1047,1,74,3,7
1048,1,74,4,9
1049,1,74,5,7
1050,1,75,0,4
1051,1,75,1,4
1052,1,75,2,4
1053,1,75,3,4
1054,1,75,4,4
1055,1,75,5,4
1056,1,76,0,7
1057,1,76,1,7
1058,1,76,2,7
1059,1,76,3,11
1060,1,76,4,14
1061,1,76,5,9
1062,1,77,0,15
1063,1,77,1,22
1064,1,77,2,12
1065,1,77,3,14
1066,1,77,4,19
1067,1,77,5,8
1068,1,78,0,6
1069,1,78,1,13
1070,1,78,2,7
1071,1,78,3,6
1072,1,78,4,6
1073,1,78,5,6
1074,1,79,0,5
1075,1,79,1,5
1076,1,79,2,5
1077,1,79,3,5
1078,1,79,4,5
1079,1,79,5,7
1080,1,80,0,5
1081,1,80,1,6
1082,1,80,2,5
1083,1,80,3,6
1084,1,80,4,10
1085,1,80,5,5
1086,1,81,0,5
1087,1,81,1,7
1088,1,81,2,5
1089,1,81,3,5
1090,1,81,4,5
1091,1,81,5,9
1092,1,82,0,14
1093,1,82,1,14
1094,1,82,2,19
1095,1,82,3,17
1096,1,82,4,11
1097,1,82,5,15
1098,1,83,0,8
1099,1,83,1,8
1100,1,83,2,7
1101,1,83,3,8
1102,1,83,4,8
1103,1,83,5,8
1104,1,84,0,8
1105,1,84,1,5
1106,1,84,2,5
1107,1,84,3,8
1108,1,84,4,6
1109,1,84,5,5
1110,1,85,0,7
1111,1,85,1,6
1112,1,85,2,5
1113,1,85,3,6
1114,1,85,4,5
1115,1,85,5,5
1116,1,86,0,9
1117,1,86,1,5
1118,1,86,2,7
1119,1,86,3,5
1120,1,86,4,5
1121,1,86,5,7
1122,1,87,0,21
1123,1,87,1,9
1124,1,87,2,13
1125,1,87,3,6
1126,1,87,4,13
1127,1,87,5,14
1128,1,88,0,8
1129,1,88,1,8
1130,1,88,2,10
1131,1,88,3,8
1132,1,88,4,8
1133,1,88,5,8
1134,1,89,0,10
1135,1,89,1,9
1136,1,89,2,13
1137,1,89,3,9
1138,1,89,4,9
1139,1,89,5,9
1140,1,90,0,13
1141,1,90,1,21
1142,1,90,2,12
1143,1,90,3,10
1144,1,90,4,18
1145,1,90,5,11
1146,1,91,0,6
1147,1,91,1,6
1148,1,91,2,6
1149,1,91,3,6
1150,1,91,4,6
1151,1,91,5,6
1152,1,92,0,8
1153,1,92,1,5
1154,1,92,2,5
1155,1,92,3,5
1156,1,92,4,5
1157,1,92,5,6
1158,1,93,0,14
1159,1,93,1,12
1160,1,93,2,13
1161,1,93,3,5
1162,1,93,4,14
1163,1,93,5,14
1164,1,94,0,9
1165,1,94,1,8
1166,1,94,2,8
1167,1,94,3,9
1168,1,94,4,8
1169,1,94,5,8
1170,1,95,0,6
1171,1,95,1,6
1172,1,95,2,6
1173,1,95,3,6
1174,1,95,4,6
1175,1,95,5,6
1176,1,96,0,12
1177,1,96,1,13
1178,1,96,2,14
1179,1,96,3,10
1180,1,96,4,10
1181,1,96,5,10
1182,1,97,0,20
1183,1,97,1,11
1184,1,97,2,11
1185,1,97,3,15
1186,1,97,4,11
1187,1,97,5,17
1188,1,98,0,9
1189,1,98,1,30
1190,1,98,2,13
1191,1,98,3,8
1192,1,98,4,10
1193,1,98,5,8
1194,1,99,0,17
1195,1,99,1,9
1196,1,99,2,9
1197,1,99,3,11
1198,1,99,4,8
1199,1,99,5,8
1200,2,0,0,7
1201,2,0,1,7
1202,2,0,2,7
1203,2,0,3,8
1204,2,0,4,7
1205,2,0,5,9
1206,2,1,0,9
1207,2,1,1,9
1208,2,1,2,11
1209,2,1,3,9
1210,2,1,4,9
1211,2,1,5,8
1212,2,2,0,5
1213,2,2,1,5
1214,2,2,2,5
1215,2,2,3,5
1216,2,2,4,5
1217,2,2,5,5
1218,2,3,0,27
1219,2,3,1,27
1220,2,3,2,11
1221,2,3,3,17
1222,2,3,4,17
1223,2,3,5,11
1224,2,4,0,7
1225,2,4,1,8
1226,2,4,2,8
1227,2,4,3,8
1228,2,4,4,8
1229,2,4,5,8
1230,2,5,0,11
1231,2,5,1,9
1232,2,5,2,12
1233,2,5,3,11
1234,2,5,4,9
1235,2,5,5,9
1236,2,6,0,8
1237,2,6,1,8
1238,2,6,2,8
1239,2,6,3,8
1240,2,6,4,8
1241,2,6,5,8
1242,2,7,0,17
1243,2,7,1,13
1244,2,7,2,6
1245,2,7,3,14
1246,2,7,4,22
1247,2,7,5,12
1248,2,8,0,6
1249,2,8,1,6
1250,2,8,2,6
1251,2,8,3,6
1252,2,8,4,6
1253,2,8,5,6
1254,2,9,0,10
1255,2,9,1,9
1256,2,9,2,9
1257,2,9,3,9
1258,2,9,4,9
1259,2,9,5,9
1260,2,10,0,7
1261,2,10,1,7
1262,2,10,2,7
1263,2,10,3,7
1264,2,10,4,9
1265,2,10,5,7
1266,2,11,0,7
1267,2,11,1,9
1268,2,11,2,6
1269,2,11,3,11
1270,2,11,4,6
1271,2,11,5,7
1272,2,12,0,8
1273,2,12,1,7
1274,2,12,2,7
1275,2,12,3,7
1276,2,12,4,7
1277,2,12,5,7
1278,2,13,0,15
1279,2,13,1,11
1280,2,13,2,9
1281,2,13,3,9
1282,2,13,4,12
1283,2,13,5,9
1284,2,14,0,5
1285,2,14,1,5
1286,2,14,2,5
1287,2,14,3,5
1288,2,14,4,5
1289,2,14,5,5
1290,2,15,0,15
1291,2,15,1,15
1292,2,15,2,13
1293,2,15,3,14
1294,2,15,4,17
1295,2,15,5,10
1296,2,16,0,7
1297,2,16,1,7
1298,2,16,2,7
1299,2,16,3,7
1300,2,16,4,7
1301,2,16,5,7
1302,2,17,0,8
1303,2,17,1,8
1304,2,17,2,8
1305,2,17,3,8
1306,2,17,4,8
1307,2,17,5,8
1308,2,18,0,10
1309,2,18,1,10
1310,2,18,2,10
1311,2,18,3,10
1312,2,18,4,10
1313,2,18,5,10
1314,2,19,0,7
1315,2,19,1,7
1316,2,19,2,7
1317,2,19,3,7
1318,2,19,4,7
1319,2,19,5,7
1320,2,20,0,5
1321,2,20,1,5
1322,2,20,2,5
1323,2,20,3,5
1324,2,20,4,5
1325,2,20,5,5
1326,2,21,0,9
1327,2,21,1,7
1328,2,21,2,7
1329,2,21,3,7
1330,2,21,4,7
1331,2,21,5,7
1332,2,22,0,10
1333,2,22,1,10
1334,2,22,2,10
1335,2,22,3,11
1336,2,22,4,12
1337,2,22,5,12
1338,2,23,0,7
1339,2,23,1,7
1340,2,23,2,7
1341,2,23,3,7
1342,2,23,4,7
1343,2,23,5,7
1344,2,24,0,5
1345,2,24,1,5
1346,2,24,2,5
1347,2,24,3,6
1348,2,24,4,7
1349,2,24,5,7
1350,2,25,0,13
1351,2,25,1,12
1352,2,25,2,12
1353,2,25,3,38
1354,2,25,4,12
1355,2,25,5,14
1356,2,26,0,4
1357,2,26,1,4
1358,2,26,2,4
1359,2,26,3,4
1360,2,26,4,4
1361,2,26,5,4
1362,2,27,0,8
1363,2,27,1,8
1364,2,27,2,8
1365,2,27,3,8
1366,2,27,4,8
1367,2,27,5,8
1368,2,28,0,7
1369,2,28,1,7
1370,2,28,2,6
1371,2,28,3,6
1372,2,28,4,7
1373,2,28,5,6
1374,2,29,0,7
1375,2,29,1,6
1376,2,29,2,5
1377,2,29,3,5
1378,2,29,4,5
1379,2,29,5,5
1380,2,30,0,11
1381,2,30,1,12
1382,2,30,2,13
1383,2,30,3,12
1384,2,30,4,17
1385,2,30,5,14
1386,2,31,0,12
1387,2,31,1,10
1388,2,31,2,14
1389,2,31,3,12
1390,2,31,4,10
1391,2,31,5,16
1392,2,32,0,7
1393,2,32,1,8
1394,2,32,2,8
1395,2,32,3,7
1396,2,32,4,7
1397,2,32,5,7
1398,2,33,0,5
1399,2,33,1,5
1400,2,33,2,5
1401,2,33,3,5
1402,2,33,4,5
1403,2,33,5,5
1404,2,34,0,8
1405,2,34,1,8
1406,2,34,2,6
1407,2,34,3,6
1408,2,34,4,5
1409,2,34,5,6
1410,2,35,0,7
1411,2,35,1,7
1412,2,35,2,7
1413,2,35,3,7
1414,2,35,4,7
1415,2,35,5,7
1416,2,36,0,20
1417,2,36,1,15
1418,2,36,2,36
1419,2,36,3,22
1420,2,36,4,24
1421,2,36,5,38
1422,2,37,0,5
1423,2,37,1,5
1424,2,37,2,5
1425,2,37,3,6
1426,2,37,4,4
1427,2,37,5,4
1428,2,38,0,7
1429,2,38,1,7
1430,2,38,2,13
1431,2,38,3,7
1432,2,38,4,7
1433,2,38,5,7
1434,2,39,0,4
1435,2,39,1,4
1436,2,39,2,4
1437,2,39,3,4
1438,2,39,4,4
1439,2,39,5,4
1440,2,40,0,9
1441,2,40,1,9
1442,2,40,2,9
1443,2,40,3,9
1444,2,40,4,11
1445,2,40,5,11
1446,2,41,0,8
1447,2,41,1,8
1448,2,41,2,9
1449,2,41,3,8
1450,2,41,4,8
1451,2,41,5,8
1452,2,42,0,7
1453,2,42,1,7
1454,2,42,2,7
1455,2,42,3,7
1456,2,42,4,7
1457,2,42,5,7
1458,2,43,0,5
1459,2,43,1,5
1460,2,43,2,5
1461,2,43,3,5
1462,2,43,4,5
1463,2,43,5,5
1464,2,44,0,6
1465,2,44,1,6
1466,2,44,2,6
1467,2,44,3,6
1468,2,44,4,6
1469,2,44,5,6
1470,2,45,0,7
1471,2,45,1,7
1472,2,45,2,7
1473,2,45,3,7
1474,2,45,4,7
1475,2,45,5,7
1476,2,46,0,6
1477,2,46,1,5
1478,2,46,2,5
1479,2,46,3,5
1480,2,46,4,5
1481,2,46,5,5
1482,2,47,0,8
1483,2,47,1,8
1484,2,47,2,8
1485,2,47,3,8
1486,2,47,4,9
1487,2,47,5,9
1488,2,48,0,7
1489,2,48,1,9
1490,2,48,2,7
1491,2,48,3,7
1492,2,48,4,8
1493,2,48,5,7
1494,2,49,0,5
1495,2,49,1,5
1496,2,49,2,5
1497,2,49,3,5
1498,2,49,4,5
1499,2,49,5,5
1500,2,50,0,7
1501,2,50,1,7
1502,2,50,2,7
1503,2,50,3,7
1504,2,50,4,7
1505,2,50,5,7
1506,2,51,0,14
1507,2,51,1,13
1508,2,51,2,13
1509,2,51,3,11
1510,2,51,4,12
1511,2,51,5,12
1512,2,52,0,6
1513,2,52,1,6
1514,2,52,2,6
1515,2,52,3,6
1516,2,52,4,6
1517,2,52,5,6
1518,2,53,0,6
1519,2,53,1,6
1520,2,53,2,6
1521,2,53,3,6
1522,2,53,4,6
1523,2,53,5,6
1524,2,54,0,9
1525,2,54,1,12
1526,2,54,2,9
1527,2,54,3,9
1528,2,54,4,9
1529,2,54,5,9
1530,2,55,0,16
1531,2,55,1,13
1532,2,55,2,25
1533,2,55,3,15
1534,2,55,4,14
1535,2,55,5,14
1536,2,56,0,4
1537,2,56,1,4
1538,2,56,2,4
1539,2,56,3,4
1540,2,56,4,4
1541,2,56,5,4
1542,2,57,0,5
1543,2,57,1,5
1544,2,57,2,9
1545,2,57,3,5
1546,2,57,4,5
1547,2,57,5,5
1548,2,58,0,5
1549,2,58,1,5
1550,2,58,2,9
1551,2,58,3,5
1552,2,58,4,5
1553,2,58,5,7
1554,2,59,0,5
1555,2,59,1,5
1556,2,59,2,5
1557,2,59,3,5
1558,2,59,4,6
1559,2,59,5,5
1560,2,60,0,5
1561,2,60,1,5
1562,2,60,2,5
1563,2,60,3,5
1564,2,60,4,5
1565,2,60,5,5
1566,2,61,0,5
1567,2,61,1,5
1568,2,61,2,5
1569,2,61,3,5
1570,2,61,4,5
1571,2,61,5,6
1572,2,62,0,7
1573,2,62,1,8
1574,2,62,2,7
1575,2,62,3,7
1576,2,62,4,8
1577,2,62,5,7
1578,2,63,0,6
1579,2,63,1,4
1580,2,63,2,4
1581,2,63,3,4
1582,2,63,4,4
1583,2,63,5,4
1584,2,64,0,7
1585,2,64,1,7
1586,2,64,2,7
1587,2,64,3,7
1588,2,64,4,7
1589,2,64,5,7
1590,2,65,0,14
1591,2,65,1,22
1592,2,65,2,6
1593,2,65,3,13
1594,2,65,4,18
1595,2,65,5,17
1596,2,66,0,7
1597,2,66,1,13
1598,2,66,2,7
1599,2,66,3,7
1600,2,66,4,7
1601,2,66,5,7
1602,2,67,0,4
1603,2,67,1,4
1604,2,67,2,4
1605,2,67,3,4
1606,2,67,4,4
1607,2,67,5,4
1608,2,68,0,8
1609,2,68,1,7
1610,2,68,2,6
1611,2,68,3,6
1612,2,68,4,6
1613,2,68,5,7
1614,2,69,0,5
1615,2,69,1,5
1616,2,69,2,5
1617,2,69,3,5
1618,2,69,4,5
1619,2,69,5,5
1620,2,70,0,11
1621,2,70,1,13
1622,2,70,2,10
1623,2,70,3,10
1624,2,70,4,12
1625,2,70,5,10
1626,2,71,0,12
1627,2,71,1,8
1628,2,71,2,5
1629,2,71,3,5
1630,2,71,4,5
1631,2,71,5,7
1632,2,72,0,4
1633,2,72,1,4
1634,2,72,2,4
1635,2,72,3,4
1636,2,72,4,4
1637,2,72,5,4
1638,2,73,0,9
1639,2,73,1,11
1640,2,73,2,9
1641,2,73,3,12
1642,2,73,4,9
1643,2,73,5,9
1644,2,74,0,7
1645,2,74,1,7
1646,2,74,2,7
1647,2,74,3,7
1648,2,74,4,7
1649,2,74,5,10
1650,2,75,0,4
1651,2,75,1,4
1652,2,75,2,4
1653,2,75,3,4
1654,2,75,4,4
1655,2,75,5,4
1656,2,76,0,7
1657,2,76,1,7
1658,2,76,2,7
1659,2,76,3,11
1660,2,76,4,14
1661,2,76,5,9
1662,2,77,0,8
1663,2,77,1,14
1664,2,77,2,7
1665,2,77,3,7
1666,2,77,4,8
1667,2,77,5,5
1668,2,78,0,6
1669,2,78,1,6
1670,2,78,2,6
1671,2,78,3,6
1672,2,78,4,6
1673,2,78,5,6
1674,2,79,0,5
1675,2,79,1,5
1676,2,79,2,5
1677,2,79,3,5
1678,2,79,4,5
1679,2,79,5,7
1680,2,80,0,5
1681,2,80,1,6
1682,2,80,2,5
1683,2,80,3,6
1684,2,80,4,10
1685,2,80,5,5
1686,2,81,0,5
1687,2,81,1,7
1688,2,81,2,5
1689,2,81,3,5
1690,2,81,4,5
1691,2,81,5,9
1692,2,82,0,14
1693,2,82,1,11
1694,2,82,2,9
1695,2,82,3,16
1696,2,82,4,13
1697,2,82,5,6
1698,2,83,0,8
1699,2,83,1,8
1700,2,83,2,7
1701,2,83,3,8
1702,2,83,4,10
1703,2,83,5,8
1704,2,84,0,8
1705,2,84,1,5
1706,2,84,2,5
1707,2,84,3,8
1708,2,84,4,6
1709,2,84,5,5
1710,2,85,0,7
1711,2,85,1,6
1712,2,85,2,5
1713,2,85,3,6
1714,2,85,4,5
1715,2,85,5,5
1716,2,86,0,6
1717,2,86,1,5
1718,2,86,2,5
1719,2,86,3,5
1720,2,86,4,5
1721,2,86,5,5
1722,2,87,0,18
1723,2,87,1,15
1724,2,87,2,12
1725,2,87,3,6
1726,2,87,4,11
1727,2,87,5,6
1728,2,88,0,8
1729,2,88,1,8
1730,2,88,2,10
1731,2,88,3,8
1732,2,88,4,10
1733,2,88,5,8
1734,2,89,0,9
1735,2,89,1,9
1736,2,89,2,9
1737,2,89,3,11
1738,2,89,4,13
1739,2,89,5,9
1740,2,90,0,13
1741,2,90,1,26
1742,2,90,2,11
1743,2,90,3,14
1744,2,90,4,11
1745,2,90,5,11
1746,2,91,0,6
1747,2,91,1,6
1748,2,91,2,6
1749,2,91,3,6
1750,2,91,4,6
1751,2,91,5,6
1752,2,92,0,8
1753,2,92,1,5
1754,2,92,2,5
1755,2,92,3,5
1756,2,92,4,5
1757,2,92,5,6
1758,2,93,0,11
1759,2,93,1,10
1760,2,93,2,10
1761,2,93,3,12
1762,2,93,4,10
1763,2,93,5,11
1764,2,94,0,8
1765,2,94,1,8
1766,2,94,2,8
1767,2,94,3,8
1768,2,94,4,8
1769,2,94,5,8
1770,2,95,0,6
1771,2,95,1,6
1772,2,95,2,6
1773,2,95,3,6
1774,2,95,4,6
1775,2,95,5,6
1776,2,96,0,10
1777,2,96,1,10
1778,2,96,2,10
1779,2,96,3,10
1780,2,96,4,10
1781,2,96,5,11
1782,2,97,0,19
1783,2,97,1,12
1784,2,97,2,26
1785,2,97,3,11
1786,2,97,4,21
1787,2,97,5,12
1788,2,98,0,8
1789,2,98,1,10
1790,2,98,2,8
1791,2,98,3,8
1792,2,98,4,8
1793,2,98,5,8
1794,2,99,0,10
1795,2,99,1,8
1796,2,99,2,9
1797,2,99,3,10
1798,2,99,4,10
1799,2,99,5,8
1800,3,0,0,7
1801,3,0,1,7
1802,3,0,2,7
1803,3,0,3,8
1804,3,0,4,7
1805,3,0,5,9
1806,3,1,0,9
1807,3,1,1,9
1808,3,1,2,8
1809,3,1,3,9
1810,3,1,4,10
1811,3,1,5,11
1812,3,2,0,5
1813,3,2,1,5
1814,3,2,2,5
1815,3,2,3,5
1816,3,2,4,5
1817,3,2,5,5
1818,3,3,0,27
1819,3,3,1,12
1820,3,3,2,15
1821,3,3,3,11
1822,3,3,4,14
1823,3,3,5,13
1824,3,4,0,15
1825,3,4,1,8
1826,3,4,2,8
1827,3,4,3,8
1828,3,4,4,8
1829,3,4,5,8
1830,3,5,0,11
1831,3,5,1,9
1832,3,5,2,12
1833,3,5,3,11
1834,3,5,4,9
1835,3,5,5,9
1836,3,6,0,8
1837,3,6,1,8
1838,3,6,2,8
1839,3,6,3,8
1840,3,6,4,8
1841,3,6,5,8
1842,3,7,0,7
1843,3,7,1,7
1844,3,7,2,10
1845,3,7,3,7
1846,3,7,4,7
1847,3,7,5,7
1848,3,8,0,6
1849,3,8,1,6
1850,3,8,2,6
1851,3,8,3,6
1852,3,8,4,6
1853,3,8,5,6
1854,3,9,0,10
1855,3,9,1,9
1856,3,9,2,9
1857,3,9,3,9
1858,3,9,4,9
1859,3,9,5,10
1860,3,10,0,9
1861,3,10,1,8
1862,3,10,2,7
1863,3,10,3,7
1864,3,10,4,7
1865,3,10,5,9
1866,3,11,0,7
1867,3,11,1,9
1868,3,11,2,6
1869,3,11,3,11
1870,3,11,4,6
1871,3,11,5,7
1872,3,12,0,8
1873,3,12,1,7
1874,3,12,2,7
1875,3,12,3,7
1876,3,12,4,7
1877,3,12,5,7
1878,3,13,0,17
1879,3,13,1,9
1880,3,13,2,9
1881,3,13,3,9
1882,3,13,4,10
1883,3,13,5,9
1884,3,14,0,5
1885,3,14,1,5
1886,3,14,2,5
1887,3,14,3,5
1888,3,14,4,5
1889,3,14,5,5
1890,3,15,0,15
1891,3,15,1,18
1892,3,15,2,7
1893,3,15,3,26
1894,3,15,4,8
1895,3,15,5,16
1896,3,16,0,7
1897,3,16,1,7
1898,3,16,2,7
1899,3,16,3,7
1900,3,16,4,7
1901,3,16,5,7
1902,3,17,0,8
1903,3,17,1,8
1904,3,17,2,8
1905,3,17,3,8
1906,3,17,4,8
1907,3,17,5,8
1908,3,18,0,9
1909,3,18,1,9
1910,3,18,2,10
1911,3,18,3,9
1912,3,18,4,10
1913,3,18,5,9
1914,3,19,0,7
1915,3,19,1,7
1916,3,19,2,7
1917,3,19,3,7
1918,3,19,4,7
1919,3,19,5,7
1920,3,20,0,5
1921,3,20,1,5
1922,3,20,2,5
1923,3,20,3,5
1924,3,20,4,5
1925,3,20,5,5
1926,3,21,0,9
1927,3,21,1,7
1928,3,21,2,7
1929,3,21,3,7
1930,3,21,4,7
1931,3,21,5,7
1932,3,22,0,10
1933,3,22,1,11
1934,3,22,2,10
1935,3,22,3,10
1936,3,22,4,12
1937,3,22,5,12
1938,3,23,0,7
1939,3,23,1,7
1940,3,23,2,7
1941,3,23,3,7
1942,3,23,4,7
1943,3,23,5,7
1944,3,24,0,5
1945,3,24,1,5
1946,3,24,2,5
1947,3,24,3,6
1948,3,24,4,7
1949,3,24,5,7
1950,3,25,0,13
1951,3,25,1,12
1952,3,25,2,12
1953,3,25,3,38
1954,3,25,4,12
1955,3,25,5,15
1956,3,26,0,4
1957,3,26,1,4
1958,3,26,2,4
1959,3,26,3,4
1960,3,26,4,4
1961,3,26,5,4
1962,3,27,0,8
1963,3,27,1,8
1964,3,27,2,8
1965,3,27,3,8
1966,3,27,4,8
1967,3,27,5,8
1968,3,28,0,7
1969,3,28,1,7
1970,3,28,2,6
1971,3,28,3,6
1972,3,28,4,7
1973,3,28,5,6
1974,3,29,0,7
1975,3,29,1,6
1976,3,29,2,5
1977,3,29,3,5
1978,3,29,4,5
1979,3,29,5,5
1980,3,30,0,15
1981,3,30,1,16
1982,3,30,2,13
1983,3,30,3,16
1984,3,30,4,12
1985,3,30,5,21
1986,3,31,0,12
1987,3,31,1,10
1988,3,31,2,16
1989,3,31,3,10
1990,3,31,4,15
1991,3,31,5,12
1992,3,32,0,7
1993,3,32,1,8
1994,3,32,2,8
1995,3,32,3,7
1996,3,32,4,7
1997,3,32,5,7
1998,3,33,0,5
1999,3,33,1,5
2000,3,33,2,5
2001,3,33,3,5
2002,3,33,4,5
2003,3,33,5,5
2004,3,34,0,13
2005,3,34,1,5
2006,3,34,2,5
2007,3,34,3,5
2008,3,34,4,5
2009,3,34,5,6
2010,3,35,0,7
2011,3,35,1,7
2012,3,35,2,7
2013,3,35,3,7
2014,3,35,4,7
2015,3,35,5,7
2016,3,36,0,26
2017,3,36,1,32
2018,3,36,2,24
2019,3,36,3,19
2020,3,36,4,37
2021,3,36,5,15
2022,3,37,0,5
2023,3,37,1,5
2024,3,37,2,5
2025,3,37,3,6
2026,3,37,4,4
2027,3,37,5,4
2028,3,38,0,7
2029,3,38,1,7
2030,3,38,2,13
2031,3,38,3,7
2032,3,38,4,7
2033,3,38,5,7
2034,3,39,0,4
2035,3,39,1,4
2036,3,39,2,4
2037,3,39,3,4
2038,3,39,4,4
2039,3,39,5,4
2040,3,40,0,9
2041,3,40,1,9
2042,3,40,2,9
2043,3,40,3,13
2044,3,40,4,9
2045,3,40,5,9
2046,3,41,0,8
2047,3,41,1,8
2048,3,41,2,9
2049,3,41,3,8
2050,3,41,4,8
2051,3,41,5,8
2052,3,42,0,7
2053,3,42,1,7
2054,3,42,2,7
2055,3,42,3,7
2056,3,42,4,7
2057,3,42,5,7
2058,3,43,0,5
2059,3,43,1,5
2060,3,43,2,5
2061,3,43,3,5
2062,3,43,4,5
2063,3,43,5,5
2064,3,44,0,6
2065,3,44,1,6
2066,3,44,2,6
2067,3,44,3,6
2068,3,44,4,6
2069,3,44,5,6
2070,3,45,0,7
2071,3,45,1,7
2072,3,45,2,7
2073,3,45,3,7
2074,3,45,4,7
2075,3,45,5,7
2076,3,46,0,6
2077,3,46,1,5
2078,3,46,2,5
2079,3,46,3,5
2080,3,46,4,5
2081,3,46,5,5
2082,3,47,0,8
2083,3,47,1,8
2084,3,47,2,8
2085,3,47,3,8
2086,3,47,4,9
2087,3,47,5,9
2088,3,48,0,7
2089,3,48,1,9
2090,3,48,2,7
2091,3,48,3,7
2092,3,48,4,8
2093,3,48,5,7
2094,3,49,0,5
2095,3,49,1,5
2096,3,49,2,5
2097,3,49,3,5
2098,3,49,4,5
2099,3,49,5,5
2100,3,50,0,7
2101,3,50,1,7
2102,3,50,2,7
2103,3,50,3,7
2104,3,50,4,7
2105,3,50,5,7
2106,3,51,0,13
2107,3,51,1,16
2108,3,51,2,12
2109,3,51,3,10
2110,3,51,4,12
2111,3,51,5,12
2112,3,52,0,6
2113,3,52,1,6
2114,3,52,2,6
2115,3,52,3,6
2116,3,52,4,6
2117,3,52,5,6
2118,3,53,0,6
2119,3,53,1,6
2120,3,53,2,6
2121,3,53,3,6
2122,3,53,4,6
2123,3,53,5,6
2124,3,54,0,9
2125,3,54,1,12
2126,3,54,2,9
2127,3,54,3,9
2128,3,54,4,9
2129,3,54,5,9
2130,3,55,0,16
2131,3,55,1,13
2132,3,55,2,25
2133,3,55,3,19
2134,3,55,4,26
2135,3,55,5,26
2136,3,56,0,4
2137,3,56,1,4
2138,3,56,2,4
2139,3,56,3,4
2140,3,56,4,4
2141,3,56,5,4
2142,3,57,0,5
2143,3,57,1,5
2144,3,57,2,9
2145,3,57,3,5
2146,3,57,4,5
2147,3,57,5,5
2148,3,58,0,5
2149,3,58,1,5
2150,3,58,2,9
2151,3,58,3,5
2152,3,58,4,5
2153,3,58,5,7
2154,3,59,0,5
2155,3,59,1,5
2156,3,59,2,5
2157,3,59,3,5
2158,3,59,4,6
2159,3,59,5,5
2160,3,60,0,5
2161,3,60,1,5
2162,3,60,2,5
2163,3,60,3,5
2164,3,60,4,5
2165,3,60,5,5
2166,3,61,0,5
2167,3,61,1,5
2168,3,61,2,5
2169,3,61,3,5
2170,3,61,4,5
2171,3,61,5,6
2172,3,62,0,7
2173,3,62,1,7
2174,3,62,2,7
2175,3,62,3,8
2176,3,62,4,7
2177,3,62,5,7
2178,3,63,0,6
2179,3,63,1,4
2180,3,63,2,4
2181,3,63,3,4
2182,3,63,4,4
2183,3,63,5,4
2184,3,64,0,7
2185,3,64,1,7
2186,3,64,2,7
2187,3,64,3,7
2188,3,64,4,7
2189,3,64,5,7
2190,3,65,0,14
2191,3,65,1,22
2192,3,65,2,6
2193,3,65,3,16
2194,3,65,4,6
2195,3,65,5,5
2196,3,66,0,7
2197,3,66,1,13
2198,3,66,2,7
2199,3,66,3,7
2200,3,66,4,7
2201,3,66,5,7
2202,3,67,0,4
2203,3,67,1,4
2204,3,67,2,4
2205,3,67,3,4
2206,3,67,4,4
2207,3,67,5,4
2208,3,68,0,8
2209,3,68,1,7
2210,3,68,2,6
2211,3,68,3,6
2212,3,68,4,6
2213,3,68,5,7
2214,3,69,0,5
2215,3,69,1,5
2216,3,69,2,5
2217,3,69,3,5
2218,3,69,4,5
2219,3,69,5,5
2220,3,70,0,11
2221,3,70,1,13
2222,3,70,2,12
2223,3,70,3,21
2224,3,70,4,10
2225,3,70,5,10
2226,3,71,0,12
2227,3,71,1,5
2228,3,71,2,5
2229,3,71,3,5
2230,3,71,4,5
2231,3,71,5,6
2232,3,72,0,4
2233,3,72,1,4
2234,3,72,2,4
2235,3,72,3,4
2236,3,72,4,4
2237,3,72,5,4
2238,3,73,0,12
2239,3,73,1,11
2240,3,73,2,9
2241,3,73,3,9
2242,3,73,4,9
2243,3,73,5,9
2244,3,74,0,7
2245,3,74,1,7
2246,3,74,2,7
2247,3,74,3,7
2248,3,74,4,7
2249,3,74,5,10
2250,3,75,0,4
2251,3,75,1,4
2252,3,75,2,4
2253,3,75,3,4
2254,3,75,4,4
2255,3,75,5,4
2256,3,76,0,7
2257,3,76,1,7
2258,3,76,2,7
2259,3,76,3,11
2260,3,76,4,14
2261,3,76,5,9
2262,3,77,0,7
2263,3,77,1,6
2264,3,77,2,5
2265,3,77,3,5
2266,3,77,4,6
2267,3,77,5,7
2268,3,78,0,6
2269,3,78,1,6
2270,3,78,2,6
2271,3,78,3,6
2272,3,78,4,6
2273,3,78,5,6
2274,3,79,0,5
2275,3,79,1,5
2276,3,79,2,5
2277,3,79,3,5
2278,3,79,4,5
2279,3,79,5,7
2280,3,80,0,5
2281,3,80,1,6
2282,3,80,2,5
2283,3,80,3,6
2284,3,80,4,10
2285,3,80,5,5
2286,3,81,0,5
2287,3,81,1,7
2288,3,81,2,5
2289,3,81,3,5
2290,3,81,4,5
2291,3,81,5,9
2292,3,82,0,9
2293,3,82,1,5
2294,3,82,2,10
2295,3,82,3,9
2296,3,82,4,5
2297,3,82,5,5
2298,3,83,0,8
2299,3,83,1,8
2300,3,83,2,7
2301,3,83,3,6
2302,3,83,4,6
2303,3,83,5,8
2304,3,84,0,8
2305,3,84,1,5
2306,3,84,2,5
2307,3,84,3,8
2308,3,84,4,6
2309,3,84,5,5
2310,3,85,0,7
2311,3,85,1,6
2312,3,85,2,5
2313,3,85,3,6
2314,3,85,4,5
2315,3,85,5,5
2316,3,86,0,6
2317,3,86,1,5
2318,3,86,2,5
2319,3,86,3,5
2320,3,86,4,5
2321,3,86,5,5
2322,3,87,0,7
2323,3,87,1,8
2324,3,87,2,6
2325,3,87,3,6
2326,3,87,4,6
2327,3,87,5,6
2328,3,88,0,11
2329,3,88,1,9
2330,3,88,2,9
2331,3,88,3,8
2332,3,88,4,9
2333,3,88,5,11
2334,3,89,0,9
2335,3,89,1,9
2336,3,89,2,9
2337,3,89,3,11
2338,3,89,4,10
2339,3,89,5,12
2340,3,90,0,13
2341,3,90,1,14
2342,3,90,2,11
2343,3,90,3,11
2344,3,90,4,12
2345,3,90,5,11
2346,3,91,0,6
2347,3,91,1,6
2348,3,91,2,6
2349,3,91,3,6
2350,3,91,4,6
2351,3,91,5,6
2352,3,92,0,8
2353,3,92,1,5
2354,3,92,2,5
2355,3,92,3,5
2356,3,92,4,5
2357,3,92,5,6
2358,3,93,0,11
2359,3,93,1,10
2360,3,93,2,10
2361,3,93,3,12
2362,3,93,4,10
2363,3,93,5,11
2364,3,94,0,8
2365,3,94,1,8
2366,3,94,2,8
2367,3,94,3,8
2368,3,94,4,8
2369,3,94,5,8
2370,3,95,0,6
2371,3,95,1,6
2372,3,95,2,6
2373,3,95,3,6
2374,3,95,4,6
2375,3,95,5,6
2376,3,96,0,10
2377,3,96,1,10
2378,3,96,2,10
2379,3,96,3,10
2380,3,96,4,10
2381,3,96,5,11
2382,3,97,0,19
2383,3,97,1,12
2384,3,97,2,26
2385,3,97,3,11
2386,3,97,4,21
2387,3,97,5,12
2388,3,98,0,8
2389,3,98,1,10
2390,3,98,2,8
2391,3,98,3,8
2392,3,98,4,8
2393,3,98,5,8
2394,3,99,0,16
2395,3,99,1,8
2396,3,99,2,8
2397,3,99,3,9
2398,3,99,4,9
2399,3,99,5,12
2400,4,0,0,8
2401,4,0,1,7
2402,4,0,2,7
2403,4,0,3,8
2404,4,0,4,7
2405,4,0,5,8
2406,4,1,0,9
2407,4,1,1,13
2408,4,1,2,9
2409,4,1,3,8
2410,4,1,4,8
2411,4,1,5,17
2412,4,2,0,5
2413,4,2,1,5
2414,4,2,2,5
2415,4,2,3,5
2416,4,2,4,5
2417,4,2,5,5
2418,4,3,0,27
2419,4,3,1,12
2420,4,3,2,15
2421,4,3,3,11
2422,4,3,4,15
2423,4,3,5,11
2424,4,4,0,18
2425,4,4,1,8
2426,4,4,2,13
2427,4,4,3,8
2428,4,4,4,8
2429,4,4,5,10
2430,4,5,0,11
2431,4,5,1,9
2432,4,5,2,15
2433,4,5,3,9
2434,4,5,4,10
2435,4,5,5,10
2436,4,6,0,8
2437,4,6,1,8
2438,4,6,2,8
2439,4,6,3,8
2440,4,6,4,8
2441,4,6,5,8
2442,4,7,0,7
2443,4,7,1,7
2444,4,7,2,7
2445,4,7,3,7
2446,4,7,4,7
2447,4,7,5,7
2448,4,8,0,6
2449,4,8,1,6
2450,4,8,2,6
2451,4,8,3,6
2452,4,8,4,6
2453,4,8,5,6
2454,4,9,0,10
2455,4,9,1,9
2456,4,9,2,9
2457,4,9,3,9
2458,4,9,4,10
2459,4,9,5,9
2460,4,10,0,8
2461,4,10,1,9
2462,4,10,2,7
2463,4,10,3,7
2464,4,10,4,7
2465,4,10,5,9
2466,4,11,0,7
2467,4,11,1,9
2468,4,11,2,6
2469,4,11,3,11
2470,4,11,4,6
2471,4,11,5,7
2472,4,12,0,8
2473,4,12,1,7
2474,4,12,2,7
2475,4,12,3,7
2476,4,12,4,7
2477,4,12,5,7
2478,4,13,0,17
2479,4,13,1,10
2480,4,13,2,11
2481,4,13,3,9
2482,4,13,4,9
2483,4,13,5,9
2484,4,14,0,5
2485,4,14,1,5
2486,4,14,2,5
2487,4,14,3,5
2488,4,14,4,5
2489,4,14,5,5
2490,4,15,0,5
2491,4,15,1,5
2492,4,15,2,5
2493,4,15,3,5
2494,4,15,4,9
2495,4,15,5,6
2496,4,16,0,7
2497,4,16,1,7
2498,4,16,2,7
2499,4,16,3,7
2500,4,16,4,7
2501,4,16,5,7
2502,4,17,0,8
2503,4,17,1,8
2504,4,17,2,8
2505,4,17,3,8
2506,4,17,4,8
2507,4,17,5,8
2508,4,18,0,9
2509,4,18,1,9
2510,4,18,2,10
2511,4,18,3,9
2512,4,18,4,10
2513,4,18,5,9
2514,4,19,0,7
2515,4,19,1,7
2516,4,19,2,7
2517,4,19,3,7
2518,4,19,4,7
2519,4,19,5,7
2520,4,20,0,5
2521,4,20,1,5
2522,4,20,2,5
2523,4,20,3,5
2524,4,20,4,5
2525,4,20,5,5
2526,4,21,0,9
2527,4,21,1,7
2528,4,21,2,7
2529,4,21,3,7
2530,4,21,4,7
2531,4,21,5,7
2532,4,22,0,10
2533,4,22,1,11
2534,4,22,2,10
2535,4,22,3,10
2536,4,22,4,12
2537,4,22,5,12
2538,4,23,0,7
2539,4,23,1,7
2540,4,23,2,7
2541,4,23,3,7
2542,4,23,4,7
2543,4,23,5,7
2544,4,24,0,5
2545,4,24,1,5
2546,4,24,2,5
2547,4,24,3,6
2548,4,24,4,7
2549,4,24,5,7
2550,4,25,0,13
2551,4,25,1,12
2552,4,25,2,12
2553,4,25,3,38
2554,4,25,4,12
2555,4,25,5,30
2556,4,26,0,4
2557,4,26,1,4
2558,4,26,2,4
2559,4,26,3,4
2560,4,26,4,4
2561,4,26,5,4
2562,4,27,0,8
2563,4,27,1,8
2564,4,27,2,8
2565,4,27,3,8
2566,4,27,4,8
2567,4,27,5,8
2568,4,28,0,7
2569,4,28,1,7
2570,4,28,2,6
2571,4,28,3,6
2572,4,28,4,7
2573,4,28,5,6
2574,4,29,0,7
2575,4,29,1,6
2576,4,29,2,5
2577,4,29,3,5
2578,4,29,4,5
2579,4,29,5,5
2580,4,30,0,20
2581,4,30,1,11
2582,4,30,2,17
2583,4,30,3,17
2584,4,30,4,14
2585,4,30,5,14
2586,4,31,0,12
2587,4,31,1,10
2588,4,31,2,16
2589,4,31,3,10
2590,4,31,4,15
2591,4,31,5,12
2592,4,32,0,7
2593,4,32,1,8
2594,4,32,2,8
2595,4,32,3,7
2596,4,32,4,7
2597,4,32,5,7
2598,4,33,0,5
2599,4,33,1,5
2600,4,33,2,5
2601,4,33,3,5
2602,4,33,4,5
2603,4,33,5,5
2604,4,34,0,13
2605,4,34,1,5
2606,4,34,2,5
2607,4,34,3,5
2608,4,34,4,5
2609,4,34,5,6
2610,4,35,0,7
2611,4,35,1,7
2612,4,35,2,7
2613,4,35,3,7
2614,4,35,4,7
2615,4,35,5,7
2616,4,36,0,26
2617,4,36,1,32
2618,4,36,2,29
2619,4,36,3,25
2620,4,36,4,18
2621,4,36,5,19
2622,4,37,0,5
2623,4,37,1,5
2624,4,37,2,5
2625,4,37,3,6
2626,4,37,4,4
2627,4,37,5,5
2628,4,38,0,7
2629,4,38,1,7
2630,4,38,2,13
2631,4,38,3,7
2632,4,38,4,7
2633,4,38,5,7
2634,4,39,0,4
2635,4,39,1,4
2636,4,39,2,4
2637,4,39,3,4
2638,4,39,4,4
2639,4,39,5,4
2640,4,40,0,9
2641,4,40,1,9
2642,4,40,2,9
2643,4,40,3,13
2644,4,40,4,9
2645,4,40,5,9
2646,4,41,0,8
2647,4,41,1,8
2648,4,41,2,9
2649,4,41,3,8
2650,4,41,4,8
2651,4,41,5,8
2652,4,42,0,7
2653,4,42,1,7
2654,4,42,2,7
2655,4,42,3,7
2656,4,42,4,7
2657,4,42,5,7
2658,4,43,0,5
2659,4,43,1,5
2660,4,43,2,5
2661,4,43,3,5
2662,4,43,4,5
2663,4,43,5,5
2664,4,44,0,6
2665,4,44,1,6
2666,4,44,2,6
2667,4,44,3,6
2668,4,44,4,6
2669,4,44,5,6
2670,4,45,0,7
2671,4,45,1,7
2672,4,45,2,7
2673,4,45,3,7
2674,4,45,4,7
2675,4,45,5,7
2676,4,46,0,6
2677,4,46,1,5
2678,4,46,2,5
2679,4,46,3,5
2680,4,46,4,5
2681,4,46,5,5
2682,4,47,0,8
2683,4,47,1,8
2684,4,47,2,8
2685,4,47,3,8
2686,4,47,4,9
2687,4,47,5,9
2688,4,48,0,7
2689,4,48,1,9
2690,4,48,2,7
2691,4,48,3,7
2692,4,48,4,8
2693,4,48,5,7
2694,4,49,0,5
2695,4,49,1,5
2696,4,49,2,5
2697,4,49,3,5
2698,4,49,4,5
2699,4,49,5,5
2700,4,50,0,7
2701,4,50,1,7
2702,4,50,2,7
2703,4,50,3,7
2704,4,50,4,7
2705,4,50,5,7
2706,4,51,0,13
2707,4,51,1,16
2708,4,51,2,12
2709,4,51,3,10
2710,4,51,4,12
2711,4,51,5,12
2712,4,52,0,6
2713,4,52,1,6
2714,4,52,2,6
2715,4,52,3,6
2716,4,52,4,6
2717,4,52,5,6
2718,4,53,0,6
2719,4,53,1,6
2720,4,53,2,6
2721,4,53,3,6
2722,4,53,4,6
2723,4,53,5,6
2724,4,54,0,9
2725,4,54,1,12
2726,4,54,2,9
2727,4,54,3,9
2728,4,54,4,9
2729,4,54,5,9
2730,4,55,0,16
2731,4,55,1,16
2732,4,55,2,14
2733,4,55,3,18
2734,4,55,4,16
2735,4,55,5,20
2736,4,56,0,4
2737,4,56,1,4
2738,4,56,2,4
2739,4,56,3,4
2740,4,56,4,4
2741,4,56,5,4
2742,4,57,0,5
2743,4,57,1,5
2744,4,57,2,9
2745,4,57,3,5
2746,4,57,4,5
2747,4,57,5,5
2748,4,58,0,5
2749,4,58,1,5
2750,4,58,2,9
2751,4,58,3,5
2752,4,58,4,5
2753,4,58,5,7
2754,4,59,0,5
2755,4,59,1,5
2756,4,59,2,5
2757,4,59,3,5
2758,4,59,4,6
2759,4,59,5,5
2760,4,60,0,5
2761,4,60,1,5
2762,4,60,2,5
2763,4,60,3,5
2764,4,60,4,5
2765,4,60,5,5
2766,4,61,0,5
2767,4,61,1,6
2768,4,61,2,7
2769,4,61,3,5
2770,4,61,4,5
2771,4,61,5,5
2772,4,62,0,7
2773,4,62,1,7
2774,4,62,2,7
2775,4,62,3,8
2776,4,62,4,7
2777,4,62,5,7
2778,4,63,0,6
2779,4,63,1,4
2780,4,63,2,4
2781,4,63,3,4
2782,4,63,4,4
2783,4,63,5,4
2784,4,64,0,7
2785,4,64,1,7
2786,4,64,2,7
2787,4,64,3,7
2788,4,64,4,7
2789,4,64,5,7
2790,4,65,0,5
2791,4,65,1,5
2792,4,65,2,5
2793,4,65,3,5
2794,4,65,4,5
2795,4,65,5,5
2796,4,66,0,7
2797,4,66,1,13
2798,4,66,2,7
2799,4,66,3,7
2800,4,66,4,7
2801,4,66,5,7
2802,4,67,0,4
2803,4,67,1,4
2804,4,67,2,4
2805,4,67,3,4
2806,4,67,4,4
2807,4,67,5,4
2808,4,68,0,8
2809,4,68,1,7
2810,4,68,2,6
2811,4,68,3,6
2812,4,68,4,6
2813,4,68,5,7
2814,4,69,0,5
2815,4,69,1,5
2816,4,69,2,5
2817,4,69,3,5
2818,4,69,4,5
2819,4,69,5,5
2820,4,70,0,11
2821,4,70,1,13
2822,4,70,2,12
2823,4,70,3,21
2824,4,70,4,10
2825,4,70,5,10
2826,4,71,0,9
2827,4,71,1,5
2828,4,71,2,5
2829,4,71,3,6
2830,4,71,4,5
2831,4,71,5,5
2832,4,72,0,4
2833,4,72,1,4
2834,4,72,2,4
2835,4,72,3,4
2836,4,72,4,4
2837,4,72,5,4
2838,4,73,0,12
2839,4,73,1,11
2840,4,73,2,9
2841,4,73,3,9
2842,4,73,4,9
2843,4,73,5,9
2844,4,74,0,7
2845,4,74,1,7
2846,4,74,2,7
2847,4,74,3,7
2848,4,74,4,7
2849,4,74,5,10
2850,4,75,0,4
2851,4,75,1,4
2852,4,75,2,4
2853,4,75,3,4
2854,4,75,4,4
2855,4,75,5,4
2856,4,76,0,7
2857,4,76,1,7
2858,4,76,2,7
2859,4,76,3,11
2860,4,76,4,14
2861,4,76,5,9
2862,4,77,0,7
2863,4,77,1,7
2864,4,77,2,7
2865,4,77,3,5
2866,4,77,4,5
2867,4,77,5,5
2868,4,78,0,6
2869,4,78,1,6
2870,4,78,2,6
2871,4,78,3,6
2872,4,78,4,6
2873,4,78,5,6
2874,4,79,0,5
2875,4,79,1,5
2876,4,79,2,5
2877,4,79,3,5
2878,4,79,4,5
2879,4,79,5,7
2880,4,80,0,5
2881,4,80,1,6
2882,4,80,2,5
2883,4,80,3,6
2884,4,80,4,10
2885,4,80,5,5
2886,4,81,0,5
2887,4,81,1,7
2888,4,81,2,5
2889,4,81,3,5
2890,4,81,4,5
2891,4,81,5,9
2892,4,82,0,5
2893,4,82,1,5
2894,4,82,2,5
2895,4,82,3,5
2896,4,82,4,5
2897,4,82,5,5
2898,4,83,0,6
2899,4,83,1,6
2900,4,83,2,6
2901,4,83,3,7
2902,4,83,4,7
2903,4,83,5,7
2904,4,84,0,8
2905,4,84,1,5
2906,4,84,2,5
2907,4,84,3,8
2908,4,84,4,6
2909,4,84,5,5
2910,4,85,0,7
2911,4,85,1,6
2912,4,85,2,5
2913,4,85,3,6
2914,4,85,4,5
2915,4,85,5,5
2916,4,86,0,6
2917,4,86,1,5
2918,4,86,2,5
2919,4,86,3,5
2920,4,86,4,5
2921,4,86,5,5
2922,4,87,0,6
2923,4,87,1,6
2924,4,87,2,6
2925,4,87,3,6
2926,4,87,4,6
2927,4,87,5,6
2928,4,88,0,11
2929,4,88,1,9
2930,4,88,2,9
2931,4,88,3,8
2932,4,88,4,9
2933,4,88,5,11
2934,4,89,0,9
2935,4,89,1,9
2936,4,89,2,9
2937,4,89,3,11
2938,4,89,4,10
2939,4,89,5,12
2940,4,90,0,13
2941,4,90,1,15
2942,4,90,2,11
2943,4,90,3,11
2944,4,90,4,12
2945,4,90,5,11
2946,4,91,0,6
2947,4,91,1,6
2948,4,91,2,6
2949,4,91,3,6
2950,4,91,4,6
2951,4,91,5,6
2952,4,92,0,8
2953,4,92,1,5
2954,4,92,2,5
2955,4,92,3,5
2956,4,92,4,5
2957,4,92,5,6
2958,4,93,0,11
2959,4,93,1,10
2960,4,93,2,10
2961,4,93,3,12
2962,4,93,4,10
2963,4,93,5,11
2964,4,94,0,8
2965,4,94,1,8
2966,4,94,2,8
2967,4,94,3,8
2968,4,94,4,8
2969,4,94,5,8
2970,4,95,0,6
2971,4,95,1,6
2972,4,95,2,6
2973,4,95,3,6
2974,4,95,4,6
2975,4,95,5,6
2976,4,96,0,11
2977,4,96,1,11
2978,4,96,2,13
2979,4,96,3,10
2980,4,96,4,16
2981,4,96,5,12
2982,4,97,0,19
2983,4,97,1,12
2984,4,97,2,26
2985,4,97,3,11
2986,4,97,4,33
2987,4,97,5,19
2988,4,98,0,8
2989,4,98,1,10
2990,4,98,2,8
2991,4,98,3,8
2992,4,98,4,8
2993,4,98,5,8
2994,4,99,0,17
2995,4,99,1,9
2996,4,99,2,15
2997,4,99,3,12
2998,4,99,4,8
2999,4,99,5,13
