,alpha,Mean det,STD det,Q1 det,Q2 det,Q3 det,Mean sto,STD sto,Q1 sto,Q2 sto,Q3 sto,Mean tot,STD tot,Q1 tot,Q2 tot,Q3 tot
0,0.0,101.65872,41.781386764462475,99.9,117.42,127.66,100.62028,32.72386626182181,93.72500000000001,110.36,122.5,101.1395,37.53048682005071,97.66,113.08,126.18
1,0.1,74.85556,83.71729765518235,24.71,48.150000000000006,85.19,97.91472,106.32638369530679,45.755,68.19,95.345,86.38513999999998,96.38399303401161,33.61,61.58,89.76
2,0.2,58.534639999999996,63.21749389583867,21.375,38.28,67.035,74.81783999999999,65.75908535962465,36.614999999999995,58.64,82.38,66.67623999999999,65.0126147102422,28.290000000000003,48.14,75.78500000000001
3,0.3,48.92044,44.61525607016506,20.985,35.19,58.315,64.60564,51.38400142642066,35.5,52.97,72.64,56.76304,48.75371486521207,27.515,45.09,66.71
4,0.4,45.25092,46.61690476161625,20.155,31.939999999999998,50.709999999999994,63.10092,50.046077743951116,35.075,50.83,72.38499999999999,54.17592,49.17853676710603,26.455,41.52,63.849999999999994
5,0.5,42.069520000000004,36.99420037478308,19.740000000000002,30.1,49.945,57.41268,38.706195059933236,33.42,46.54,66.56,49.7411,38.62930672934735,25.22,38.72,59.160000000000004
6,0.6,38.9402,33.65278657050557,18.96,27.82,45.739999999999995,58.68376,44.90370338694126,33.435,43.75,65.86,48.81198,40.8886090651125,24.515,37.16,57.419999999999995
7,0.7,39.378440000000005,37.724066058239266,18.505000000000003,26.53,45.06,56.076800000000006,37.15231271616883,33.92,45.349999999999994,65.85,47.727619999999995,38.35894363425041,23.5,36.83,57.745
8,0.8,36.29615999999999,30.109414017120958,18.310000000000002,26.32,41.485,54.3444,30.59222110014243,33.575,47.620000000000005,66.185,45.32028,31.664888187416672,23.625,36.5,57.58
9,0.9,35.532880000000006,27.479931799507803,18.48,26.23,41.625,58.036480000000005,38.08730247746091,33.76,49.04,68.945,46.784679999999994,35.064193047860094,23.384999999999998,36.599999999999994,57.464999999999996
10,1.0,33.39212,25.891345818740284,17.64,25.11,39.695,61.777480000000004,39.176165744615695,36.56,51.99,74.19,47.5848,36.110926891454895,22.525,38.129999999999995,58.58
