,Replay type,Individual,Trial,Performance
0,0,0,0,6
1,0,0,1,21
2,0,0,2,18
3,0,0,3,9
4,0,0,4,8
5,0,0,5,9
6,0,1,0,62
7,0,1,1,3
8,0,1,2,3
9,0,1,3,4
10,0,1,4,3
11,0,1,5,3
12,0,2,0,17
13,0,2,1,16
14,0,2,2,10
15,0,2,3,21
16,0,2,4,27
17,0,2,5,32
18,0,3,0,6
19,0,3,1,3
20,0,3,2,28
21,0,3,3,6
22,0,3,4,6
23,0,3,5,6
24,0,4,0,8
25,0,4,1,6
26,0,4,2,3
27,0,4,3,6
28,0,4,4,4
29,0,4,5,5
30,0,5,0,14
31,0,5,1,11
32,0,5,2,7
33,0,5,3,7
34,0,5,4,9
35,0,5,5,7
36,0,6,0,11
37,0,6,1,6
38,0,6,2,9
39,0,6,3,11
40,0,6,4,10
41,0,6,5,7
42,0,7,0,5
43,0,7,1,4
44,0,7,2,4
45,0,7,3,4
46,0,7,4,4
47,0,7,5,4
48,0,8,0,10
49,0,8,1,29
50,0,8,2,28
51,0,8,3,7
52,0,8,4,8
53,0,8,5,6
54,0,9,0,12
55,0,9,1,14
56,0,9,2,14
57,0,9,3,12
58,0,9,4,13
59,0,9,5,11
60,0,10,0,16
61,0,10,1,39
62,0,10,2,30
63,0,10,3,6
64,0,10,4,11
65,0,10,5,5
66,0,11,0,26
67,0,11,1,9
68,0,11,2,9
69,0,11,3,3
70,0,11,4,9
71,0,11,5,9
72,0,12,0,27
73,0,12,1,36
74,0,12,2,22
75,0,12,3,11
76,0,12,4,3
77,0,12,5,17
78,0,13,0,7
79,0,13,1,4
80,0,13,2,4
81,0,13,3,6
82,0,13,4,4
83,0,13,5,4
84,0,14,0,7
85,0,14,1,15
86,0,14,2,25
87,0,14,3,34
88,0,14,4,6
89,0,14,5,8
90,0,15,0,18
91,0,15,1,6
92,0,15,2,6
93,0,15,3,6
94,0,15,4,6
95,0,15,5,6
96,0,16,0,8
97,0,16,1,8
98,0,16,2,10
99,0,16,3,4
100,0,16,4,5
101,0,16,5,7
102,0,17,0,11
103,0,17,1,10
104,0,17,2,8
105,0,17,3,17
106,0,17,4,5
107,0,17,5,4
108,0,18,0,20
109,0,18,1,14
110,0,18,2,10
111,0,18,3,10
112,0,18,4,6
113,0,18,5,9
114,0,19,0,23
115,0,19,1,28
116,0,19,2,29
117,0,19,3,12
118,0,19,4,12
119,0,19,5,8
120,0,20,0,6
121,0,20,1,6
122,0,20,2,6
123,0,20,3,6
124,0,20,4,6
125,0,20,5,6
126,0,21,0,21
127,0,21,1,24
128,0,21,2,18
129,0,21,3,16
130,0,21,4,28
131,0,21,5,11
132,0,22,0,15
133,0,22,1,6
134,0,22,2,20
135,0,22,3,7
136,0,22,4,4
137,0,22,5,4
138,0,23,0,26
139,0,23,1,21
140,0,23,2,4
141,0,23,3,4
142,0,23,4,4
143,0,23,5,4
144,0,24,0,10
145,0,24,1,7
146,0,24,2,7
147,0,24,3,4
148,0,24,4,4
149,0,24,5,4
150,0,25,0,11
151,0,25,1,8
152,0,25,2,10
153,0,25,3,8
154,0,25,4,8
155,0,25,5,8
156,0,26,0,46
157,0,26,1,7
158,0,26,2,13
159,0,26,3,12
160,0,26,4,10
161,0,26,5,8
162,0,27,0,5
163,0,27,1,24
164,0,27,2,12
165,0,27,3,18
166,0,27,4,11
167,0,27,5,6
168,0,28,0,26
169,0,28,1,9
170,0,28,2,22
171,0,28,3,11
172,0,28,4,3
173,0,28,5,3
174,0,29,0,14
175,0,29,1,14
176,0,29,2,12
177,0,29,3,8
178,0,29,4,6
179,0,29,5,11
180,0,30,0,3
181,0,30,1,8
182,0,30,2,3
183,0,30,3,4
184,0,30,4,3
185,0,30,5,3
186,0,31,0,17
187,0,31,1,14
188,0,31,2,10
189,0,31,3,10
190,0,31,4,10
191,0,31,5,7
192,0,32,0,8
193,0,32,1,4
194,0,32,2,4
195,0,32,3,4
196,0,32,4,4
197,0,32,5,4
198,0,33,0,24
199,0,33,1,7
200,0,33,2,18
201,0,33,3,30
202,0,33,4,12
203,0,33,5,12
204,0,34,0,42
205,0,34,1,11
206,0,34,2,8
207,0,34,3,26
208,0,34,4,4
209,0,34,5,7
210,0,35,0,28
211,0,35,1,10
212,0,35,2,22
213,0,35,3,6
214,0,35,4,16
215,0,35,5,4
216,0,36,0,8
217,0,36,1,6
218,0,36,2,6
219,0,36,3,6
220,0,36,4,6
221,0,36,5,6
222,0,37,0,36
223,0,37,1,18
224,0,37,2,24
225,0,37,3,8
226,0,37,4,12
227,0,37,5,10
228,0,38,0,13
229,0,38,1,14
230,0,38,2,9
231,0,38,3,5
232,0,38,4,6
233,0,38,5,5
234,0,39,0,6
235,0,39,1,9
236,0,39,2,18
237,0,39,3,24
238,0,39,4,10
239,0,39,5,7
240,0,40,0,5
241,0,40,1,8
242,0,40,2,5
243,0,40,3,5
244,0,40,4,6
245,0,40,5,5
246,0,41,0,13
247,0,41,1,12
248,0,41,2,5
249,0,41,3,8
250,0,41,4,5
251,0,41,5,5
252,0,42,0,8
253,0,42,1,5
254,0,42,2,6
255,0,42,3,5
256,0,42,4,5
257,0,42,5,5
258,0,43,0,7
259,0,43,1,5
260,0,43,2,4
261,0,43,3,4
262,0,43,4,4
263,0,43,5,4
264,0,44,0,15
265,0,44,1,55
266,0,44,2,22
267,0,44,3,32
268,0,44,4,17
269,0,44,5,45
270,0,45,0,8
271,0,45,1,7
272,0,45,2,8
273,0,45,3,6
274,0,45,4,6
275,0,45,5,6
276,0,46,0,124
277,0,46,1,20
278,0,46,2,10
279,0,46,3,8
280,0,46,4,6
281,0,46,5,9
282,0,47,0,15
283,0,47,1,5
284,0,47,2,30
285,0,47,3,21
286,0,47,4,7
287,0,47,5,3
288,0,48,0,11
289,0,48,1,6
290,0,48,2,12
291,0,48,3,5
292,0,48,4,5
293,0,48,5,6
294,0,49,0,8
295,0,49,1,15
296,0,49,2,5
297,0,49,3,8
298,0,49,4,5
299,0,49,5,5
300,0,50,0,4
301,0,50,1,4
302,0,50,2,4
303,0,50,3,4
304,0,50,4,4
305,0,50,5,4
306,0,51,0,6
307,0,51,1,6
308,0,51,2,6
309,0,51,3,10
310,0,51,4,6
311,0,51,5,6
312,0,52,0,28
313,0,52,1,4
314,0,52,2,41
315,0,52,3,21
316,0,52,4,18
317,0,52,5,35
318,0,53,0,11
319,0,53,1,37
320,0,53,2,24
321,0,53,3,16
322,0,53,4,11
323,0,53,5,11
324,0,54,0,13
325,0,54,1,27
326,0,54,2,9
327,0,54,3,9
328,0,54,4,13
329,0,54,5,15
330,0,55,0,5
331,0,55,1,5
332,0,55,2,6
333,0,55,3,4
334,0,55,4,5
335,0,55,5,4
336,0,56,0,17
337,0,56,1,7
338,0,56,2,28
339,0,56,3,14
340,0,56,4,8
341,0,56,5,26
342,0,57,0,9
343,0,57,1,32
344,0,57,2,12
345,0,57,3,13
346,0,57,4,6
347,0,57,5,16
348,0,58,0,19
349,0,58,1,5
350,0,58,2,5
351,0,58,3,7
352,0,58,4,5
353,0,58,5,5
354,0,59,0,30
355,0,59,1,34
356,0,59,2,5
357,0,59,3,8
358,0,59,4,65
359,0,59,5,38
360,0,60,0,9
361,0,60,1,6
362,0,60,2,15
363,0,60,3,9
364,0,60,4,9
365,0,60,5,7
366,0,61,0,14
367,0,61,1,11
368,0,61,2,9
369,0,61,3,8
370,0,61,4,9
371,0,61,5,9
372,0,62,0,25
373,0,62,1,12
374,0,62,2,45
375,0,62,3,16
376,0,62,4,18
377,0,62,5,6
378,0,63,0,38
379,0,63,1,26
380,0,63,2,13
381,0,63,3,14
382,0,63,4,22
383,0,63,5,6
384,0,64,0,7
385,0,64,1,23
386,0,64,2,8
387,0,64,3,11
388,0,64,4,8
389,0,64,5,7
390,0,65,0,8
391,0,65,1,3
392,0,65,2,3
393,0,65,3,3
394,0,65,4,5
395,0,65,5,4
396,0,66,0,9
397,0,66,1,25
398,0,66,2,6
399,0,66,3,4
400,0,66,4,7
401,0,66,5,4
402,0,67,0,23
403,0,67,1,10
404,0,67,2,20
405,0,67,3,11
406,0,67,4,10
407,0,67,5,7
408,0,68,0,5
409,0,68,1,12
410,0,68,2,35
411,0,68,3,16
412,0,68,4,26
413,0,68,5,12
414,0,69,0,6
415,0,69,1,7
416,0,69,2,4
417,0,69,3,6
418,0,69,4,5
419,0,69,5,4
420,0,70,0,7
421,0,70,1,28
422,0,70,2,23
423,0,70,3,7
424,0,70,4,10
425,0,70,5,5
426,0,71,0,7
427,0,71,1,3
428,0,71,2,3
429,0,71,3,3
430,0,71,4,4
431,0,71,5,3
432,0,72,0,14
433,0,72,1,26
434,0,72,2,15
435,0,72,3,7
436,0,72,4,10
437,0,72,5,7
438,0,73,0,4
439,0,73,1,23
440,0,73,2,9
441,0,73,3,8
442,0,73,4,4
443,0,73,5,5
444,0,74,0,12
445,0,74,1,13
446,0,74,2,15
447,0,74,3,16
448,0,74,4,8
449,0,74,5,6
450,0,75,0,34
451,0,75,1,10
452,0,75,2,7
453,0,75,3,7
454,0,75,4,7
455,0,75,5,7
456,0,76,0,9
457,0,76,1,3
458,0,76,2,3
459,0,76,3,3
460,0,76,4,3
461,0,76,5,3
462,0,77,0,12
463,0,77,1,10
464,0,77,2,9
465,0,77,3,10
466,0,77,4,8
467,0,77,5,8
468,0,78,0,8
469,0,78,1,9
470,0,78,2,6
471,0,78,3,3
472,0,78,4,3
473,0,78,5,3
474,0,79,0,4
475,0,79,1,5
476,0,79,2,11
477,0,79,3,3
478,0,79,4,3
479,0,79,5,8
480,0,80,0,24
481,0,80,1,8
482,0,80,2,6
483,0,80,3,3
484,0,80,4,3
485,0,80,5,4
486,0,81,0,39
487,0,81,1,7
488,0,81,2,7
489,0,81,3,5
490,0,81,4,5
491,0,81,5,5
492,0,82,0,8
493,0,82,1,9
494,0,82,2,8
495,0,82,3,8
496,0,82,4,6
497,0,82,5,6
498,0,83,0,11
499,0,83,1,15
500,0,83,2,21
501,0,83,3,5
502,0,83,4,9
503,0,83,5,9
504,0,84,0,54
505,0,84,1,24
506,0,84,2,27
507,0,84,3,21
508,0,84,4,20
509,0,84,5,23
510,0,85,0,20
511,0,85,1,9
512,0,85,2,6
513,0,85,3,9
514,0,85,4,19
515,0,85,5,3
516,0,86,0,9
517,0,86,1,7
518,0,86,2,5
519,0,86,3,7
520,0,86,4,10
521,0,86,5,7
522,0,87,0,9
523,0,87,1,9
524,0,87,2,6
525,0,87,3,6
526,0,87,4,6
527,0,87,5,6
528,0,88,0,3
529,0,88,1,3
530,0,88,2,3
531,0,88,3,4
532,0,88,4,4
533,0,88,5,4
534,0,89,0,7
535,0,89,1,5
536,0,89,2,18
537,0,89,3,3
538,0,89,4,3
539,0,89,5,3
540,0,90,0,11
541,0,90,1,8
542,0,90,2,10
543,0,90,3,5
544,0,90,4,9
545,0,90,5,13
546,0,91,0,3
547,0,91,1,3
548,0,91,2,3
549,0,91,3,3
550,0,91,4,4
551,0,91,5,3
552,0,92,0,15
553,0,92,1,8
554,0,92,2,9
555,0,92,3,6
556,0,92,4,9
557,0,92,5,18
558,0,93,0,5
559,0,93,1,8
560,0,93,2,6
561,0,93,3,6
562,0,93,4,6
563,0,93,5,6
564,0,94,0,5
565,0,94,1,24
566,0,94,2,7
567,0,94,3,68
568,0,94,4,26
569,0,94,5,7
570,0,95,0,6
571,0,95,1,23
572,0,95,2,55
573,0,95,3,4
574,0,95,4,3
575,0,95,5,6
576,0,96,0,6
577,0,96,1,7
578,0,96,2,4
579,0,96,3,4
580,0,96,4,4
581,0,96,5,4
582,0,97,0,19
583,0,97,1,10
584,0,97,2,13
585,0,97,3,7
586,0,97,4,7
587,0,97,5,4
588,0,98,0,6
589,0,98,1,6
590,0,98,2,7
591,0,98,3,4
592,0,98,4,4
593,0,98,5,4
594,0,99,0,32
595,0,99,1,9
596,0,99,2,6
597,0,99,3,5
598,0,99,4,5
599,0,99,5,4
600,1,0,0,7
601,1,0,1,11
602,1,0,2,7
603,1,0,3,6
604,1,0,4,7
605,1,0,5,7
606,1,1,0,5
607,1,1,1,3
608,1,1,2,3
609,1,1,3,4
610,1,1,4,4
611,1,1,5,4
612,1,2,0,10
613,1,2,1,15
614,1,2,2,7
615,1,2,3,14
616,1,2,4,18
617,1,2,5,19
618,1,3,0,6
619,1,3,1,6
620,1,3,2,6
621,1,3,3,6
622,1,3,4,6
623,1,3,5,6
624,1,4,0,3
625,1,4,1,5
626,1,4,2,3
627,1,4,3,3
628,1,4,4,3
629,1,4,5,3
630,1,5,0,7
631,1,5,1,7
632,1,5,2,7
633,1,5,3,15
634,1,5,4,8
635,1,5,5,8
636,1,6,0,5
637,1,6,1,5
638,1,6,2,5
639,1,6,3,5
640,1,6,4,5
641,1,6,5,5
642,1,7,0,4
643,1,7,1,4
644,1,7,2,4
645,1,7,3,4
646,1,7,4,4
647,1,7,5,4
648,1,8,0,8
649,1,8,1,6
650,1,8,2,9
651,1,8,3,7
652,1,8,4,6
653,1,8,5,6
654,1,9,0,12
655,1,9,1,15
656,1,9,2,14
657,1,9,3,11
658,1,9,4,17
659,1,9,5,13
660,1,10,0,5
661,1,10,1,6
662,1,10,2,5
663,1,10,3,5
664,1,10,4,5
665,1,10,5,5
666,1,11,0,7
667,1,11,1,7
668,1,11,2,7
669,1,11,3,7
670,1,11,4,7
671,1,11,5,9
672,1,12,0,12
673,1,12,1,14
674,1,12,2,17
675,1,12,3,10
676,1,12,4,16
677,1,12,5,16
678,1,13,0,4
679,1,13,1,4
680,1,13,2,4
681,1,13,3,4
682,1,13,4,7
683,1,13,5,4
684,1,14,0,7
685,1,14,1,9
686,1,14,2,6
687,1,14,3,5
688,1,14,4,6
689,1,14,5,5
690,1,15,0,6
691,1,15,1,6
692,1,15,2,6
693,1,15,3,6
694,1,15,4,6
695,1,15,5,6
696,1,16,0,4
697,1,16,1,4
698,1,16,2,4
699,1,16,3,4
700,1,16,4,4
701,1,16,5,4
702,1,17,0,4
703,1,17,1,4
704,1,17,2,4
705,1,17,3,4
706,1,17,4,4
707,1,17,5,4
708,1,18,0,6
709,1,18,1,6
710,1,18,2,6
711,1,18,3,6
712,1,18,4,6
713,1,18,5,6
714,1,19,0,16
715,1,19,1,7
716,1,19,2,7
717,1,19,3,4
718,1,19,4,14
719,1,19,5,7
720,1,20,0,6
721,1,20,1,6
722,1,20,2,6
723,1,20,3,6
724,1,20,4,6
725,1,20,5,6
726,1,21,0,15
727,1,21,1,7
728,1,21,2,15
729,1,21,3,8
730,1,21,4,12
731,1,21,5,10
732,1,22,0,4
733,1,22,1,4
734,1,22,2,4
735,1,22,3,4
736,1,22,4,4
737,1,22,5,4
738,1,23,0,4
739,1,23,1,4
740,1,23,2,4
741,1,23,3,4
742,1,23,4,4
743,1,23,5,4
744,1,24,0,8
745,1,24,1,4
746,1,24,2,6
747,1,24,3,4
748,1,24,4,8
749,1,24,5,4
750,1,25,0,8
751,1,25,1,8
752,1,25,2,8
753,1,25,3,8
754,1,25,4,8
755,1,25,5,8
756,1,26,0,7
757,1,26,1,7
758,1,26,2,7
759,1,26,3,7
760,1,26,4,7
761,1,26,5,7
762,1,27,0,4
763,1,27,1,4
764,1,27,2,4
765,1,27,3,4
766,1,27,4,4
767,1,27,5,4
768,1,28,0,3
769,1,28,1,3
770,1,28,2,3
771,1,28,3,3
772,1,28,4,3
773,1,28,5,3
774,1,29,0,6
775,1,29,1,9
776,1,29,2,6
777,1,29,3,5
778,1,29,4,5
779,1,29,5,5
780,1,30,0,3
781,1,30,1,3
782,1,30,2,3
783,1,30,3,3
784,1,30,4,3
785,1,30,5,3
786,1,31,0,9
787,1,31,1,9
788,1,31,2,9
789,1,31,3,9
790,1,31,4,9
791,1,31,5,9
792,1,32,0,4
793,1,32,1,4
794,1,32,2,4
795,1,32,3,4
796,1,32,4,4
797,1,32,5,4
798,1,33,0,21
799,1,33,1,6
800,1,33,2,14
801,1,33,3,10
802,1,33,4,11
803,1,33,5,11
804,1,34,0,16
805,1,34,1,4
806,1,34,2,4
807,1,34,3,4
808,1,34,4,4
809,1,34,5,4
810,1,35,0,7
811,1,35,1,12
812,1,35,2,4
813,1,35,3,3
814,1,35,4,3
815,1,35,5,3
816,1,36,0,6
817,1,36,1,6
818,1,36,2,6
819,1,36,3,7
820,1,36,4,6
821,1,36,5,6
822,1,37,0,27
823,1,37,1,11
824,1,37,2,4
825,1,37,3,3
826,1,37,4,3
827,1,37,5,3
828,1,38,0,4
829,1,38,1,4
830,1,38,2,4
831,1,38,3,4
832,1,38,4,4
833,1,38,5,4
834,1,39,0,6
835,1,39,1,7
836,1,39,2,5
837,1,39,3,6
838,1,39,4,9
839,1,39,5,13
840,1,40,0,5
841,1,40,1,5
842,1,40,2,5
843,1,40,3,5
844,1,40,4,5
845,1,40,5,5
846,1,41,0,5
847,1,41,1,5
848,1,41,2,5
849,1,41,3,5
850,1,41,4,5
851,1,41,5,5
852,1,42,0,5
853,1,42,1,5
854,1,42,2,5
855,1,42,3,5
856,1,42,4,5
857,1,42,5,5
858,1,43,0,4
859,1,43,1,4
860,1,43,2,4
861,1,43,3,4
862,1,43,4,4
863,1,43,5,4
864,1,44,0,12
865,1,44,1,17
866,1,44,2,16
867,1,44,3,20
868,1,44,4,15
869,1,44,5,12
870,1,45,0,6
871,1,45,1,8
872,1,45,2,6
873,1,45,3,6
874,1,45,4,8
875,1,45,5,10
876,1,46,0,6
877,1,46,1,6
878,1,46,2,6
879,1,46,3,6
880,1,46,4,6
881,1,46,5,6
882,1,47,0,5
883,1,47,1,3
884,1,47,2,3
885,1,47,3,3
886,1,47,4,3
887,1,47,5,3
888,1,48,0,6
889,1,48,1,5
890,1,48,2,6
891,1,48,3,9
892,1,48,4,6
893,1,48,5,6
894,1,49,0,5
895,1,49,1,5
896,1,49,2,5
897,1,49,3,5
898,1,49,4,5
899,1,49,5,5
900,1,50,0,4
901,1,50,1,4
902,1,50,2,4
903,1,50,3,4
904,1,50,4,4
905,1,50,5,4
906,1,51,0,6
907,1,51,1,6
908,1,51,2,6
909,1,51,3,6
910,1,51,4,6
911,1,51,5,6
912,1,52,0,31
913,1,52,1,21
914,1,52,2,9
915,1,52,3,22
916,1,52,4,10
917,1,52,5,16
918,1,53,0,11
919,1,53,1,17
920,1,53,2,14
921,1,53,3,14
922,1,53,4,13
923,1,53,5,10
924,1,54,0,10
925,1,54,1,11
926,1,54,2,9
927,1,54,3,10
928,1,54,4,8
929,1,54,5,8
930,1,55,0,5
931,1,55,1,5
932,1,55,2,6
933,1,55,3,4
934,1,55,4,5
935,1,55,5,4
936,1,56,0,4
937,1,56,1,5
938,1,56,2,3
939,1,56,3,3
940,1,56,4,3
941,1,56,5,3
942,1,57,0,9
943,1,57,1,13
944,1,57,2,7
945,1,57,3,6
946,1,57,4,6
947,1,57,5,6
948,1,58,0,5
949,1,58,1,5
950,1,58,2,5
951,1,58,3,5
952,1,58,4,5
953,1,58,5,5
954,1,59,0,20
955,1,59,1,7
956,1,59,2,28
957,1,59,3,7
958,1,59,4,6
959,1,59,5,5
960,1,60,0,6
961,1,60,1,6
962,1,60,2,8
963,1,60,3,6
964,1,60,4,6
965,1,60,5,6
966,1,61,0,8
967,1,61,1,8
968,1,61,2,6
969,1,61,3,8
970,1,61,4,8
971,1,61,5,8
972,1,62,0,4
973,1,62,1,19
974,1,62,2,7
975,1,62,3,7
976,1,62,4,8
977,1,62,5,9
978,1,63,0,21
979,1,63,1,10
980,1,63,2,7
981,1,63,3,6
982,1,63,4,6
983,1,63,5,6
984,1,64,0,7
985,1,64,1,7
986,1,64,2,7
987,1,64,3,7
988,1,64,4,7
989,1,64,5,7
990,1,65,0,3
991,1,65,1,3
992,1,65,2,4
993,1,65,3,3
994,1,65,4,3
995,1,65,5,3
996,1,66,0,4
997,1,66,1,4
998,1,66,2,4
999,1,66,3,4
1000,1,66,4,4
1001,1,66,5,4
1002,1,67,0,4
1003,1,67,1,3
1004,1,67,2,4
1005,1,67,3,3
1006,1,67,4,4
1007,1,67,5,4
1008,1,68,0,4
1009,1,68,1,4
1010,1,68,2,4
1011,1,68,3,4
1012,1,68,4,4
1013,1,68,5,4
1014,1,69,0,4
1015,1,69,1,4
1016,1,69,2,4
1017,1,69,3,4
1018,1,69,4,4
1019,1,69,5,4
1020,1,70,0,6
1021,1,70,1,5
1022,1,70,2,6
1023,1,70,3,5
1024,1,70,4,5
1025,1,70,5,5
1026,1,71,0,7
1027,1,71,1,3
1028,1,71,2,3
1029,1,71,3,3
1030,1,71,4,4
1031,1,71,5,3
1032,1,72,0,7
1033,1,72,1,6
1034,1,72,2,6
1035,1,72,3,6
1036,1,72,4,6
1037,1,72,5,6
1038,1,73,0,4
1039,1,73,1,4
1040,1,73,2,4
1041,1,73,3,4
1042,1,73,4,4
1043,1,73,5,4
1044,1,74,0,7
1045,1,74,1,5
1046,1,74,2,5
1047,1,74,3,5
1048,1,74,4,5
1049,1,74,5,5
1050,1,75,0,7
1051,1,75,1,10
1052,1,75,2,7
1053,1,75,3,7
1054,1,75,4,7
1055,1,75,5,7
1056,1,76,0,3
1057,1,76,1,3
1058,1,76,2,3
1059,1,76,3,3
1060,1,76,4,3
1061,1,76,5,3
1062,1,77,0,8
1063,1,77,1,8
1064,1,77,2,8
1065,1,77,3,8
1066,1,77,4,9
1067,1,77,5,8
1068,1,78,0,3
1069,1,78,1,3
1070,1,78,2,3
1071,1,78,3,3
1072,1,78,4,3
1073,1,78,5,3
1074,1,79,0,5
1075,1,79,1,3
1076,1,79,2,3
1077,1,79,3,5
1078,1,79,4,4
1079,1,79,5,3
1080,1,80,0,4
1081,1,80,1,3
1082,1,80,2,4
1083,1,80,3,4
1084,1,80,4,3
1085,1,80,5,4
1086,1,81,0,5
1087,1,81,1,5
1088,1,81,2,5
1089,1,81,3,5
1090,1,81,4,5
1091,1,81,5,5
1092,1,82,0,8
1093,1,82,1,6
1094,1,82,2,6
1095,1,82,3,8
1096,1,82,4,6
1097,1,82,5,8
1098,1,83,0,11
1099,1,83,1,10
1100,1,83,2,8
1101,1,83,3,12
1102,1,83,4,8
1103,1,83,5,8
1104,1,84,0,39
1105,1,84,1,20
1106,1,84,2,19
1107,1,84,3,27
1108,1,84,4,21
1109,1,84,5,23
1110,1,85,0,3
1111,1,85,1,4
1112,1,85,2,3
1113,1,85,3,3
1114,1,85,4,3
1115,1,85,5,3
1116,1,86,0,9
1117,1,86,1,7
1118,1,86,2,5
1119,1,86,3,7
1120,1,86,4,10
1121,1,86,5,7
1122,1,87,0,6
1123,1,87,1,6
1124,1,87,2,6
1125,1,87,3,6
1126,1,87,4,6
1127,1,87,5,6
1128,1,88,0,3
1129,1,88,1,3
1130,1,88,2,3
1131,1,88,3,4
1132,1,88,4,4
1133,1,88,5,4
1134,1,89,0,3
1135,1,89,1,3
1136,1,89,2,3
1137,1,89,3,3
1138,1,89,4,3
1139,1,89,5,3
1140,1,90,0,10
1141,1,90,1,3
1142,1,90,2,3
1143,1,90,3,3
1144,1,90,4,3
1145,1,90,5,3
1146,1,91,0,3
1147,1,91,1,3
1148,1,91,2,3
1149,1,91,3,3
1150,1,91,4,4
1151,1,91,5,3
1152,1,92,0,9
1153,1,92,1,5
1154,1,92,2,8
1155,1,92,3,6
1156,1,92,4,6
1157,1,92,5,8
1158,1,93,0,5
1159,1,93,1,6
1160,1,93,2,5
1161,1,93,3,5
1162,1,93,4,5
1163,1,93,5,5
1164,1,94,0,5
1165,1,94,1,21
1166,1,94,2,12
1167,1,94,3,22
1168,1,94,4,19
1169,1,94,5,10
1170,1,95,0,5
1171,1,95,1,5
1172,1,95,2,5
1173,1,95,3,5
1174,1,95,4,5
1175,1,95,5,5
1176,1,96,0,4
1177,1,96,1,4
1178,1,96,2,4
1179,1,96,3,4
1180,1,96,4,4
1181,1,96,5,4
1182,1,97,0,4
1183,1,97,1,4
1184,1,97,2,4
1185,1,97,3,4
1186,1,97,4,4
1187,1,97,5,4
1188,1,98,0,4
1189,1,98,1,4
1190,1,98,2,4
1191,1,98,3,4
1192,1,98,4,4
1193,1,98,5,4
1194,1,99,0,4
1195,1,99,1,5
1196,1,99,2,4
1197,1,99,3,4
1198,1,99,4,4
1199,1,99,5,4
1200,2,0,0,7
1201,2,0,1,7
1202,2,0,2,7
1203,2,0,3,7
1204,2,0,4,7
1205,2,0,5,6
1206,2,1,0,5
1207,2,1,1,3
1208,2,1,2,3
1209,2,1,3,4
1210,2,1,4,4
1211,2,1,5,4
1212,2,2,0,10
1213,2,2,1,10
1214,2,2,2,12
1215,2,2,3,8
1216,2,2,4,7
1217,2,2,5,7
1218,2,3,0,6
1219,2,3,1,6
1220,2,3,2,6
1221,2,3,3,6
1222,2,3,4,6
1223,2,3,5,6
1224,2,4,0,3
1225,2,4,1,5
1226,2,4,2,3
1227,2,4,3,3
1228,2,4,4,3
1229,2,4,5,3
1230,2,5,0,7
1231,2,5,1,7
1232,2,5,2,14
1233,2,5,3,8
1234,2,5,4,8
1235,2,5,5,8
1236,2,6,0,5
1237,2,6,1,5
1238,2,6,2,5
1239,2,6,3,5
1240,2,6,4,5
1241,2,6,5,5
1242,2,7,0,4
1243,2,7,1,4
1244,2,7,2,4
1245,2,7,3,4
1246,2,7,4,4
1247,2,7,5,4
1248,2,8,0,6
1249,2,8,1,6
1250,2,8,2,6
1251,2,8,3,6
1252,2,8,4,6
1253,2,8,5,6
1254,2,9,0,12
1255,2,9,1,17
1256,2,9,2,14
1257,2,9,3,11
1258,2,9,4,11
1259,2,9,5,11
1260,2,10,0,5
1261,2,10,1,6
1262,2,10,2,5
1263,2,10,3,5
1264,2,10,4,5
1265,2,10,5,5
1266,2,11,0,7
1267,2,11,1,7
1268,2,11,2,7
1269,2,11,3,7
1270,2,11,4,7
1271,2,11,5,9
1272,2,12,0,20
1273,2,12,1,16
1274,2,12,2,22
1275,2,12,3,15
1276,2,12,4,13
1277,2,12,5,16
1278,2,13,0,4
1279,2,13,1,4
1280,2,13,2,4
1281,2,13,3,4
1282,2,13,4,7
1283,2,13,5,4
1284,2,14,0,5
1285,2,14,1,5
1286,2,14,2,5
1287,2,14,3,5
1288,2,14,4,5
1289,2,14,5,5
1290,2,15,0,6
1291,2,15,1,6
1292,2,15,2,6
1293,2,15,3,6
1294,2,15,4,6
1295,2,15,5,6
1296,2,16,0,4
1297,2,16,1,4
1298,2,16,2,4
1299,2,16,3,4
1300,2,16,4,4
1301,2,16,5,4
1302,2,17,0,4
1303,2,17,1,4
1304,2,17,2,4
1305,2,17,3,4
1306,2,17,4,4
1307,2,17,5,4
1308,2,18,0,6
1309,2,18,1,6
1310,2,18,2,6
1311,2,18,3,6
1312,2,18,4,6
1313,2,18,5,6
1314,2,19,0,7
1315,2,19,1,7
1316,2,19,2,7
1317,2,19,3,9
1318,2,19,4,7
1319,2,19,5,8
1320,2,20,0,6
1321,2,20,1,6
1322,2,20,2,6
1323,2,20,3,6
1324,2,20,4,6
1325,2,20,5,6
1326,2,21,0,9
1327,2,21,1,8
1328,2,21,2,8
1329,2,21,3,8
1330,2,21,4,8
1331,2,21,5,8
1332,2,22,0,4
1333,2,22,1,4
1334,2,22,2,4
1335,2,22,3,4
1336,2,22,4,4
1337,2,22,5,4
1338,2,23,0,4
1339,2,23,1,4
1340,2,23,2,4
1341,2,23,3,4
1342,2,23,4,4
1343,2,23,5,4
1344,2,24,0,8
1345,2,24,1,4
1346,2,24,2,6
1347,2,24,3,6
1348,2,24,4,6
1349,2,24,5,4
1350,2,25,0,8
1351,2,25,1,8
1352,2,25,2,8
1353,2,25,3,8
1354,2,25,4,8
1355,2,25,5,8
1356,2,26,0,7
1357,2,26,1,7
1358,2,26,2,7
1359,2,26,3,7
1360,2,26,4,7
1361,2,26,5,7
1362,2,27,0,4
1363,2,27,1,4
1364,2,27,2,4
1365,2,27,3,4
1366,2,27,4,4
1367,2,27,5,4
1368,2,28,0,3
1369,2,28,1,3
1370,2,28,2,3
1371,2,28,3,3
1372,2,28,4,3
1373,2,28,5,3
1374,2,29,0,5
1375,2,29,1,5
1376,2,29,2,6
1377,2,29,3,5
1378,2,29,4,5
1379,2,29,5,5
1380,2,30,0,3
1381,2,30,1,3
1382,2,30,2,3
1383,2,30,3,3
1384,2,30,4,3
1385,2,30,5,3
1386,2,31,0,9
1387,2,31,1,9
1388,2,31,2,9
1389,2,31,3,9
1390,2,31,4,9
1391,2,31,5,9
1392,2,32,0,4
1393,2,32,1,4
1394,2,32,2,4
1395,2,32,3,4
1396,2,32,4,4
1397,2,32,5,4
1398,2,33,0,12
1399,2,33,1,4
1400,2,33,2,11
1401,2,33,3,14
1402,2,33,4,10
1403,2,33,5,10
1404,2,34,0,4
1405,2,34,1,4
1406,2,34,2,4
1407,2,34,3,4
1408,2,34,4,4
1409,2,34,5,4
1410,2,35,0,3
1411,2,35,1,3
1412,2,35,2,3
1413,2,35,3,3
1414,2,35,4,3
1415,2,35,5,3
1416,2,36,0,6
1417,2,36,1,6
1418,2,36,2,6
1419,2,36,3,7
1420,2,36,4,8
1421,2,36,5,6
1422,2,37,0,3
1423,2,37,1,3
1424,2,37,2,3
1425,2,37,3,3
1426,2,37,4,3
1427,2,37,5,3
1428,2,38,0,4
1429,2,38,1,4
1430,2,38,2,4
1431,2,38,3,4
1432,2,38,4,4
1433,2,38,5,4
1434,2,39,0,5
1435,2,39,1,5
1436,2,39,2,5
1437,2,39,3,5
1438,2,39,4,5
1439,2,39,5,5
1440,2,40,0,5
1441,2,40,1,5
1442,2,40,2,5
1443,2,40,3,5
1444,2,40,4,5
1445,2,40,5,5
1446,2,41,0,5
1447,2,41,1,5
1448,2,41,2,5
1449,2,41,3,5
1450,2,41,4,5
1451,2,41,5,5
1452,2,42,0,5
1453,2,42,1,5
1454,2,42,2,5
1455,2,42,3,5
1456,2,42,4,5
1457,2,42,5,5
1458,2,43,0,4
1459,2,43,1,4
1460,2,43,2,4
1461,2,43,3,4
1462,2,43,4,4
1463,2,43,5,4
1464,2,44,0,12
1465,2,44,1,12
1466,2,44,2,8
1467,2,44,3,15
1468,2,44,4,13
1469,2,44,5,10
1470,2,45,0,6
1471,2,45,1,8
1472,2,45,2,6
1473,2,45,3,6
1474,2,45,4,8
1475,2,45,5,10
1476,2,46,0,6
1477,2,46,1,6
1478,2,46,2,6
1479,2,46,3,6
1480,2,46,4,6
1481,2,46,5,6
1482,2,47,0,3
1483,2,47,1,3
1484,2,47,2,3
1485,2,47,3,3
1486,2,47,4,3
1487,2,47,5,3
1488,2,48,0,7
1489,2,48,1,5
1490,2,48,2,5
1491,2,48,3,9
1492,2,48,4,6
1493,2,48,5,6
1494,2,49,0,5
1495,2,49,1,5
1496,2,49,2,5
1497,2,49,3,5
1498,2,49,4,5
1499,2,49,5,5
1500,2,50,0,4
1501,2,50,1,4
1502,2,50,2,4
1503,2,50,3,4
1504,2,50,4,4
1505,2,50,5,4
1506,2,51,0,6
1507,2,51,1,6
1508,2,51,2,6
1509,2,51,3,6
1510,2,51,4,6
1511,2,51,5,6
1512,2,52,0,13
1513,2,52,1,6
1514,2,52,2,5
1515,2,52,3,4
1516,2,52,4,4
1517,2,52,5,4
1518,2,53,0,11
1519,2,53,1,10
1520,2,53,2,10
1521,2,53,3,10
1522,2,53,4,10
1523,2,53,5,11
1524,2,54,0,10
1525,2,54,1,11
1526,2,54,2,9
1527,2,54,3,10
1528,2,54,4,8
1529,2,54,5,8
1530,2,55,0,5
1531,2,55,1,5
1532,2,55,2,6
1533,2,55,3,4
1534,2,55,4,5
1535,2,55,5,4
1536,2,56,0,3
1537,2,56,1,3
1538,2,56,2,3
1539,2,56,3,3
1540,2,56,4,3
1541,2,56,5,3
1542,2,57,0,6
1543,2,57,1,6
1544,2,57,2,6
1545,2,57,3,6
1546,2,57,4,6
1547,2,57,5,6
1548,2,58,0,5
1549,2,58,1,5
1550,2,58,2,5
1551,2,58,3,5
1552,2,58,4,5
1553,2,58,5,5
1554,2,59,0,7
1555,2,59,1,5
1556,2,59,2,5
1557,2,59,3,5
1558,2,59,4,5
1559,2,59,5,5
1560,2,60,0,6
1561,2,60,1,6
1562,2,60,2,8
1563,2,60,3,6
1564,2,60,4,6
1565,2,60,5,6
1566,2,61,0,6
1567,2,61,1,6
1568,2,61,2,6
1569,2,61,3,6
1570,2,61,4,8
1571,2,61,5,6
1572,2,62,0,7
1573,2,62,1,7
1574,2,62,2,7
1575,2,62,3,7
1576,2,62,4,7
1577,2,62,5,7
1578,2,63,0,6
1579,2,63,1,6
1580,2,63,2,6
1581,2,63,3,6
1582,2,63,4,6
1583,2,63,5,6
1584,2,64,0,7
1585,2,64,1,7
1586,2,64,2,7
1587,2,64,3,7
1588,2,64,4,7
1589,2,64,5,7
1590,2,65,0,3
1591,2,65,1,3
1592,2,65,2,4
1593,2,65,3,3
1594,2,65,4,3
1595,2,65,5,3
1596,2,66,0,4
1597,2,66,1,4
1598,2,66,2,4
1599,2,66,3,4
1600,2,66,4,4
1601,2,66,5,4
1602,2,67,0,3
1603,2,67,1,4
1604,2,67,2,3
1605,2,67,3,3
1606,2,67,4,3
1607,2,67,5,3
1608,2,68,0,4
1609,2,68,1,4
1610,2,68,2,4
1611,2,68,3,4
1612,2,68,4,4
1613,2,68,5,4
1614,2,69,0,4
1615,2,69,1,4
1616,2,69,2,4
1617,2,69,3,4
1618,2,69,4,4
1619,2,69,5,4
1620,2,70,0,5
1621,2,70,1,5
1622,2,70,2,5
1623,2,70,3,5
1624,2,70,4,5
1625,2,70,5,5
1626,2,71,0,7
1627,2,71,1,3
1628,2,71,2,3
1629,2,71,3,3
1630,2,71,4,4
1631,2,71,5,3
1632,2,72,0,6
1633,2,72,1,6
1634,2,72,2,6
1635,2,72,3,6
1636,2,72,4,6
1637,2,72,5,6
1638,2,73,0,4
1639,2,73,1,4
1640,2,73,2,4
1641,2,73,3,4
1642,2,73,4,4
1643,2,73,5,4
1644,2,74,0,5
1645,2,74,1,5
1646,2,74,2,5
1647,2,74,3,5
1648,2,74,4,5
1649,2,74,5,5
1650,2,75,0,7
1651,2,75,1,10
1652,2,75,2,7
1653,2,75,3,7
1654,2,75,4,7
1655,2,75,5,7
1656,2,76,0,3
1657,2,76,1,3
1658,2,76,2,3
1659,2,76,3,3
1660,2,76,4,3
1661,2,76,5,3
1662,2,77,0,8
1663,2,77,1,8
1664,2,77,2,8
1665,2,77,3,8
1666,2,77,4,9
1667,2,77,5,8
1668,2,78,0,3
1669,2,78,1,3
1670,2,78,2,3
1671,2,78,3,3
1672,2,78,4,3
1673,2,78,5,3
1674,2,79,0,5
1675,2,79,1,3
1676,2,79,2,3
1677,2,79,3,5
1678,2,79,4,4
1679,2,79,5,3
1680,2,80,0,4
1681,2,80,1,3
1682,2,80,2,4
1683,2,80,3,4
1684,2,80,4,3
1685,2,80,5,4
1686,2,81,0,5
1687,2,81,1,5
1688,2,81,2,5
1689,2,81,3,5
1690,2,81,4,5
1691,2,81,5,5
1692,2,82,0,8
1693,2,82,1,6
1694,2,82,2,6
1695,2,82,3,8
1696,2,82,4,6
1697,2,82,5,8
1698,2,83,0,8
1699,2,83,1,8
1700,2,83,2,11
1701,2,83,3,8
1702,2,83,4,8
1703,2,83,5,8
1704,2,84,0,46
1705,2,84,1,26
1706,2,84,2,23
1707,2,84,3,22
1708,2,84,4,29
1709,2,84,5,23
1710,2,85,0,3
1711,2,85,1,4
1712,2,85,2,3
1713,2,85,3,3
1714,2,85,4,3
1715,2,85,5,3
1716,2,86,0,9
1717,2,86,1,7
1718,2,86,2,5
1719,2,86,3,7
1720,2,86,4,10
1721,2,86,5,7
1722,2,87,0,6
1723,2,87,1,6
1724,2,87,2,6
1725,2,87,3,6
1726,2,87,4,6
1727,2,87,5,6
1728,2,88,0,3
1729,2,88,1,3
1730,2,88,2,3
1731,2,88,3,4
1732,2,88,4,4
1733,2,88,5,4
1734,2,89,0,3
1735,2,89,1,3
1736,2,89,2,3
1737,2,89,3,3
1738,2,89,4,3
1739,2,89,5,3
1740,2,90,0,3
1741,2,90,1,3
1742,2,90,2,3
1743,2,90,3,3
1744,2,90,4,3
1745,2,90,5,3
1746,2,91,0,3
1747,2,91,1,3
1748,2,91,2,3
1749,2,91,3,3
1750,2,91,4,4
1751,2,91,5,3
1752,2,92,0,13
1753,2,92,1,6
1754,2,92,2,6
1755,2,92,3,6
1756,2,92,4,6
1757,2,92,5,6
1758,2,93,0,5
1759,2,93,1,6
1760,2,93,2,5
1761,2,93,3,5
1762,2,93,4,5
1763,2,93,5,5
1764,2,94,0,5
1765,2,94,1,6
1766,2,94,2,9
1767,2,94,3,5
1768,2,94,4,5
1769,2,94,5,9
1770,2,95,0,5
1771,2,95,1,5
1772,2,95,2,5
1773,2,95,3,5
1774,2,95,4,5
1775,2,95,5,5
1776,2,96,0,4
1777,2,96,1,4
1778,2,96,2,4
1779,2,96,3,4
1780,2,96,4,4
1781,2,96,5,4
1782,2,97,0,4
1783,2,97,1,4
1784,2,97,2,4
1785,2,97,3,4
1786,2,97,4,4
1787,2,97,5,4
1788,2,98,0,4
1789,2,98,1,4
1790,2,98,2,4
1791,2,98,3,4
1792,2,98,4,4
1793,2,98,5,4
1794,2,99,0,4
1795,2,99,1,5
1796,2,99,2,4
1797,2,99,3,4
1798,2,99,4,4
1799,2,99,5,4
1800,3,0,0,6
1801,3,0,1,7
1802,3,0,2,6
1803,3,0,3,7
1804,3,0,4,7
1805,3,0,5,6
1806,3,1,0,5
1807,3,1,1,3
1808,3,1,2,3
1809,3,1,3,4
1810,3,1,4,4
1811,3,1,5,4
1812,3,2,0,7
1813,3,2,1,7
1814,3,2,2,7
1815,3,2,3,7
1816,3,2,4,4
1817,3,2,5,7
1818,3,3,0,6
1819,3,3,1,6
1820,3,3,2,6
1821,3,3,3,6
1822,3,3,4,6
1823,3,3,5,6
1824,3,4,0,3
1825,3,4,1,5
1826,3,4,2,3
1827,3,4,3,3
1828,3,4,4,3
1829,3,4,5,3
1830,3,5,0,7
1831,3,5,1,7
1832,3,5,2,14
1833,3,5,3,8
1834,3,5,4,8
1835,3,5,5,8
1836,3,6,0,5
1837,3,6,1,5
1838,3,6,2,5
1839,3,6,3,5
1840,3,6,4,5
1841,3,6,5,5
1842,3,7,0,4
1843,3,7,1,4
1844,3,7,2,4
1845,3,7,3,4
1846,3,7,4,4
1847,3,7,5,4
1848,3,8,0,6
1849,3,8,1,6
1850,3,8,2,6
1851,3,8,3,6
1852,3,8,4,6
1853,3,8,5,6
1854,3,9,0,12
1855,3,9,1,17
1856,3,9,2,14
1857,3,9,3,11
1858,3,9,4,11
1859,3,9,5,15
1860,3,10,0,5
1861,3,10,1,6
1862,3,10,2,5
1863,3,10,3,6
1864,3,10,4,5
1865,3,10,5,5
1866,3,11,0,7
1867,3,11,1,7
1868,3,11,2,7
1869,3,11,3,7
1870,3,11,4,7
1871,3,11,5,9
1872,3,12,0,20
1873,3,12,1,16
1874,3,12,2,22
1875,3,12,3,22
1876,3,12,4,27
1877,3,12,5,26
1878,3,13,0,4
1879,3,13,1,4
1880,3,13,2,4
1881,3,13,3,4
1882,3,13,4,7
1883,3,13,5,4
1884,3,14,0,5
1885,3,14,1,5
1886,3,14,2,5
1887,3,14,3,5
1888,3,14,4,5
1889,3,14,5,5
1890,3,15,0,6
1891,3,15,1,6
1892,3,15,2,6
1893,3,15,3,6
1894,3,15,4,6
1895,3,15,5,6
1896,3,16,0,4
1897,3,16,1,4
1898,3,16,2,4
1899,3,16,3,4
1900,3,16,4,4
1901,3,16,5,4
1902,3,17,0,4
1903,3,17,1,4
1904,3,17,2,4
1905,3,17,3,4
1906,3,17,4,4
1907,3,17,5,4
1908,3,18,0,6
1909,3,18,1,6
1910,3,18,2,6
1911,3,18,3,6
1912,3,18,4,6
1913,3,18,5,6
1914,3,19,0,7
1915,3,19,1,7
1916,3,19,2,7
1917,3,19,3,9
1918,3,19,4,7
1919,3,19,5,10
1920,3,20,0,6
1921,3,20,1,6
1922,3,20,2,6
1923,3,20,3,6
1924,3,20,4,6
1925,3,20,5,6
1926,3,21,0,9
1927,3,21,1,8
1928,3,21,2,8
1929,3,21,3,8
1930,3,21,4,8
1931,3,21,5,8
1932,3,22,0,4
1933,3,22,1,4
1934,3,22,2,4
1935,3,22,3,4
1936,3,22,4,4
1937,3,22,5,4
1938,3,23,0,4
1939,3,23,1,4
1940,3,23,2,4
1941,3,23,3,4
1942,3,23,4,4
1943,3,23,5,4
1944,3,24,0,8
1945,3,24,1,4
1946,3,24,2,6
1947,3,24,3,6
1948,3,24,4,6
1949,3,24,5,4
1950,3,25,0,8
1951,3,25,1,8
1952,3,25,2,8
1953,3,25,3,8
1954,3,25,4,8
1955,3,25,5,8
1956,3,26,0,7
1957,3,26,1,7
1958,3,26,2,7
1959,3,26,3,7
1960,3,26,4,7
1961,3,26,5,7
1962,3,27,0,4
1963,3,27,1,4
1964,3,27,2,4
1965,3,27,3,4
1966,3,27,4,4
1967,3,27,5,4
1968,3,28,0,3
1969,3,28,1,3
1970,3,28,2,3
1971,3,28,3,3
1972,3,28,4,3
1973,3,28,5,3
1974,3,29,0,5
1975,3,29,1,5
1976,3,29,2,6
1977,3,29,3,5
1978,3,29,4,5
1979,3,29,5,5
1980,3,30,0,3
1981,3,30,1,3
1982,3,30,2,3
1983,3,30,3,3
1984,3,30,4,3
1985,3,30,5,3
1986,3,31,0,9
1987,3,31,1,9
1988,3,31,2,9
1989,3,31,3,9
1990,3,31,4,9
1991,3,31,5,9
1992,3,32,0,4
1993,3,32,1,4
1994,3,32,2,4
1995,3,32,3,4
1996,3,32,4,4
1997,3,32,5,4
1998,3,33,0,12
1999,3,33,1,4
2000,3,33,2,11
2001,3,33,3,6
2002,3,33,4,4
2003,3,33,5,4
2004,3,34,0,4
2005,3,34,1,4
2006,3,34,2,4
2007,3,34,3,4
2008,3,34,4,4
2009,3,34,5,4
2010,3,35,0,3
2011,3,35,1,3
2012,3,35,2,3
2013,3,35,3,3
2014,3,35,4,3
2015,3,35,5,3
2016,3,36,0,9
2017,3,36,1,6
2018,3,36,2,6
2019,3,36,3,6
2020,3,36,4,6
2021,3,36,5,6
2022,3,37,0,3
2023,3,37,1,3
2024,3,37,2,3
2025,3,37,3,3
2026,3,37,4,3
2027,3,37,5,3
2028,3,38,0,4
2029,3,38,1,4
2030,3,38,2,4
2031,3,38,3,4
2032,3,38,4,4
2033,3,38,5,4
2034,3,39,0,5
2035,3,39,1,5
2036,3,39,2,5
2037,3,39,3,5
2038,3,39,4,5
2039,3,39,5,5
2040,3,40,0,5
2041,3,40,1,5
2042,3,40,2,5
2043,3,40,3,5
2044,3,40,4,5
2045,3,40,5,5
2046,3,41,0,5
2047,3,41,1,5
2048,3,41,2,5
2049,3,41,3,5
2050,3,41,4,5
2051,3,41,5,5
2052,3,42,0,5
2053,3,42,1,5
2054,3,42,2,5
2055,3,42,3,5
2056,3,42,4,5
2057,3,42,5,5
2058,3,43,0,4
2059,3,43,1,4
2060,3,43,2,4
2061,3,43,3,4
2062,3,43,4,4
2063,3,43,5,4
2064,3,44,0,10
2065,3,44,1,10
2066,3,44,2,10
2067,3,44,3,11
2068,3,44,4,24
2069,3,44,5,11
2070,3,45,0,6
2071,3,45,1,8
2072,3,45,2,6
2073,3,45,3,6
2074,3,45,4,8
2075,3,45,5,10
2076,3,46,0,6
2077,3,46,1,6
2078,3,46,2,6
2079,3,46,3,6
2080,3,46,4,6
2081,3,46,5,6
2082,3,47,0,3
2083,3,47,1,3
2084,3,47,2,3
2085,3,47,3,3
2086,3,47,4,3
2087,3,47,5,3
2088,3,48,0,7
2089,3,48,1,5
2090,3,48,2,5
2091,3,48,3,9
2092,3,48,4,6
2093,3,48,5,6
2094,3,49,0,5
2095,3,49,1,5
2096,3,49,2,5
2097,3,49,3,5
2098,3,49,4,5
2099,3,49,5,5
2100,3,50,0,4
2101,3,50,1,4
2102,3,50,2,4
2103,3,50,3,4
2104,3,50,4,4
2105,3,50,5,4
2106,3,51,0,6
2107,3,51,1,6
2108,3,51,2,6
2109,3,51,3,6
2110,3,51,4,6
2111,3,51,5,6
2112,3,52,0,4
2113,3,52,1,4
2114,3,52,2,4
2115,3,52,3,4
2116,3,52,4,4
2117,3,52,5,4
2118,3,53,0,10
2119,3,53,1,10
2120,3,53,2,11
2121,3,53,3,10
2122,3,53,4,10
2123,3,53,5,11
2124,3,54,0,10
2125,3,54,1,11
2126,3,54,2,9
2127,3,54,3,12
2128,3,54,4,10
2129,3,54,5,8
2130,3,55,0,5
2131,3,55,1,5
2132,3,55,2,6
2133,3,55,3,4
2134,3,55,4,5
2135,3,55,5,4
2136,3,56,0,3
2137,3,56,1,3
2138,3,56,2,3
2139,3,56,3,3
2140,3,56,4,3
2141,3,56,5,3
2142,3,57,0,6
2143,3,57,1,6
2144,3,57,2,6
2145,3,57,3,6
2146,3,57,4,6
2147,3,57,5,6
2148,3,58,0,5
2149,3,58,1,5
2150,3,58,2,5
2151,3,58,3,5
2152,3,58,4,5
2153,3,58,5,5
2154,3,59,0,5
2155,3,59,1,5
2156,3,59,2,5
2157,3,59,3,5
2158,3,59,4,5
2159,3,59,5,5
2160,3,60,0,6
2161,3,60,1,6
2162,3,60,2,8
2163,3,60,3,6
2164,3,60,4,6
2165,3,60,5,6
2166,3,61,0,6
2167,3,61,1,6
2168,3,61,2,6
2169,3,61,3,6
2170,3,61,4,8
2171,3,61,5,6
2172,3,62,0,7
2173,3,62,1,7
2174,3,62,2,7
2175,3,62,3,7
2176,3,62,4,7
2177,3,62,5,7
2178,3,63,0,6
2179,3,63,1,6
2180,3,63,2,6
2181,3,63,3,6
2182,3,63,4,6
2183,3,63,5,6
2184,3,64,0,7
2185,3,64,1,7
2186,3,64,2,7
2187,3,64,3,7
2188,3,64,4,7
2189,3,64,5,7
2190,3,65,0,3
2191,3,65,1,3
2192,3,65,2,4
2193,3,65,3,3
2194,3,65,4,3
2195,3,65,5,3
2196,3,66,0,4
2197,3,66,1,4
2198,3,66,2,4
2199,3,66,3,4
2200,3,66,4,4
2201,3,66,5,4
2202,3,67,0,3
2203,3,67,1,4
2204,3,67,2,3
2205,3,67,3,3
2206,3,67,4,3
2207,3,67,5,3
2208,3,68,0,4
2209,3,68,1,4
2210,3,68,2,4
2211,3,68,3,4
2212,3,68,4,4
2213,3,68,5,4
2214,3,69,0,4
2215,3,69,1,4
2216,3,69,2,4
2217,3,69,3,4
2218,3,69,4,4
2219,3,69,5,4
2220,3,70,0,5
2221,3,70,1,5
2222,3,70,2,5
2223,3,70,3,5
2224,3,70,4,5
2225,3,70,5,5
2226,3,71,0,7
2227,3,71,1,3
2228,3,71,2,3
2229,3,71,3,3
2230,3,71,4,4
2231,3,71,5,3
2232,3,72,0,6
2233,3,72,1,6
2234,3,72,2,6
2235,3,72,3,6
2236,3,72,4,6
2237,3,72,5,6
2238,3,73,0,4
2239,3,73,1,4
2240,3,73,2,4
2241,3,73,3,4
2242,3,73,4,4
2243,3,73,5,4
2244,3,74,0,5
2245,3,74,1,5
2246,3,74,2,5
2247,3,74,3,5
2248,3,74,4,5
2249,3,74,5,5
2250,3,75,0,7
2251,3,75,1,10
2252,3,75,2,7
2253,3,75,3,7
2254,3,75,4,7
2255,3,75,5,7
2256,3,76,0,3
2257,3,76,1,3
2258,3,76,2,3
2259,3,76,3,3
2260,3,76,4,3
2261,3,76,5,3
2262,3,77,0,8
2263,3,77,1,8
2264,3,77,2,8
2265,3,77,3,9
2266,3,77,4,9
2267,3,77,5,9
2268,3,78,0,3
2269,3,78,1,3
2270,3,78,2,3
2271,3,78,3,3
2272,3,78,4,3
2273,3,78,5,3
2274,3,79,0,5
2275,3,79,1,3
2276,3,79,2,3
2277,3,79,3,5
2278,3,79,4,4
2279,3,79,5,3
2280,3,80,0,4
2281,3,80,1,3
2282,3,80,2,4
2283,3,80,3,4
2284,3,80,4,3
2285,3,80,5,4
2286,3,81,0,5
2287,3,81,1,5
2288,3,81,2,5
2289,3,81,3,5
2290,3,81,4,5
2291,3,81,5,5
2292,3,82,0,8
2293,3,82,1,6
2294,3,82,2,6
2295,3,82,3,8
2296,3,82,4,6
2297,3,82,5,8
2298,3,83,0,8
2299,3,83,1,8
2300,3,83,2,11
2301,3,83,3,8
2302,3,83,4,8
2303,3,83,5,8
2304,3,84,0,46
2305,3,84,1,32
2306,3,84,2,27
2307,3,84,3,41
2308,3,84,4,23
2309,3,84,5,39
2310,3,85,0,3
2311,3,85,1,4
2312,3,85,2,3
2313,3,85,3,3
2314,3,85,4,3
2315,3,85,5,3
2316,3,86,0,9
2317,3,86,1,7
2318,3,86,2,5
2319,3,86,3,7
2320,3,86,4,10
2321,3,86,5,7
2322,3,87,0,6
2323,3,87,1,6
2324,3,87,2,6
2325,3,87,3,6
2326,3,87,4,6
2327,3,87,5,6
2328,3,88,0,3
2329,3,88,1,3
2330,3,88,2,3
2331,3,88,3,4
2332,3,88,4,4
2333,3,88,5,4
2334,3,89,0,3
2335,3,89,1,3
2336,3,89,2,3
2337,3,89,3,3
2338,3,89,4,3
2339,3,89,5,3
2340,3,90,0,3
2341,3,90,1,3
2342,3,90,2,3
2343,3,90,3,3
2344,3,90,4,3
2345,3,90,5,3
2346,3,91,0,3
2347,3,91,1,3
2348,3,91,2,3
2349,3,91,3,3
2350,3,91,4,4
2351,3,91,5,3
2352,3,92,0,13
2353,3,92,1,6
2354,3,92,2,6
2355,3,92,3,6
2356,3,92,4,6
2357,3,92,5,6
2358,3,93,0,5
2359,3,93,1,6
2360,3,93,2,5
2361,3,93,3,5
2362,3,93,4,5
2363,3,93,5,5
2364,3,94,0,5
2365,3,94,1,5
2366,3,94,2,5
2367,3,94,3,5
2368,3,94,4,5
2369,3,94,5,5
2370,3,95,0,5
2371,3,95,1,5
2372,3,95,2,5
2373,3,95,3,5
2374,3,95,4,5
2375,3,95,5,5
2376,3,96,0,4
2377,3,96,1,4
2378,3,96,2,4
2379,3,96,3,4
2380,3,96,4,4
2381,3,96,5,4
2382,3,97,0,4
2383,3,97,1,4
2384,3,97,2,4
2385,3,97,3,4
2386,3,97,4,4
2387,3,97,5,4
2388,3,98,0,4
2389,3,98,1,4
2390,3,98,2,4
2391,3,98,3,4
2392,3,98,4,4
2393,3,98,5,4
2394,3,99,0,4
2395,3,99,1,5
2396,3,99,2,4
2397,3,99,3,4
2398,3,99,4,4
2399,3,99,5,4
2400,4,0,0,6
2401,4,0,1,7
2402,4,0,2,6
2403,4,0,3,7
2404,4,0,4,7
2405,4,0,5,12
2406,4,1,0,5
2407,4,1,1,3
2408,4,1,2,3
2409,4,1,3,8
2410,4,1,4,4
2411,4,1,5,3
2412,4,2,0,7
2413,4,2,1,7
2414,4,2,2,7
2415,4,2,3,7
2416,4,2,4,4
2417,4,2,5,7
2418,4,3,0,6
2419,4,3,1,6
2420,4,3,2,6
2421,4,3,3,6
2422,4,3,4,6
2423,4,3,5,6
2424,4,4,0,3
2425,4,4,1,5
2426,4,4,2,3
2427,4,4,3,3
2428,4,4,4,3
2429,4,4,5,3
2430,4,5,0,6
2431,4,5,1,8
2432,4,5,2,14
2433,4,5,3,8
2434,4,5,4,6
2435,4,5,5,7
2436,4,6,0,5
2437,4,6,1,5
2438,4,6,2,5
2439,4,6,3,5
2440,4,6,4,5
2441,4,6,5,5
2442,4,7,0,4
2443,4,7,1,4
2444,4,7,2,4
2445,4,7,3,4
2446,4,7,4,4
2447,4,7,5,4
2448,4,8,0,6
2449,4,8,1,6
2450,4,8,2,6
2451,4,8,3,6
2452,4,8,4,6
2453,4,8,5,6
2454,4,9,0,12
2455,4,9,1,17
2456,4,9,2,14
2457,4,9,3,11
2458,4,9,4,11
2459,4,9,5,15
2460,4,10,0,5
2461,4,10,1,6
2462,4,10,2,5
2463,4,10,3,6
2464,4,10,4,5
2465,4,10,5,5
2466,4,11,0,7
2467,4,11,1,7
2468,4,11,2,7
2469,4,11,3,7
2470,4,11,4,7
2471,4,11,5,9
2472,4,12,0,20
2473,4,12,1,16
2474,4,12,2,37
2475,4,12,3,13
2476,4,12,4,33
2477,4,12,5,15
2478,4,13,0,4
2479,4,13,1,4
2480,4,13,2,4
2481,4,13,3,4
2482,4,13,4,7
2483,4,13,5,4
2484,4,14,0,5
2485,4,14,1,5
2486,4,14,2,5
2487,4,14,3,5
2488,4,14,4,5
2489,4,14,5,5
2490,4,15,0,6
2491,4,15,1,6
2492,4,15,2,6
2493,4,15,3,6
2494,4,15,4,6
2495,4,15,5,6
2496,4,16,0,4
2497,4,16,1,4
2498,4,16,2,4
2499,4,16,3,4
2500,4,16,4,4
2501,4,16,5,4
2502,4,17,0,4
2503,4,17,1,4
2504,4,17,2,4
2505,4,17,3,4
2506,4,17,4,4
2507,4,17,5,4
2508,4,18,0,6
2509,4,18,1,6
2510,4,18,2,6
2511,4,18,3,6
2512,4,18,4,6
2513,4,18,5,6
2514,4,19,0,7
2515,4,19,1,7
2516,4,19,2,7
2517,4,19,3,9
2518,4,19,4,10
2519,4,19,5,7
2520,4,20,0,6
2521,4,20,1,6
2522,4,20,2,6
2523,4,20,3,6
2524,4,20,4,6
2525,4,20,5,6
2526,4,21,0,9
2527,4,21,1,8
2528,4,21,2,8
2529,4,21,3,8
2530,4,21,4,8
2531,4,21,5,8
2532,4,22,0,4
2533,4,22,1,4
2534,4,22,2,4
2535,4,22,3,4
2536,4,22,4,4
2537,4,22,5,4
2538,4,23,0,4
2539,4,23,1,4
2540,4,23,2,4
2541,4,23,3,4
2542,4,23,4,4
2543,4,23,5,4
2544,4,24,0,8
2545,4,24,1,4
2546,4,24,2,6
2547,4,24,3,6
2548,4,24,4,6
2549,4,24,5,4
2550,4,25,0,8
2551,4,25,1,8
2552,4,25,2,8
2553,4,25,3,8
2554,4,25,4,8
2555,4,25,5,8
2556,4,26,0,7
2557,4,26,1,7
2558,4,26,2,7
2559,4,26,3,7
2560,4,26,4,7
2561,4,26,5,7
2562,4,27,0,4
2563,4,27,1,4
2564,4,27,2,4
2565,4,27,3,4
2566,4,27,4,4
2567,4,27,5,4
2568,4,28,0,3
2569,4,28,1,3
2570,4,28,2,3
2571,4,28,3,3
2572,4,28,4,3
2573,4,28,5,3
2574,4,29,0,5
2575,4,29,1,5
2576,4,29,2,6
2577,4,29,3,5
2578,4,29,4,5
2579,4,29,5,5
2580,4,30,0,3
2581,4,30,1,3
2582,4,30,2,3
2583,4,30,3,3
2584,4,30,4,3
2585,4,30,5,3
2586,4,31,0,9
2587,4,31,1,9
2588,4,31,2,9
2589,4,31,3,9
2590,4,31,4,9
2591,4,31,5,9
2592,4,32,0,4
2593,4,32,1,4
2594,4,32,2,4
2595,4,32,3,4
2596,4,32,4,4
2597,4,32,5,4
2598,4,33,0,4
2599,4,33,1,4
2600,4,33,2,4
2601,4,33,3,4
2602,4,33,4,4
2603,4,33,5,4
2604,4,34,0,4
2605,4,34,1,4
2606,4,34,2,4
2607,4,34,3,4
2608,4,34,4,4
2609,4,34,5,4
2610,4,35,0,3
2611,4,35,1,3
2612,4,35,2,3
2613,4,35,3,3
2614,4,35,4,3
2615,4,35,5,3
2616,4,36,0,9
2617,4,36,1,6
2618,4,36,2,6
2619,4,36,3,6
2620,4,36,4,6
2621,4,36,5,6
2622,4,37,0,3
2623,4,37,1,3
2624,4,37,2,3
2625,4,37,3,3
2626,4,37,4,3
2627,4,37,5,3
2628,4,38,0,4
2629,4,38,1,4
2630,4,38,2,4
2631,4,38,3,4
2632,4,38,4,4
2633,4,38,5,4
2634,4,39,0,5
2635,4,39,1,5
2636,4,39,2,5
2637,4,39,3,5
2638,4,39,4,5
2639,4,39,5,5
2640,4,40,0,5
2641,4,40,1,5
2642,4,40,2,5
2643,4,40,3,5
2644,4,40,4,5
2645,4,40,5,5
2646,4,41,0,5
2647,4,41,1,5
2648,4,41,2,5
2649,4,41,3,5
2650,4,41,4,5
2651,4,41,5,5
2652,4,42,0,5
2653,4,42,1,5
2654,4,42,2,5
2655,4,42,3,5
2656,4,42,4,5
2657,4,42,5,5
2658,4,43,0,4
2659,4,43,1,4
2660,4,43,2,4
2661,4,43,3,4
2662,4,43,4,4
2663,4,43,5,4
2664,4,44,0,12
2665,4,44,1,11
2666,4,44,2,9
2667,4,44,3,7
2668,4,44,4,26
2669,4,44,5,12
2670,4,45,0,6
2671,4,45,1,8
2672,4,45,2,6
2673,4,45,3,6
2674,4,45,4,8
2675,4,45,5,10
2676,4,46,0,6
2677,4,46,1,6
2678,4,46,2,6
2679,4,46,3,6
2680,4,46,4,6
2681,4,46,5,6
2682,4,47,0,3
2683,4,47,1,3
2684,4,47,2,3
2685,4,47,3,3
2686,4,47,4,3
2687,4,47,5,3
2688,4,48,0,7
2689,4,48,1,5
2690,4,48,2,5
2691,4,48,3,9
2692,4,48,4,6
2693,4,48,5,6
2694,4,49,0,5
2695,4,49,1,5
2696,4,49,2,5
2697,4,49,3,5
2698,4,49,4,5
2699,4,49,5,5
2700,4,50,0,4
2701,4,50,1,4
2702,4,50,2,4
2703,4,50,3,4
2704,4,50,4,4
2705,4,50,5,4
2706,4,51,0,6
2707,4,51,1,6
2708,4,51,2,6
2709,4,51,3,6
2710,4,51,4,6
2711,4,51,5,6
2712,4,52,0,4
2713,4,52,1,4
2714,4,52,2,4
2715,4,52,3,4
2716,4,52,4,4
2717,4,52,5,4
2718,4,53,0,10
2719,4,53,1,10
2720,4,53,2,11
2721,4,53,3,10
2722,4,53,4,10
2723,4,53,5,11
2724,4,54,0,10
2725,4,54,1,11
2726,4,54,2,9
2727,4,54,3,12
2728,4,54,4,10
2729,4,54,5,8
2730,4,55,0,5
2731,4,55,1,5
2732,4,55,2,6
2733,4,55,3,4
2734,4,55,4,5
2735,4,55,5,4
2736,4,56,0,3
2737,4,56,1,3
2738,4,56,2,3
2739,4,56,3,3
2740,4,56,4,3
2741,4,56,5,3
2742,4,57,0,6
2743,4,57,1,6
2744,4,57,2,6
2745,4,57,3,6
2746,4,57,4,6
2747,4,57,5,6
2748,4,58,0,5
2749,4,58,1,5
2750,4,58,2,5
2751,4,58,3,5
2752,4,58,4,5
2753,4,58,5,5
2754,4,59,0,5
2755,4,59,1,5
2756,4,59,2,5
2757,4,59,3,5
2758,4,59,4,5
2759,4,59,5,5
2760,4,60,0,6
2761,4,60,1,6
2762,4,60,2,8
2763,4,60,3,6
2764,4,60,4,6
2765,4,60,5,6
2766,4,61,0,6
2767,4,61,1,6
2768,4,61,2,6
2769,4,61,3,6
2770,4,61,4,8
2771,4,61,5,6
2772,4,62,0,7
2773,4,62,1,7
2774,4,62,2,7
2775,4,62,3,7
2776,4,62,4,7
2777,4,62,5,7
2778,4,63,0,6
2779,4,63,1,6
2780,4,63,2,6
2781,4,63,3,6
2782,4,63,4,6
2783,4,63,5,6
2784,4,64,0,7
2785,4,64,1,7
2786,4,64,2,7
2787,4,64,3,7
2788,4,64,4,7
2789,4,64,5,7
2790,4,65,0,3
2791,4,65,1,3
2792,4,65,2,4
2793,4,65,3,3
2794,4,65,4,3
2795,4,65,5,3
2796,4,66,0,4
2797,4,66,1,4
2798,4,66,2,4
2799,4,66,3,4
2800,4,66,4,4
2801,4,66,5,4
2802,4,67,0,3
2803,4,67,1,4
2804,4,67,2,3
2805,4,67,3,3
2806,4,67,4,3
2807,4,67,5,3
2808,4,68,0,4
2809,4,68,1,4
2810,4,68,2,4
2811,4,68,3,4
2812,4,68,4,4
2813,4,68,5,4
2814,4,69,0,4
2815,4,69,1,4
2816,4,69,2,4
2817,4,69,3,4
2818,4,69,4,4
2819,4,69,5,4
2820,4,70,0,5
2821,4,70,1,5
2822,4,70,2,5
2823,4,70,3,5
2824,4,70,4,5
2825,4,70,5,5
2826,4,71,0,7
2827,4,71,1,3
2828,4,71,2,3
2829,4,71,3,3
2830,4,71,4,4
2831,4,71,5,3
2832,4,72,0,6
2833,4,72,1,6
2834,4,72,2,6
2835,4,72,3,6
2836,4,72,4,6
2837,4,72,5,6
2838,4,73,0,4
2839,4,73,1,4
2840,4,73,2,4
2841,4,73,3,4
2842,4,73,4,4
2843,4,73,5,4
2844,4,74,0,5
2845,4,74,1,5
2846,4,74,2,5
2847,4,74,3,5
2848,4,74,4,5
2849,4,74,5,5
2850,4,75,0,7
2851,4,75,1,10
2852,4,75,2,7
2853,4,75,3,7
2854,4,75,4,7
2855,4,75,5,7
2856,4,76,0,3
2857,4,76,1,3
2858,4,76,2,3
2859,4,76,3,3
2860,4,76,4,3
2861,4,76,5,3
2862,4,77,0,9
2863,4,77,1,8
2864,4,77,2,8
2865,4,77,3,10
2866,4,77,4,8
2867,4,77,5,9
2868,4,78,0,3
2869,4,78,1,3
2870,4,78,2,3
2871,4,78,3,3
2872,4,78,4,3
2873,4,78,5,3
2874,4,79,0,5
2875,4,79,1,3
2876,4,79,2,3
2877,4,79,3,5
2878,4,79,4,4
2879,4,79,5,3
2880,4,80,0,4
2881,4,80,1,3
2882,4,80,2,4
2883,4,80,3,4
2884,4,80,4,3
2885,4,80,5,4
2886,4,81,0,5
2887,4,81,1,5
2888,4,81,2,5
2889,4,81,3,5
2890,4,81,4,5
2891,4,81,5,5
2892,4,82,0,8
2893,4,82,1,6
2894,4,82,2,6
2895,4,82,3,8
2896,4,82,4,6
2897,4,82,5,8
2898,4,83,0,8
2899,4,83,1,8
2900,4,83,2,11
2901,4,83,3,8
2902,4,83,4,8
2903,4,83,5,8
2904,4,84,0,46
2905,4,84,1,32
2906,4,84,2,27
2907,4,84,3,41
2908,4,84,4,23
2909,4,84,5,28
2910,4,85,0,3
2911,4,85,1,4
2912,4,85,2,3
2913,4,85,3,3
2914,4,85,4,3
2915,4,85,5,3
2916,4,86,0,9
2917,4,86,1,7
2918,4,86,2,5
2919,4,86,3,7
2920,4,86,4,10
2921,4,86,5,7
2922,4,87,0,6
2923,4,87,1,6
2924,4,87,2,6
2925,4,87,3,6
2926,4,87,4,6
2927,4,87,5,6
2928,4,88,0,3
2929,4,88,1,3
2930,4,88,2,3
2931,4,88,3,4
2932,4,88,4,4
2933,4,88,5,4
2934,4,89,0,3
2935,4,89,1,3
2936,4,89,2,3
2937,4,89,3,3
2938,4,89,4,3
2939,4,89,5,3
2940,4,90,0,3
2941,4,90,1,3
2942,4,90,2,3
2943,4,90,3,3
2944,4,90,4,3
2945,4,90,5,3
2946,4,91,0,3
2947,4,91,1,3
2948,4,91,2,3
2949,4,91,3,3
2950,4,91,4,4
2951,4,91,5,3
2952,4,92,0,13
2953,4,92,1,6
2954,4,92,2,6
2955,4,92,3,6
2956,4,92,4,6
2957,4,92,5,6
2958,4,93,0,5
2959,4,93,1,6
2960,4,93,2,5
2961,4,93,3,5
2962,4,93,4,5
2963,4,93,5,5
2964,4,94,0,5
2965,4,94,1,5
2966,4,94,2,5
2967,4,94,3,5
2968,4,94,4,5
2969,4,94,5,5
2970,4,95,0,5
2971,4,95,1,5
2972,4,95,2,5
2973,4,95,3,5
2974,4,95,4,5
2975,4,95,5,5
2976,4,96,0,4
2977,4,96,1,4
2978,4,96,2,4
2979,4,96,3,4
2980,4,96,4,4
2981,4,96,5,4
2982,4,97,0,4
2983,4,97,1,4
2984,4,97,2,4
2985,4,97,3,4
2986,4,97,4,4
2987,4,97,5,4
2988,4,98,0,4
2989,4,98,1,4
2990,4,98,2,4
2991,4,98,3,4
2992,4,98,4,4
2993,4,98,5,4
2994,4,99,0,4
2995,4,99,1,6
2996,4,99,2,4
2997,4,99,3,4
2998,4,99,4,5
2999,4,99,5,4
