,Replay type,Individual,Trial,Performance
0,0,0,0,9
1,0,0,1,19
2,0,0,2,7
3,0,0,3,10
4,0,0,4,7
5,0,0,5,7
6,0,1,0,12
7,0,1,1,12
8,0,1,2,7
9,0,1,3,7
10,0,1,4,7
11,0,1,5,7
12,0,2,0,8
13,0,2,1,7
14,0,2,2,8
15,0,2,3,8
16,0,2,4,8
17,0,2,5,8
18,0,3,0,7
19,0,3,1,9
20,0,3,2,6
21,0,3,3,7
22,0,3,4,7
23,0,3,5,7
24,0,4,0,8
25,0,4,1,11
26,0,4,2,7
27,0,4,3,7
28,0,4,4,7
29,0,4,5,7
30,0,5,0,10
31,0,5,1,7
32,0,5,2,11
33,0,5,3,7
34,0,5,4,8
35,0,5,5,7
36,0,6,0,7
37,0,6,1,6
38,0,6,2,8
39,0,6,3,7
40,0,6,4,8
41,0,6,5,8
42,0,7,0,17
43,0,7,1,6
44,0,7,2,15
45,0,7,3,15
46,0,7,4,6
47,0,7,5,5
48,0,8,0,5
49,0,8,1,5
50,0,8,2,5
51,0,8,3,5
52,0,8,4,5
53,0,8,5,5
54,0,9,0,15
55,0,9,1,8
56,0,9,2,8
57,0,9,3,8
58,0,9,4,8
59,0,9,5,8
60,0,10,0,5
61,0,10,1,5
62,0,10,2,5
63,0,10,3,5
64,0,10,4,5
65,0,10,5,5
66,0,11,0,8
67,0,11,1,11
68,0,11,2,6
69,0,11,3,6
70,0,11,4,6
71,0,11,5,6
72,0,12,0,29
73,0,12,1,14
74,0,12,2,8
75,0,12,3,16
76,0,12,4,23
77,0,12,5,19
78,0,13,0,8
79,0,13,1,10
80,0,13,2,6
81,0,13,3,5
82,0,13,4,5
83,0,13,5,5
84,0,14,0,10
85,0,14,1,7
86,0,14,2,5
87,0,14,3,5
88,0,14,4,5
89,0,14,5,5
90,0,15,0,5
91,0,15,1,5
92,0,15,2,6
93,0,15,3,5
94,0,15,4,5
95,0,15,5,5
96,0,16,0,10
97,0,16,1,10
98,0,16,2,9
99,0,16,3,12
100,0,16,4,9
101,0,16,5,9
102,0,17,0,9
103,0,17,1,10
104,0,17,2,9
105,0,17,3,12
106,0,17,4,7
107,0,17,5,7
108,0,18,0,7
109,0,18,1,7
110,0,18,2,7
111,0,18,3,8
112,0,18,4,7
113,0,18,5,7
114,0,19,0,9
115,0,19,1,6
116,0,19,2,6
117,0,19,3,7
118,0,19,4,6
119,0,19,5,6
120,0,20,0,10
121,0,20,1,6
122,0,20,2,7
123,0,20,3,6
124,0,20,4,6
125,0,20,5,6
126,0,21,0,16
127,0,21,1,9
128,0,21,2,9
129,0,21,3,9
130,0,21,4,9
131,0,21,5,9
132,0,22,0,14
133,0,22,1,8
134,0,22,2,6
135,0,22,3,5
136,0,22,4,5
137,0,22,5,5
138,0,23,0,7
139,0,23,1,7
140,0,23,2,5
141,0,23,3,5
142,0,23,4,5
143,0,23,5,5
144,0,24,0,12
145,0,24,1,9
146,0,24,2,8
147,0,24,3,7
148,0,24,4,7
149,0,24,5,7
150,0,25,0,9
151,0,25,1,7
152,0,25,2,7
153,0,25,3,7
154,0,25,4,7
155,0,25,5,7
156,0,26,0,12
157,0,26,1,8
158,0,26,2,27
159,0,26,3,9
160,0,26,4,9
161,0,26,5,9
162,0,27,0,6
163,0,27,1,6
164,0,27,2,6
165,0,27,3,6
166,0,27,4,6
167,0,27,5,6
168,0,28,0,20
169,0,28,1,10
170,0,28,2,8
171,0,28,3,11
172,0,28,4,9
173,0,28,5,17
174,0,29,0,7
175,0,29,1,10
176,0,29,2,10
177,0,29,3,13
178,0,29,4,9
179,0,29,5,11
180,0,30,0,6
181,0,30,1,6
182,0,30,2,6
183,0,30,3,6
184,0,30,4,6
185,0,30,5,6
186,0,31,0,13
187,0,31,1,7
188,0,31,2,7
189,0,31,3,7
190,0,31,4,7
191,0,31,5,7
192,0,32,0,5
193,0,32,1,7
194,0,32,2,11
195,0,32,3,11
196,0,32,4,8
197,0,32,5,8
198,0,33,0,23
199,0,33,1,13
200,0,33,2,9
201,0,33,3,13
202,0,33,4,7
203,0,33,5,8
204,0,34,0,9
205,0,34,1,6
206,0,34,2,6
207,0,34,3,6
208,0,34,4,6
209,0,34,5,6
210,0,35,0,8
211,0,35,1,7
212,0,35,2,6
213,0,35,3,6
214,0,35,4,6
215,0,35,5,6
216,0,36,0,6
217,0,36,1,11
218,0,36,2,10
219,0,36,3,8
220,0,36,4,6
221,0,36,5,6
222,0,37,0,13
223,0,37,1,8
224,0,37,2,6
225,0,37,3,6
226,0,37,4,6
227,0,37,5,6
228,0,38,0,6
229,0,38,1,6
230,0,38,2,6
231,0,38,3,6
232,0,38,4,6
233,0,38,5,6
234,0,39,0,8
235,0,39,1,7
236,0,39,2,7
237,0,39,3,12
238,0,39,4,7
239,0,39,5,7
240,0,40,0,8
241,0,40,1,8
242,0,40,2,10
243,0,40,3,9
244,0,40,4,8
245,0,40,5,8
246,0,41,0,13
247,0,41,1,11
248,0,41,2,7
249,0,41,3,6
250,0,41,4,6
251,0,41,5,6
252,0,42,0,7
253,0,42,1,6
254,0,42,2,6
255,0,42,3,6
256,0,42,4,6
257,0,42,5,6
258,0,43,0,12
259,0,43,1,5
260,0,43,2,5
261,0,43,3,5
262,0,43,4,5
263,0,43,5,5
264,0,44,0,6
265,0,44,1,10
266,0,44,2,7
267,0,44,3,6
268,0,44,4,6
269,0,44,5,6
270,0,45,0,11
271,0,45,1,5
272,0,45,2,5
273,0,45,3,5
274,0,45,4,5
275,0,45,5,5
276,0,46,0,14
277,0,46,1,15
278,0,46,2,6
279,0,46,3,6
280,0,46,4,6
281,0,46,5,6
282,0,47,0,7
283,0,47,1,6
284,0,47,2,6
285,0,47,3,6
286,0,47,4,6
287,0,47,5,6
288,0,48,0,9
289,0,48,1,16
290,0,48,2,19
291,0,48,3,13
292,0,48,4,11
293,0,48,5,11
294,0,49,0,8
295,0,49,1,15
296,0,49,2,7
297,0,49,3,12
298,0,49,4,10
299,0,49,5,7
300,0,50,0,9
301,0,50,1,6
302,0,50,2,7
303,0,50,3,6
304,0,50,4,6
305,0,50,5,6
306,0,51,0,6
307,0,51,1,6
308,0,51,2,6
309,0,51,3,6
310,0,51,4,6
311,0,51,5,6
312,0,52,0,7
313,0,52,1,7
314,0,52,2,7
315,0,52,3,7
316,0,52,4,7
317,0,52,5,7
318,0,53,0,8
319,0,53,1,9
320,0,53,2,19
321,0,53,3,8
322,0,53,4,13
323,0,53,5,9
324,0,54,0,5
325,0,54,1,5
326,0,54,2,5
327,0,54,3,5
328,0,54,4,5
329,0,54,5,5
330,0,55,0,11
331,0,55,1,11
332,0,55,2,11
333,0,55,3,11
334,0,55,4,10
335,0,55,5,10
336,0,56,0,6
337,0,56,1,6
338,0,56,2,6
339,0,56,3,6
340,0,56,4,6
341,0,56,5,6
342,0,57,0,9
343,0,57,1,15
344,0,57,2,20
345,0,57,3,22
346,0,57,4,7
347,0,57,5,10
348,0,58,0,12
349,0,58,1,10
350,0,58,2,5
351,0,58,3,5
352,0,58,4,5
353,0,58,5,5
354,0,59,0,8
355,0,59,1,9
356,0,59,2,7
357,0,59,3,7
358,0,59,4,7
359,0,59,5,7
360,0,60,0,12
361,0,60,1,10
362,0,60,2,10
363,0,60,3,27
364,0,60,4,9
365,0,60,5,10
366,0,61,0,17
367,0,61,1,10
368,0,61,2,8
369,0,61,3,9
370,0,61,4,8
371,0,61,5,8
372,0,62,0,6
373,0,62,1,6
374,0,62,2,6
375,0,62,3,5
376,0,62,4,5
377,0,62,5,5
378,0,63,0,13
379,0,63,1,8
380,0,63,2,9
381,0,63,3,7
382,0,63,4,7
383,0,63,5,7
384,0,64,0,10
385,0,64,1,16
386,0,64,2,10
387,0,64,3,14
388,0,64,4,10
389,0,64,5,10
390,0,65,0,11
391,0,65,1,8
392,0,65,2,8
393,0,65,3,8
394,0,65,4,8
395,0,65,5,8
396,0,66,0,6
397,0,66,1,6
398,0,66,2,6
399,0,66,3,6
400,0,66,4,6
401,0,66,5,6
402,0,67,0,37
403,0,67,1,18
404,0,67,2,10
405,0,67,3,5
406,0,67,4,7
407,0,67,5,8
408,0,68,0,11
409,0,68,1,8
410,0,68,2,10
411,0,68,3,10
412,0,68,4,10
413,0,68,5,10
414,0,69,0,10
415,0,69,1,6
416,0,69,2,6
417,0,69,3,6
418,0,69,4,6
419,0,69,5,6
420,0,70,0,9
421,0,70,1,7
422,0,70,2,9
423,0,70,3,7
424,0,70,4,7
425,0,70,5,7
426,0,71,0,7
427,0,71,1,43
428,0,71,2,10
429,0,71,3,8
430,0,71,4,7
431,0,71,5,9
432,0,72,0,12
433,0,72,1,13
434,0,72,2,11
435,0,72,3,11
436,0,72,4,11
437,0,72,5,11
438,0,73,0,7
439,0,73,1,15
440,0,73,2,9
441,0,73,3,7
442,0,73,4,7
443,0,73,5,7
444,0,74,0,7
445,0,74,1,6
446,0,74,2,6
447,0,74,3,6
448,0,74,4,6
449,0,74,5,6
450,0,75,0,10
451,0,75,1,8
452,0,75,2,7
453,0,75,3,6
454,0,75,4,6
455,0,75,5,6
456,0,76,0,8
457,0,76,1,5
458,0,76,2,5
459,0,76,3,5
460,0,76,4,5
461,0,76,5,5
462,0,77,0,27
463,0,77,1,12
464,0,77,2,15
465,0,77,3,8
466,0,77,4,7
467,0,77,5,7
468,0,78,0,7
469,0,78,1,7
470,0,78,2,8
471,0,78,3,7
472,0,78,4,7
473,0,78,5,7
474,0,79,0,8
475,0,79,1,12
476,0,79,2,8
477,0,79,3,8
478,0,79,4,8
479,0,79,5,8
480,0,80,0,13
481,0,80,1,7
482,0,80,2,11
483,0,80,3,10
484,0,80,4,7
485,0,80,5,7
486,0,81,0,8
487,0,81,1,12
488,0,81,2,6
489,0,81,3,6
490,0,81,4,10
491,0,81,5,6
492,0,82,0,45
493,0,82,1,8
494,0,82,2,13
495,0,82,3,20
496,0,82,4,6
497,0,82,5,6
498,0,83,0,13
499,0,83,1,15
500,0,83,2,20
501,0,83,3,8
502,0,83,4,8
503,0,83,5,8
504,0,84,0,13
505,0,84,1,10
506,0,84,2,12
507,0,84,3,11
508,0,84,4,9
509,0,84,5,9
510,0,85,0,11
511,0,85,1,8
512,0,85,2,10
513,0,85,3,7
514,0,85,4,7
515,0,85,5,7
516,0,86,0,17
517,0,86,1,10
518,0,86,2,8
519,0,86,3,10
520,0,86,4,12
521,0,86,5,8
522,0,87,0,23
523,0,87,1,7
524,0,87,2,11
525,0,87,3,8
526,0,87,4,9
527,0,87,5,9
528,0,88,0,6
529,0,88,1,6
530,0,88,2,6
531,0,88,3,6
532,0,88,4,6
533,0,88,5,6
534,0,89,0,36
535,0,89,1,8
536,0,89,2,16
537,0,89,3,5
538,0,89,4,5
539,0,89,5,5
540,0,90,0,13
541,0,90,1,7
542,0,90,2,8
543,0,90,3,8
544,0,90,4,8
545,0,90,5,8
546,0,91,0,11
547,0,91,1,12
548,0,91,2,8
549,0,91,3,8
550,0,91,4,8
551,0,91,5,6
552,0,92,0,15
553,0,92,1,10
554,0,92,2,9
555,0,92,3,10
556,0,92,4,11
557,0,92,5,9
558,0,93,0,8
559,0,93,1,8
560,0,93,2,7
561,0,93,3,7
562,0,93,4,7
563,0,93,5,7
564,0,94,0,8
565,0,94,1,12
566,0,94,2,9
567,0,94,3,9
568,0,94,4,7
569,0,94,5,17
570,0,95,0,9
571,0,95,1,7
572,0,95,2,8
573,0,95,3,7
574,0,95,4,7
575,0,95,5,8
576,0,96,0,7
577,0,96,1,9
578,0,96,2,7
579,0,96,3,6
580,0,96,4,6
581,0,96,5,6
582,0,97,0,6
583,0,97,1,6
584,0,97,2,6
585,0,97,3,6
586,0,97,4,6
587,0,97,5,6
588,0,98,0,11
589,0,98,1,10
590,0,98,2,10
591,0,98,3,15
592,0,98,4,6
593,0,98,5,7
594,0,99,0,10
595,0,99,1,7
596,0,99,2,12
597,0,99,3,5
598,0,99,4,5
599,0,99,5,5
600,1,0,0,44
601,1,0,1,11
602,1,0,2,11
603,1,0,3,10
604,1,0,4,15
605,1,0,5,11
606,1,1,0,34
607,1,1,1,18
608,1,1,2,23
609,1,1,3,13
610,1,1,4,17
611,1,1,5,22
612,1,2,0,7
613,1,2,1,9
614,1,2,2,7
615,1,2,3,7
616,1,2,4,7
617,1,2,5,7
618,1,3,0,25
619,1,3,1,25
620,1,3,2,10
621,1,3,3,16
622,1,3,4,11
623,1,3,5,12
624,1,4,0,14
625,1,4,1,5
626,1,4,2,6
627,1,4,3,12
628,1,4,4,9
629,1,4,5,16
630,1,5,0,13
631,1,5,1,27
632,1,5,2,16
633,1,5,3,17
634,1,5,4,10
635,1,5,5,13
636,1,6,0,7
637,1,6,1,8
638,1,6,2,6
639,1,6,3,6
640,1,6,4,6
641,1,6,5,8
642,1,7,0,18
643,1,7,1,6
644,1,7,2,8
645,1,7,3,6
646,1,7,4,6
647,1,7,5,6
648,1,8,0,9
649,1,8,1,37
650,1,8,2,16
651,1,8,3,28
652,1,8,4,20
653,1,8,5,12
654,1,9,0,15
655,1,9,1,8
656,1,9,2,11
657,1,9,3,8
658,1,9,4,11
659,1,9,5,8
660,1,10,0,13
661,1,10,1,11
662,1,10,2,6
663,1,10,3,12
664,1,10,4,6
665,1,10,5,8
666,1,11,0,12
667,1,11,1,14
668,1,11,2,9
669,1,11,3,10
670,1,11,4,5
671,1,11,5,7
672,1,12,0,34
673,1,12,1,14
674,1,12,2,22
675,1,12,3,22
676,1,12,4,16
677,1,12,5,12
678,1,13,0,5
679,1,13,1,16
680,1,13,2,31
681,1,13,3,14
682,1,13,4,9
683,1,13,5,9
684,1,14,0,10
685,1,14,1,10
686,1,14,2,31
687,1,14,3,32
688,1,14,4,10
689,1,14,5,17
690,1,15,0,12
691,1,15,1,15
692,1,15,2,16
693,1,15,3,20
694,1,15,4,10
695,1,15,5,9
696,1,16,0,27
697,1,16,1,52
698,1,16,2,27
699,1,16,3,46
700,1,16,4,60
701,1,16,5,30
702,1,17,0,7
703,1,17,1,28
704,1,17,2,25
705,1,17,3,57
706,1,17,4,23
707,1,17,5,22
708,1,18,0,8
709,1,18,1,25
710,1,18,2,22
711,1,18,3,23
712,1,18,4,21
713,1,18,5,11
714,1,19,0,10
715,1,19,1,7
716,1,19,2,7
717,1,19,3,9
718,1,19,4,9
719,1,19,5,9
720,1,20,0,11
721,1,20,1,9
722,1,20,2,11
723,1,20,3,8
724,1,20,4,14
725,1,20,5,10
726,1,21,0,25
727,1,21,1,11
728,1,21,2,9
729,1,21,3,6
730,1,21,4,6
731,1,21,5,8
732,1,22,0,16
733,1,22,1,18
734,1,22,2,8
735,1,22,3,12
736,1,22,4,8
737,1,22,5,12
738,1,23,0,18
739,1,23,1,10
740,1,23,2,19
741,1,23,3,14
742,1,23,4,18
743,1,23,5,22
744,1,24,0,32
745,1,24,1,10
746,1,24,2,13
747,1,24,3,13
748,1,24,4,9
749,1,24,5,12
750,1,25,0,10
751,1,25,1,25
752,1,25,2,25
753,1,25,3,9
754,1,25,4,14
755,1,25,5,22
756,1,26,0,11
757,1,26,1,8
758,1,26,2,7
759,1,26,3,20
760,1,26,4,8
761,1,26,5,8
762,1,27,0,13
763,1,27,1,13
764,1,27,2,18
765,1,27,3,16
766,1,27,4,17
767,1,27,5,10
768,1,28,0,25
769,1,28,1,10
770,1,28,2,18
771,1,28,3,24
772,1,28,4,12
773,1,28,5,16
774,1,29,0,11
775,1,29,1,12
776,1,29,2,16
777,1,29,3,15
778,1,29,4,16
779,1,29,5,20
780,1,30,0,6
781,1,30,1,8
782,1,30,2,6
783,1,30,3,6
784,1,30,4,6
785,1,30,5,6
786,1,31,0,17
787,1,31,1,12
788,1,31,2,10
789,1,31,3,10
790,1,31,4,8
791,1,31,5,8
792,1,32,0,9
793,1,32,1,20
794,1,32,2,10
795,1,32,3,9
796,1,32,4,10
797,1,32,5,10
798,1,33,0,25
799,1,33,1,15
800,1,33,2,16
801,1,33,3,20
802,1,33,4,24
803,1,33,5,14
804,1,34,0,19
805,1,34,1,18
806,1,34,2,9
807,1,34,3,6
808,1,34,4,6
809,1,34,5,21
810,1,35,0,16
811,1,35,1,16
812,1,35,2,8
813,1,35,3,8
814,1,35,4,15
815,1,35,5,9
816,1,36,0,7
817,1,36,1,12
818,1,36,2,12
819,1,36,3,10
820,1,36,4,17
821,1,36,5,7
822,1,37,0,11
823,1,37,1,10
824,1,37,2,7
825,1,37,3,7
826,1,37,4,7
827,1,37,5,16
828,1,38,0,21
829,1,38,1,10
830,1,38,2,7
831,1,38,3,9
832,1,38,4,10
833,1,38,5,11
834,1,39,0,8
835,1,39,1,11
836,1,39,2,13
837,1,39,3,14
838,1,39,4,10
839,1,39,5,9
840,1,40,0,9
841,1,40,1,9
842,1,40,2,11
843,1,40,3,8
844,1,40,4,12
845,1,40,5,12
846,1,41,0,15
847,1,41,1,9
848,1,41,2,10
849,1,41,3,7
850,1,41,4,7
851,1,41,5,13
852,1,42,0,12
853,1,42,1,11
854,1,42,2,10
855,1,42,3,9
856,1,42,4,30
857,1,42,5,8
858,1,43,0,5
859,1,43,1,7
860,1,43,2,5
861,1,43,3,11
862,1,43,4,6
863,1,43,5,5
864,1,44,0,13
865,1,44,1,14
866,1,44,2,20
867,1,44,3,17
868,1,44,4,13
869,1,44,5,17
870,1,45,0,14
871,1,45,1,6
872,1,45,2,8
873,1,45,3,7
874,1,45,4,10
875,1,45,5,10
876,1,46,0,59
877,1,46,1,36
878,1,46,2,18
879,1,46,3,31
880,1,46,4,22
881,1,46,5,31
882,1,47,0,15
883,1,47,1,30
884,1,47,2,18
885,1,47,3,19
886,1,47,4,36
887,1,47,5,17
888,1,48,0,8
889,1,48,1,5
890,1,48,2,8
891,1,48,3,18
892,1,48,4,13
893,1,48,5,7
894,1,49,0,26
895,1,49,1,11
896,1,49,2,9
897,1,49,3,22
898,1,49,4,15
899,1,49,5,19
900,1,50,0,9
901,1,50,1,6
902,1,50,2,7
903,1,50,3,6
904,1,50,4,8
905,1,50,5,6
906,1,51,0,10
907,1,51,1,7
908,1,51,2,11
909,1,51,3,12
910,1,51,4,23
911,1,51,5,7
912,1,52,0,12
913,1,52,1,8
914,1,52,2,13
915,1,52,3,15
916,1,52,4,29
917,1,52,5,20
918,1,53,0,18
919,1,53,1,22
920,1,53,2,17
921,1,53,3,14
922,1,53,4,15
923,1,53,5,15
924,1,54,0,18
925,1,54,1,16
926,1,54,2,10
927,1,54,3,10
928,1,54,4,16
929,1,54,5,10
930,1,55,0,32
931,1,55,1,8
932,1,55,2,12
933,1,55,3,23
934,1,55,4,18
935,1,55,5,8
936,1,56,0,23
937,1,56,1,22
938,1,56,2,25
939,1,56,3,20
940,1,56,4,14
941,1,56,5,23
942,1,57,0,20
943,1,57,1,16
944,1,57,2,14
945,1,57,3,14
946,1,57,4,27
947,1,57,5,37
948,1,58,0,20
949,1,58,1,16
950,1,58,2,14
951,1,58,3,15
952,1,58,4,16
953,1,58,5,15
954,1,59,0,11
955,1,59,1,10
956,1,59,2,9
957,1,59,3,28
958,1,59,4,9
959,1,59,5,10
960,1,60,0,25
961,1,60,1,7
962,1,60,2,10
963,1,60,3,9
964,1,60,4,7
965,1,60,5,7
966,1,61,0,18
967,1,61,1,11
968,1,61,2,22
969,1,61,3,14
970,1,61,4,10
971,1,61,5,19
972,1,62,0,17
973,1,62,1,13
974,1,62,2,47
975,1,62,3,24
976,1,62,4,18
977,1,62,5,18
978,1,63,0,18
979,1,63,1,21
980,1,63,2,15
981,1,63,3,19
982,1,63,4,15
983,1,63,5,15
984,1,64,0,10
985,1,64,1,12
986,1,64,2,15
987,1,64,3,14
988,1,64,4,15
989,1,64,5,16
990,1,65,0,22
991,1,65,1,13
992,1,65,2,9
993,1,65,3,11
994,1,65,4,7
995,1,65,5,6
996,1,66,0,8
997,1,66,1,13
998,1,66,2,15
999,1,66,3,6
1000,1,66,4,6
1001,1,66,5,7
1002,1,67,0,8
1003,1,67,1,8
1004,1,67,2,8
1005,1,67,3,11
1006,1,67,4,14
1007,1,67,5,20
1008,1,68,0,10
1009,1,68,1,11
1010,1,68,2,19
1011,1,68,3,10
1012,1,68,4,16
1013,1,68,5,9
1014,1,69,0,13
1015,1,69,1,26
1016,1,69,2,16
1017,1,69,3,27
1018,1,69,4,13
1019,1,69,5,16
1020,1,70,0,11
1021,1,70,1,10
1022,1,70,2,36
1023,1,70,3,17
1024,1,70,4,8
1025,1,70,5,14
1026,1,71,0,10
1027,1,71,1,7
1028,1,71,2,11
1029,1,71,3,13
1030,1,71,4,12
1031,1,71,5,6
1032,1,72,0,10
1033,1,72,1,10
1034,1,72,2,7
1035,1,72,3,6
1036,1,72,4,8
1037,1,72,5,6
1038,1,73,0,5
1039,1,73,1,8
1040,1,73,2,5
1041,1,73,3,10
1042,1,73,4,9
1043,1,73,5,9
1044,1,74,0,10
1045,1,74,1,9
1046,1,74,2,7
1047,1,74,3,12
1048,1,74,4,8
1049,1,74,5,10
1050,1,75,0,10
1051,1,75,1,37
1052,1,75,2,13
1053,1,75,3,10
1054,1,75,4,9
1055,1,75,5,19
1056,1,76,0,14
1057,1,76,1,23
1058,1,76,2,24
1059,1,76,3,20
1060,1,76,4,20
1061,1,76,5,23
1062,1,77,0,8
1063,1,77,1,7
1064,1,77,2,10
1065,1,77,3,10
1066,1,77,4,7
1067,1,77,5,8
1068,1,78,0,6
1069,1,78,1,5
1070,1,78,2,5
1071,1,78,3,10
1072,1,78,4,5
1073,1,78,5,7
1074,1,79,0,10
1075,1,79,1,13
1076,1,79,2,16
1077,1,79,3,14
1078,1,79,4,15
1079,1,79,5,13
1080,1,80,0,16
1081,1,80,1,23
1082,1,80,2,7
1083,1,80,3,10
1084,1,80,4,7
1085,1,80,5,11
1086,1,81,0,8
1087,1,81,1,6
1088,1,81,2,22
1089,1,81,3,14
1090,1,81,4,5
1091,1,81,5,7
1092,1,82,0,7
1093,1,82,1,14
1094,1,82,2,14
1095,1,82,3,10
1096,1,82,4,9
1097,1,82,5,9
1098,1,83,0,11
1099,1,83,1,9
1100,1,83,2,6
1101,1,83,3,22
1102,1,83,4,8
1103,1,83,5,15
1104,1,84,0,26
1105,1,84,1,33
1106,1,84,2,17
1107,1,84,3,28
1108,1,84,4,25
1109,1,84,5,19
1110,1,85,0,10
1111,1,85,1,12
1112,1,85,2,13
1113,1,85,3,16
1114,1,85,4,11
1115,1,85,5,13
1116,1,86,0,24
1117,1,86,1,10
1118,1,86,2,16
1119,1,86,3,8
1120,1,86,4,10
1121,1,86,5,11
1122,1,87,0,12
1123,1,87,1,11
1124,1,87,2,16
1125,1,87,3,26
1126,1,87,4,16
1127,1,87,5,8
1128,1,88,0,10
1129,1,88,1,12
1130,1,88,2,15
1131,1,88,3,26
1132,1,88,4,23
1133,1,88,5,29
1134,1,89,0,67
1135,1,89,1,43
1136,1,89,2,25
1137,1,89,3,33
1138,1,89,4,30
1139,1,89,5,17
1140,1,90,0,20
1141,1,90,1,19
1142,1,90,2,27
1143,1,90,3,12
1144,1,90,4,34
1145,1,90,5,21
1146,1,91,0,11
1147,1,91,1,26
1148,1,91,2,31
1149,1,91,3,5
1150,1,91,4,5
1151,1,91,5,5
1152,1,92,0,11
1153,1,92,1,10
1154,1,92,2,10
1155,1,92,3,10
1156,1,92,4,10
1157,1,92,5,14
1158,1,93,0,9
1159,1,93,1,7
1160,1,93,2,10
1161,1,93,3,14
1162,1,93,4,13
1163,1,93,5,7
1164,1,94,0,11
1165,1,94,1,18
1166,1,94,2,14
1167,1,94,3,64
1168,1,94,4,28
1169,1,94,5,17
1170,1,95,0,9
1171,1,95,1,9
1172,1,95,2,8
1173,1,95,3,7
1174,1,95,4,7
1175,1,95,5,8
1176,1,96,0,27
1177,1,96,1,42
1178,1,96,2,24
1179,1,96,3,33
1180,1,96,4,17
1181,1,96,5,19
1182,1,97,0,6
1183,1,97,1,11
1184,1,97,2,8
1185,1,97,3,14
1186,1,97,4,38
1187,1,97,5,6
1188,1,98,0,15
1189,1,98,1,31
1190,1,98,2,9
1191,1,98,3,11
1192,1,98,4,16
1193,1,98,5,55
1194,1,99,0,7
1195,1,99,1,19
1196,1,99,2,7
1197,1,99,3,8
1198,1,99,4,11
1199,1,99,5,10
1200,2,0,0,44
1201,2,0,1,11
1202,2,0,2,11
1203,2,0,3,10
1204,2,0,4,15
1205,2,0,5,11
1206,2,1,0,34
1207,2,1,1,18
1208,2,1,2,23
1209,2,1,3,13
1210,2,1,4,17
1211,2,1,5,22
1212,2,2,0,7
1213,2,2,1,9
1214,2,2,2,7
1215,2,2,3,7
1216,2,2,4,7
1217,2,2,5,7
1218,2,3,0,25
1219,2,3,1,14
1220,2,3,2,12
1221,2,3,3,41
1222,2,3,4,10
1223,2,3,5,15
1224,2,4,0,19
1225,2,4,1,6
1226,2,4,2,6
1227,2,4,3,6
1228,2,4,4,9
1229,2,4,5,30
1230,2,5,0,13
1231,2,5,1,27
1232,2,5,2,16
1233,2,5,3,17
1234,2,5,4,10
1235,2,5,5,13
1236,2,6,0,7
1237,2,6,1,8
1238,2,6,2,6
1239,2,6,3,13
1240,2,6,4,11
1241,2,6,5,8
1242,2,7,0,18
1243,2,7,1,6
1244,2,7,2,8
1245,2,7,3,6
1246,2,7,4,6
1247,2,7,5,6
1248,2,8,0,9
1249,2,8,1,37
1250,2,8,2,16
1251,2,8,3,28
1252,2,8,4,20
1253,2,8,5,12
1254,2,9,0,15
1255,2,9,1,8
1256,2,9,2,11
1257,2,9,3,8
1258,2,9,4,11
1259,2,9,5,8
1260,2,10,0,13
1261,2,10,1,9
1262,2,10,2,7
1263,2,10,3,19
1264,2,10,4,9
1265,2,10,5,9
1266,2,11,0,12
1267,2,11,1,14
1268,2,11,2,9
1269,2,11,3,10
1270,2,11,4,5
1271,2,11,5,7
1272,2,12,0,34
1273,2,12,1,14
1274,2,12,2,22
1275,2,12,3,22
1276,2,12,4,16
1277,2,12,5,12
1278,2,13,0,5
1279,2,13,1,16
1280,2,13,2,31
1281,2,13,3,14
1282,2,13,4,9
1283,2,13,5,9
1284,2,14,0,10
1285,2,14,1,10
1286,2,14,2,31
1287,2,14,3,32
1288,2,14,4,10
1289,2,14,5,17
1290,2,15,0,12
1291,2,15,1,15
1292,2,15,2,16
1293,2,15,3,20
1294,2,15,4,10
1295,2,15,5,9
1296,2,16,0,27
1297,2,16,1,52
1298,2,16,2,27
1299,2,16,3,46
1300,2,16,4,60
1301,2,16,5,30
1302,2,17,0,7
1303,2,17,1,28
1304,2,17,2,25
1305,2,17,3,39
1306,2,17,4,8
1307,2,17,5,45
1308,2,18,0,8
1309,2,18,1,25
1310,2,18,2,22
1311,2,18,3,23
1312,2,18,4,19
1313,2,18,5,13
1314,2,19,0,13
1315,2,19,1,21
1316,2,19,2,11
1317,2,19,3,12
1318,2,19,4,14
1319,2,19,5,44
1320,2,20,0,13
1321,2,20,1,10
1322,2,20,2,8
1323,2,20,3,8
1324,2,20,4,8
1325,2,20,5,10
1326,2,21,0,25
1327,2,21,1,11
1328,2,21,2,9
1329,2,21,3,6
1330,2,21,4,6
1331,2,21,5,8
1332,2,22,0,16
1333,2,22,1,16
1334,2,22,2,8
1335,2,22,3,10
1336,2,22,4,21
1337,2,22,5,14
1338,2,23,0,14
1339,2,23,1,14
1340,2,23,2,20
1341,2,23,3,13
1342,2,23,4,18
1343,2,23,5,22
1344,2,24,0,32
1345,2,24,1,10
1346,2,24,2,13
1347,2,24,3,13
1348,2,24,4,9
1349,2,24,5,12
1350,2,25,0,10
1351,2,25,1,25
1352,2,25,2,25
1353,2,25,3,9
1354,2,25,4,14
1355,2,25,5,22
1356,2,26,0,11
1357,2,26,1,8
1358,2,26,2,7
1359,2,26,3,20
1360,2,26,4,8
1361,2,26,5,8
1362,2,27,0,13
1363,2,27,1,13
1364,2,27,2,18
1365,2,27,3,16
1366,2,27,4,17
1367,2,27,5,10
1368,2,28,0,25
1369,2,28,1,10
1370,2,28,2,18
1371,2,28,3,24
1372,2,28,4,12
1373,2,28,5,16
1374,2,29,0,11
1375,2,29,1,12
1376,2,29,2,16
1377,2,29,3,15
1378,2,29,4,17
1379,2,29,5,19
1380,2,30,0,6
1381,2,30,1,8
1382,2,30,2,6
1383,2,30,3,6
1384,2,30,4,6
1385,2,30,5,6
1386,2,31,0,42
1387,2,31,1,48
1388,2,31,2,18
1389,2,31,3,17
1390,2,31,4,16
1391,2,31,5,15
1392,2,32,0,11
1393,2,32,1,11
1394,2,32,2,17
1395,2,32,3,11
1396,2,32,4,9
1397,2,32,5,13
1398,2,33,0,25
1399,2,33,1,15
1400,2,33,2,16
1401,2,33,3,20
1402,2,33,4,24
1403,2,33,5,14
1404,2,34,0,19
1405,2,34,1,18
1406,2,34,2,9
1407,2,34,3,6
1408,2,34,4,6
1409,2,34,5,21
1410,2,35,0,11
1411,2,35,1,10
1412,2,35,2,9
1413,2,35,3,10
1414,2,35,4,8
1415,2,35,5,14
1416,2,36,0,8
1417,2,36,1,9
1418,2,36,2,11
1419,2,36,3,15
1420,2,36,4,9
1421,2,36,5,9
1422,2,37,0,11
1423,2,37,1,10
1424,2,37,2,7
1425,2,37,3,7
1426,2,37,4,7
1427,2,37,5,16
1428,2,38,0,21
1429,2,38,1,10
1430,2,38,2,7
1431,2,38,3,9
1432,2,38,4,7
1433,2,38,5,15
1434,2,39,0,8
1435,2,39,1,11
1436,2,39,2,13
1437,2,39,3,14
1438,2,39,4,10
1439,2,39,5,9
1440,2,40,0,9
1441,2,40,1,9
1442,2,40,2,11
1443,2,40,3,8
1444,2,40,4,12
1445,2,40,5,12
1446,2,41,0,15
1447,2,41,1,9
1448,2,41,2,10
1449,2,41,3,7
1450,2,41,4,7
1451,2,41,5,13
1452,2,42,0,12
1453,2,42,1,11
1454,2,42,2,10
1455,2,42,3,9
1456,2,42,4,30
1457,2,42,5,8
1458,2,43,0,5
1459,2,43,1,7
1460,2,43,2,5
1461,2,43,3,11
1462,2,43,4,6
1463,2,43,5,5
1464,2,44,0,13
1465,2,44,1,14
1466,2,44,2,20
1467,2,44,3,17
1468,2,44,4,13
1469,2,44,5,17
1470,2,45,0,14
1471,2,45,1,6
1472,2,45,2,8
1473,2,45,3,7
1474,2,45,4,10
1475,2,45,5,10
1476,2,46,0,62
1477,2,46,1,25
1478,2,46,2,30
1479,2,46,3,10
1480,2,46,4,16
1481,2,46,5,20
1482,2,47,0,6
1483,2,47,1,15
1484,2,47,2,18
1485,2,47,3,10
1486,2,47,4,5
1487,2,47,5,9
1488,2,48,0,11
1489,2,48,1,10
1490,2,48,2,18
1491,2,48,3,12
1492,2,48,4,8
1493,2,48,5,14
1494,2,49,0,26
1495,2,49,1,11
1496,2,49,2,9
1497,2,49,3,22
1498,2,49,4,15
1499,2,49,5,19
1500,2,50,0,13
1501,2,50,1,11
1502,2,50,2,11
1503,2,50,3,11
1504,2,50,4,13
1505,2,50,5,13
1506,2,51,0,10
1507,2,51,1,7
1508,2,51,2,11
1509,2,51,3,12
1510,2,51,4,23
1511,2,51,5,7
1512,2,52,0,12
1513,2,52,1,8
1514,2,52,2,13
1515,2,52,3,15
1516,2,52,4,29
1517,2,52,5,20
1518,2,53,0,18
1519,2,53,1,22
1520,2,53,2,17
1521,2,53,3,14
1522,2,53,4,15
1523,2,53,5,15
1524,2,54,0,13
1525,2,54,1,43
1526,2,54,2,30
1527,2,54,3,11
1528,2,54,4,14
1529,2,54,5,15
1530,2,55,0,11
1531,2,55,1,8
1532,2,55,2,9
1533,2,55,3,12
1534,2,55,4,33
1535,2,55,5,5
1536,2,56,0,23
1537,2,56,1,22
1538,2,56,2,25
1539,2,56,3,20
1540,2,56,4,14
1541,2,56,5,23
1542,2,57,0,20
1543,2,57,1,16
1544,2,57,2,14
1545,2,57,3,14
1546,2,57,4,27
1547,2,57,5,37
1548,2,58,0,20
1549,2,58,1,16
1550,2,58,2,14
1551,2,58,3,15
1552,2,58,4,16
1553,2,58,5,15
1554,2,59,0,11
1555,2,59,1,10
1556,2,59,2,9
1557,2,59,3,14
1558,2,59,4,12
1559,2,59,5,13
1560,2,60,0,25
1561,2,60,1,7
1562,2,60,2,10
1563,2,60,3,9
1564,2,60,4,7
1565,2,60,5,7
1566,2,61,0,18
1567,2,61,1,11
1568,2,61,2,22
1569,2,61,3,14
1570,2,61,4,10
1571,2,61,5,19
1572,2,62,0,17
1573,2,62,1,13
1574,2,62,2,47
1575,2,62,3,24
1576,2,62,4,18
1577,2,62,5,18
1578,2,63,0,18
1579,2,63,1,21
1580,2,63,2,15
1581,2,63,3,19
1582,2,63,4,15
1583,2,63,5,15
1584,2,64,0,10
1585,2,64,1,12
1586,2,64,2,15
1587,2,64,3,14
1588,2,64,4,15
1589,2,64,5,16
1590,2,65,0,22
1591,2,65,1,13
1592,2,65,2,9
1593,2,65,3,11
1594,2,65,4,7
1595,2,65,5,6
1596,2,66,0,8
1597,2,66,1,13
1598,2,66,2,15
1599,2,66,3,6
1600,2,66,4,6
1601,2,66,5,7
1602,2,67,0,8
1603,2,67,1,8
1604,2,67,2,8
1605,2,67,3,11
1606,2,67,4,14
1607,2,67,5,20
1608,2,68,0,10
1609,2,68,1,11
1610,2,68,2,19
1611,2,68,3,10
1612,2,68,4,16
1613,2,68,5,9
1614,2,69,0,15
1615,2,69,1,16
1616,2,69,2,10
1617,2,69,3,27
1618,2,69,4,60
1619,2,69,5,16
1620,2,70,0,11
1621,2,70,1,32
1622,2,70,2,14
1623,2,70,3,7
1624,2,70,4,14
1625,2,70,5,8
1626,2,71,0,10
1627,2,71,1,7
1628,2,71,2,11
1629,2,71,3,13
1630,2,71,4,12
1631,2,71,5,6
1632,2,72,0,10
1633,2,72,1,10
1634,2,72,2,7
1635,2,72,3,6
1636,2,72,4,8
1637,2,72,5,6
1638,2,73,0,5
1639,2,73,1,8
1640,2,73,2,5
1641,2,73,3,10
1642,2,73,4,9
1643,2,73,5,9
1644,2,74,0,10
1645,2,74,1,9
1646,2,74,2,7
1647,2,74,3,12
1648,2,74,4,8
1649,2,74,5,10
1650,2,75,0,10
1651,2,75,1,37
1652,2,75,2,13
1653,2,75,3,10
1654,2,75,4,9
1655,2,75,5,19
1656,2,76,0,13
1657,2,76,1,13
1658,2,76,2,11
1659,2,76,3,24
1660,2,76,4,20
1661,2,76,5,20
1662,2,77,0,8
1663,2,77,1,7
1664,2,77,2,10
1665,2,77,3,10
1666,2,77,4,7
1667,2,77,5,8
1668,2,78,0,5
1669,2,78,1,5
1670,2,78,2,5
1671,2,78,3,10
1672,2,78,4,5
1673,2,78,5,12
1674,2,79,0,10
1675,2,79,1,13
1676,2,79,2,16
1677,2,79,3,14
1678,2,79,4,15
1679,2,79,5,13
1680,2,80,0,16
1681,2,80,1,23
1682,2,80,2,7
1683,2,80,3,10
1684,2,80,4,7
1685,2,80,5,11
1686,2,81,0,8
1687,2,81,1,19
1688,2,81,2,29
1689,2,81,3,6
1690,2,81,4,12
1691,2,81,5,5
1692,2,82,0,7
1693,2,82,1,14
1694,2,82,2,14
1695,2,82,3,10
1696,2,82,4,9
1697,2,82,5,9
1698,2,83,0,11
1699,2,83,1,9
1700,2,83,2,6
1701,2,83,3,26
1702,2,83,4,7
1703,2,83,5,11
1704,2,84,0,29
1705,2,84,1,29
1706,2,84,2,18
1707,2,84,3,40
1708,2,84,4,25
1709,2,84,5,44
1710,2,85,0,10
1711,2,85,1,12
1712,2,85,2,13
1713,2,85,3,16
1714,2,85,4,24
1715,2,85,5,43
1716,2,86,0,24
1717,2,86,1,10
1718,2,86,2,16
1719,2,86,3,8
1720,2,86,4,10
1721,2,86,5,11
1722,2,87,0,12
1723,2,87,1,11
1724,2,87,2,16
1725,2,87,3,26
1726,2,87,4,16
1727,2,87,5,8
1728,2,88,0,10
1729,2,88,1,12
1730,2,88,2,15
1731,2,88,3,34
1732,2,88,4,15
1733,2,88,5,26
1734,2,89,0,33
1735,2,89,1,21
1736,2,89,2,41
1737,2,89,3,34
1738,2,89,4,40
1739,2,89,5,18
1740,2,90,0,20
1741,2,90,1,19
1742,2,90,2,27
1743,2,90,3,12
1744,2,90,4,34
1745,2,90,5,21
1746,2,91,0,11
1747,2,91,1,26
1748,2,91,2,31
1749,2,91,3,5
1750,2,91,4,5
1751,2,91,5,5
1752,2,92,0,11
1753,2,92,1,10
1754,2,92,2,10
1755,2,92,3,10
1756,2,92,4,10
1757,2,92,5,14
1758,2,93,0,11
1759,2,93,1,11
1760,2,93,2,10
1761,2,93,3,17
1762,2,93,4,9
1763,2,93,5,13
1764,2,94,0,30
1765,2,94,1,30
1766,2,94,2,33
1767,2,94,3,46
1768,2,94,4,13
1769,2,94,5,14
1770,2,95,0,9
1771,2,95,1,9
1772,2,95,2,8
1773,2,95,3,7
1774,2,95,4,7
1775,2,95,5,8
1776,2,96,0,27
1777,2,96,1,42
1778,2,96,2,24
1779,2,96,3,33
1780,2,96,4,17
1781,2,96,5,19
1782,2,97,0,15
1783,2,97,1,11
1784,2,97,2,21
1785,2,97,3,18
1786,2,97,4,9
1787,2,97,5,12
1788,2,98,0,15
1789,2,98,1,31
1790,2,98,2,9
1791,2,98,3,13
1792,2,98,4,17
1793,2,98,5,9
1794,2,99,0,7
1795,2,99,1,19
1796,2,99,2,7
1797,2,99,3,8
1798,2,99,4,11
1799,2,99,5,10
1800,3,0,0,16
1801,3,0,1,28
1802,3,0,2,16
1803,3,0,3,21
1804,3,0,4,17
1805,3,0,5,31
1806,3,1,0,29
1807,3,1,1,16
1808,3,1,2,36
1809,3,1,3,30
1810,3,1,4,32
1811,3,1,5,14
1812,3,2,0,7
1813,3,2,1,7
1814,3,2,2,7
1815,3,2,3,7
1816,3,2,4,7
1817,3,2,5,7
1818,3,3,0,9
1819,3,3,1,11
1820,3,3,2,11
1821,3,3,3,11
1822,3,3,4,9
1823,3,3,5,12
1824,3,4,0,11
1825,3,4,1,6
1826,3,4,2,6
1827,3,4,3,9
1828,3,4,4,8
1829,3,4,5,6
1830,3,5,0,47
1831,3,5,1,8
1832,3,5,2,14
1833,3,5,3,7
1834,3,5,4,20
1835,3,5,5,18
1836,3,6,0,14
1837,3,6,1,9
1838,3,6,2,13
1839,3,6,3,11
1840,3,6,4,13
1841,3,6,5,13
1842,3,7,0,9
1843,3,7,1,9
1844,3,7,2,9
1845,3,7,3,11
1846,3,7,4,9
1847,3,7,5,11
1848,3,8,0,8
1849,3,8,1,12
1850,3,8,2,10
1851,3,8,3,12
1852,3,8,4,19
1853,3,8,5,12
1854,3,9,0,15
1855,3,9,1,8
1856,3,9,2,11
1857,3,9,3,8
1858,3,9,4,11
1859,3,9,5,8
1860,3,10,0,5
1861,3,10,1,9
1862,3,10,2,7
1863,3,10,3,7
1864,3,10,4,7
1865,3,10,5,7
1866,3,11,0,26
1867,3,11,1,15
1868,3,11,2,12
1869,3,11,3,11
1870,3,11,4,7
1871,3,11,5,15
1872,3,12,0,23
1873,3,12,1,13
1874,3,12,2,12
1875,3,12,3,11
1876,3,12,4,9
1877,3,12,5,14
1878,3,13,0,18
1879,3,13,1,15
1880,3,13,2,19
1881,3,13,3,8
1882,3,13,4,8
1883,3,13,5,8
1884,3,14,0,14
1885,3,14,1,8
1886,3,14,2,18
1887,3,14,3,23
1888,3,14,4,16
1889,3,14,5,13
1890,3,15,0,7
1891,3,15,1,13
1892,3,15,2,9
1893,3,15,3,7
1894,3,15,4,10
1895,3,15,5,14
1896,3,16,0,18
1897,3,16,1,13
1898,3,16,2,14
1899,3,16,3,11
1900,3,16,4,17
1901,3,16,5,14
1902,3,17,0,7
1903,3,17,1,12
1904,3,17,2,7
1905,3,17,3,11
1906,3,17,4,6
1907,3,17,5,5
1908,3,18,0,15
1909,3,18,1,17
1910,3,18,2,11
1911,3,18,3,10
1912,3,18,4,11
1913,3,18,5,9
1914,3,19,0,13
1915,3,19,1,19
1916,3,19,2,21
1917,3,19,3,15
1918,3,19,4,21
1919,3,19,5,16
1920,3,20,0,18
1921,3,20,1,14
1922,3,20,2,8
1923,3,20,3,9
1924,3,20,4,8
1925,3,20,5,9
1926,3,21,0,22
1927,3,21,1,9
1928,3,21,2,7
1929,3,21,3,7
1930,3,21,4,9
1931,3,21,5,9
1932,3,22,0,14
1933,3,22,1,6
1934,3,22,2,12
1935,3,22,3,6
1936,3,22,4,10
1937,3,22,5,10
1938,3,23,0,17
1939,3,23,1,13
1940,3,23,2,16
1941,3,23,3,19
1942,3,23,4,16
1943,3,23,5,33
1944,3,24,0,32
1945,3,24,1,23
1946,3,24,2,13
1947,3,24,3,9
1948,3,24,4,7
1949,3,24,5,7
1950,3,25,0,13
1951,3,25,1,13
1952,3,25,2,13
1953,3,25,3,20
1954,3,25,4,21
1955,3,25,5,20
1956,3,26,0,11
1957,3,26,1,8
1958,3,26,2,7
1959,3,26,3,20
1960,3,26,4,8
1961,3,26,5,8
1962,3,27,0,26
1963,3,27,1,13
1964,3,27,2,15
1965,3,27,3,9
1966,3,27,4,7
1967,3,27,5,7
1968,3,28,0,20
1969,3,28,1,14
1970,3,28,2,11
1971,3,28,3,12
1972,3,28,4,12
1973,3,28,5,23
1974,3,29,0,22
1975,3,29,1,18
1976,3,29,2,14
1977,3,29,3,11
1978,3,29,4,13
1979,3,29,5,12
1980,3,30,0,6
1981,3,30,1,8
1982,3,30,2,6
1983,3,30,3,6
1984,3,30,4,6
1985,3,30,5,6
1986,3,31,0,12
1987,3,31,1,11
1988,3,31,2,7
1989,3,31,3,8
1990,3,31,4,12
1991,3,31,5,10
1992,3,32,0,15
1993,3,32,1,13
1994,3,32,2,14
1995,3,32,3,12
1996,3,32,4,11
1997,3,32,5,10
1998,3,33,0,20
1999,3,33,1,12
2000,3,33,2,12
2001,3,33,3,18
2002,3,33,4,11
2003,3,33,5,15
2004,3,34,0,9
2005,3,34,1,5
2006,3,34,2,5
2007,3,34,3,5
2008,3,34,4,5
2009,3,34,5,5
2010,3,35,0,7
2011,3,35,1,7
2012,3,35,2,5
2013,3,35,3,5
2014,3,35,4,5
2015,3,35,5,5
2016,3,36,0,6
2017,3,36,1,7
2018,3,36,2,6
2019,3,36,3,6
2020,3,36,4,8
2021,3,36,5,6
2022,3,37,0,9
2023,3,37,1,9
2024,3,37,2,9
2025,3,37,3,7
2026,3,37,4,7
2027,3,37,5,7
2028,3,38,0,33
2029,3,38,1,13
2030,3,38,2,15
2031,3,38,3,13
2032,3,38,4,14
2033,3,38,5,17
2034,3,39,0,9
2035,3,39,1,10
2036,3,39,2,14
2037,3,39,3,8
2038,3,39,4,8
2039,3,39,5,8
2040,3,40,0,9
2041,3,40,1,9
2042,3,40,2,11
2043,3,40,3,8
2044,3,40,4,12
2045,3,40,5,12
2046,3,41,0,11
2047,3,41,1,14
2048,3,41,2,10
2049,3,41,3,14
2050,3,41,4,8
2051,3,41,5,13
2052,3,42,0,20
2053,3,42,1,16
2054,3,42,2,11
2055,3,42,3,11
2056,3,42,4,16
2057,3,42,5,15
2058,3,43,0,5
2059,3,43,1,7
2060,3,43,2,5
2061,3,43,3,11
2062,3,43,4,6
2063,3,43,5,5
2064,3,44,0,13
2065,3,44,1,14
2066,3,44,2,16
2067,3,44,3,26
2068,3,44,4,11
2069,3,44,5,14
2070,3,45,0,8
2071,3,45,1,6
2072,3,45,2,6
2073,3,45,3,8
2074,3,45,4,6
2075,3,45,5,8
2076,3,46,0,51
2077,3,46,1,22
2078,3,46,2,21
2079,3,46,3,10
2080,3,46,4,26
2081,3,46,5,19
2082,3,47,0,6
2083,3,47,1,6
2084,3,47,2,5
2085,3,47,3,5
2086,3,47,4,5
2087,3,47,5,5
2088,3,48,0,8
2089,3,48,1,12
2090,3,48,2,11
2091,3,48,3,10
2092,3,48,4,7
2093,3,48,5,7
2094,3,49,0,16
2095,3,49,1,8
2096,3,49,2,19
2097,3,49,3,15
2098,3,49,4,9
2099,3,49,5,16
2100,3,50,0,14
2101,3,50,1,9
2102,3,50,2,10
2103,3,50,3,12
2104,3,50,4,7
2105,3,50,5,8
2106,3,51,0,10
2107,3,51,1,13
2108,3,51,2,13
2109,3,51,3,26
2110,3,51,4,17
2111,3,51,5,14
2112,3,52,0,11
2113,3,52,1,20
2114,3,52,2,24
2115,3,52,3,24
2116,3,52,4,24
2117,3,52,5,18
2118,3,53,0,18
2119,3,53,1,22
2120,3,53,2,14
2121,3,53,3,15
2122,3,53,4,17
2123,3,53,5,12
2124,3,54,0,16
2125,3,54,1,18
2126,3,54,2,20
2127,3,54,3,11
2128,3,54,4,15
2129,3,54,5,11
2130,3,55,0,27
2131,3,55,1,14
2132,3,55,2,8
2133,3,55,3,9
2134,3,55,4,9
2135,3,55,5,11
2136,3,56,0,14
2137,3,56,1,13
2138,3,56,2,11
2139,3,56,3,15
2140,3,56,4,10
2141,3,56,5,10
2142,3,57,0,19
2143,3,57,1,11
2144,3,57,2,11
2145,3,57,3,9
2146,3,57,4,11
2147,3,57,5,7
2148,3,58,0,10
2149,3,58,1,10
2150,3,58,2,16
2151,3,58,3,9
2152,3,58,4,8
2153,3,58,5,9
2154,3,59,0,10
2155,3,59,1,10
2156,3,59,2,10
2157,3,59,3,11
2158,3,59,4,9
2159,3,59,5,14
2160,3,60,0,14
2161,3,60,1,17
2162,3,60,2,25
2163,3,60,3,8
2164,3,60,4,10
2165,3,60,5,17
2166,3,61,0,18
2167,3,61,1,13
2168,3,61,2,9
2169,3,61,3,11
2170,3,61,4,14
2171,3,61,5,9
2172,3,62,0,15
2173,3,62,1,15
2174,3,62,2,13
2175,3,62,3,30
2176,3,62,4,16
2177,3,62,5,21
2178,3,63,0,17
2179,3,63,1,13
2180,3,63,2,23
2181,3,63,3,9
2182,3,63,4,10
2183,3,63,5,10
2184,3,64,0,10
2185,3,64,1,12
2186,3,64,2,15
2187,3,64,3,14
2188,3,64,4,15
2189,3,64,5,16
2190,3,65,0,18
2191,3,65,1,10
2192,3,65,2,9
2193,3,65,3,9
2194,3,65,4,6
2195,3,65,5,12
2196,3,66,0,10
2197,3,66,1,9
2198,3,66,2,12
2199,3,66,3,12
2200,3,66,4,13
2201,3,66,5,7
2202,3,67,0,7
2203,3,67,1,11
2204,3,67,2,6
2205,3,67,3,6
2206,3,67,4,13
2207,3,67,5,6
2208,3,68,0,10
2209,3,68,1,11
2210,3,68,2,19
2211,3,68,3,10
2212,3,68,4,16
2213,3,68,5,9
2214,3,69,0,9
2215,3,69,1,7
2216,3,69,2,5
2217,3,69,3,10
2218,3,69,4,5
2219,3,69,5,7
2220,3,70,0,12
2221,3,70,1,11
2222,3,70,2,17
2223,3,70,3,19
2224,3,70,4,13
2225,3,70,5,12
2226,3,71,0,10
2227,3,71,1,7
2228,3,71,2,11
2229,3,71,3,13
2230,3,71,4,12
2231,3,71,5,6
2232,3,72,0,8
2233,3,72,1,8
2234,3,72,2,9
2235,3,72,3,9
2236,3,72,4,8
2237,3,72,5,8
2238,3,73,0,6
2239,3,73,1,14
2240,3,73,2,7
2241,3,73,3,5
2242,3,73,4,5
2243,3,73,5,5
2244,3,74,0,8
2245,3,74,1,7
2246,3,74,2,8
2247,3,74,3,8
2248,3,74,4,11
2249,3,74,5,15
2250,3,75,0,15
2251,3,75,1,14
2252,3,75,2,7
2253,3,75,3,7
2254,3,75,4,15
2255,3,75,5,7
2256,3,76,0,13
2257,3,76,1,14
2258,3,76,2,9
2259,3,76,3,12
2260,3,76,4,13
2261,3,76,5,7
2262,3,77,0,7
2263,3,77,1,7
2264,3,77,2,7
2265,3,77,3,9
2266,3,77,4,7
2267,3,77,5,11
2268,3,78,0,7
2269,3,78,1,37
2270,3,78,2,16
2271,3,78,3,13
2272,3,78,4,22
2273,3,78,5,19
2274,3,79,0,8
2275,3,79,1,15
2276,3,79,2,16
2277,3,79,3,14
2278,3,79,4,17
2279,3,79,5,18
2280,3,80,0,16
2281,3,80,1,23
2282,3,80,2,7
2283,3,80,3,10
2284,3,80,4,7
2285,3,80,5,11
2286,3,81,0,9
2287,3,81,1,8
2288,3,81,2,16
2289,3,81,3,7
2290,3,81,4,9
2291,3,81,5,10
2292,3,82,0,9
2293,3,82,1,8
2294,3,82,2,27
2295,3,82,3,8
2296,3,82,4,17
2297,3,82,5,8
2298,3,83,0,12
2299,3,83,1,11
2300,3,83,2,7
2301,3,83,3,11
2302,3,83,4,7
2303,3,83,5,7
2304,3,84,0,18
2305,3,84,1,16
2306,3,84,2,15
2307,3,84,3,14
2308,3,84,4,15
2309,3,84,5,16
2310,3,85,0,15
2311,3,85,1,22
2312,3,85,2,14
2313,3,85,3,15
2314,3,85,4,13
2315,3,85,5,15
2316,3,86,0,16
2317,3,86,1,12
2318,3,86,2,12
2319,3,86,3,17
2320,3,86,4,14
2321,3,86,5,14
2322,3,87,0,6
2323,3,87,1,6
2324,3,87,2,6
2325,3,87,3,6
2326,3,87,4,6
2327,3,87,5,6
2328,3,88,0,12
2329,3,88,1,11
2330,3,88,2,16
2331,3,88,3,8
2332,3,88,4,10
2333,3,88,5,12
2334,3,89,0,6
2335,3,89,1,8
2336,3,89,2,9
2337,3,89,3,6
2338,3,89,4,7
2339,3,89,5,8
2340,3,90,0,14
2341,3,90,1,10
2342,3,90,2,9
2343,3,90,3,15
2344,3,90,4,9
2345,3,90,5,9
2346,3,91,0,12
2347,3,91,1,9
2348,3,91,2,7
2349,3,91,3,12
2350,3,91,4,13
2351,3,91,5,34
2352,3,92,0,22
2353,3,92,1,17
2354,3,92,2,19
2355,3,92,3,27
2356,3,92,4,17
2357,3,92,5,25
2358,3,93,0,5
2359,3,93,1,6
2360,3,93,2,5
2361,3,93,3,5
2362,3,93,4,5
2363,3,93,5,5
2364,3,94,0,8
2365,3,94,1,6
2366,3,94,2,8
2367,3,94,3,6
2368,3,94,4,9
2369,3,94,5,6
2370,3,95,0,9
2371,3,95,1,9
2372,3,95,2,8
2373,3,95,3,11
2374,3,95,4,7
2375,3,95,5,8
2376,3,96,0,6
2377,3,96,1,15
2378,3,96,2,7
2379,3,96,3,9
2380,3,96,4,6
2381,3,96,5,6
2382,3,97,0,5
2383,3,97,1,9
2384,3,97,2,5
2385,3,97,3,6
2386,3,97,4,5
2387,3,97,5,15
2388,3,98,0,16
2389,3,98,1,11
2390,3,98,2,11
2391,3,98,3,11
2392,3,98,4,14
2393,3,98,5,12
2394,3,99,0,14
2395,3,99,1,12
2396,3,99,2,15
2397,3,99,3,10
2398,3,99,4,11
2399,3,99,5,15
2400,4,0,0,44
2401,4,0,1,11
2402,4,0,2,11
2403,4,0,3,10
2404,4,0,4,15
2405,4,0,5,11
2406,4,1,0,34
2407,4,1,1,18
2408,4,1,2,23
2409,4,1,3,13
2410,4,1,4,17
2411,4,1,5,22
2412,4,2,0,12
2413,4,2,1,14
2414,4,2,2,11
2415,4,2,3,9
2416,4,2,4,13
2417,4,2,5,15
2418,4,3,0,25
2419,4,3,1,25
2420,4,3,2,10
2421,4,3,3,16
2422,4,3,4,11
2423,4,3,5,12
2424,4,4,0,47
2425,4,4,1,8
2426,4,4,2,11
2427,4,4,3,20
2428,4,4,4,23
2429,4,4,5,20
2430,4,5,0,40
2431,4,5,1,11
2432,4,5,2,33
2433,4,5,3,12
2434,4,5,4,10
2435,4,5,5,9
2436,4,6,0,11
2437,4,6,1,25
2438,4,6,2,18
2439,4,6,3,17
2440,4,6,4,54
2441,4,6,5,10
2442,4,7,0,18
2443,4,7,1,6
2444,4,7,2,8
2445,4,7,3,6
2446,4,7,4,6
2447,4,7,5,6
2448,4,8,0,9
2449,4,8,1,37
2450,4,8,2,16
2451,4,8,3,28
2452,4,8,4,20
2453,4,8,5,12
2454,4,9,0,15
2455,4,9,1,8
2456,4,9,2,11
2457,4,9,3,8
2458,4,9,4,11
2459,4,9,5,8
2460,4,10,0,13
2461,4,10,1,32
2462,4,10,2,12
2463,4,10,3,31
2464,4,10,4,10
2465,4,10,5,9
2466,4,11,0,12
2467,4,11,1,14
2468,4,11,2,9
2469,4,11,3,8
2470,4,11,4,6
2471,4,11,5,5
2472,4,12,0,34
2473,4,12,1,14
2474,4,12,2,22
2475,4,12,3,22
2476,4,12,4,16
2477,4,12,5,12
2478,4,13,0,5
2479,4,13,1,16
2480,4,13,2,31
2481,4,13,3,14
2482,4,13,4,9
2483,4,13,5,9
2484,4,14,0,10
2485,4,14,1,22
2486,4,14,2,12
2487,4,14,3,35
2488,4,14,4,13
2489,4,14,5,14
2490,4,15,0,12
2491,4,15,1,15
2492,4,15,2,16
2493,4,15,3,20
2494,4,15,4,10
2495,4,15,5,9
2496,4,16,0,27
2497,4,16,1,52
2498,4,16,2,27
2499,4,16,3,46
2500,4,16,4,60
2501,4,16,5,30
2502,4,17,0,24
2503,4,17,1,20
2504,4,17,2,8
2505,4,17,3,8
2506,4,17,4,26
2507,4,17,5,13
2508,4,18,0,13
2509,4,18,1,20
2510,4,18,2,22
2511,4,18,3,9
2512,4,18,4,9
2513,4,18,5,11
2514,4,19,0,20
2515,4,19,1,16
2516,4,19,2,12
2517,4,19,3,12
2518,4,19,4,29
2519,4,19,5,22
2520,4,20,0,13
2521,4,20,1,9
2522,4,20,2,13
2523,4,20,3,18
2524,4,20,4,13
2525,4,20,5,10
2526,4,21,0,25
2527,4,21,1,11
2528,4,21,2,9
2529,4,21,3,6
2530,4,21,4,6
2531,4,21,5,8
2532,4,22,0,14
2533,4,22,1,9
2534,4,22,2,6
2535,4,22,3,6
2536,4,22,4,6
2537,4,22,5,8
2538,4,23,0,24
2539,4,23,1,23
2540,4,23,2,14
2541,4,23,3,32
2542,4,23,4,20
2543,4,23,5,15
2544,4,24,0,32
2545,4,24,1,10
2546,4,24,2,13
2547,4,24,3,13
2548,4,24,4,9
2549,4,24,5,12
2550,4,25,0,14
2551,4,25,1,28
2552,4,25,2,27
2553,4,25,3,26
2554,4,25,4,17
2555,4,25,5,46
2556,4,26,0,11
2557,4,26,1,8
2558,4,26,2,7
2559,4,26,3,20
2560,4,26,4,8
2561,4,26,5,8
2562,4,27,0,13
2563,4,27,1,13
2564,4,27,2,18
2565,4,27,3,16
2566,4,27,4,17
2567,4,27,5,10
2568,4,28,0,25
2569,4,28,1,10
2570,4,28,2,18
2571,4,28,3,24
2572,4,28,4,12
2573,4,28,5,16
2574,4,29,0,11
2575,4,29,1,12
2576,4,29,2,16
2577,4,29,3,15
2578,4,29,4,16
2579,4,29,5,20
2580,4,30,0,6
2581,4,30,1,8
2582,4,30,2,6
2583,4,30,3,6
2584,4,30,4,6
2585,4,30,5,6
2586,4,31,0,28
2587,4,31,1,7
2588,4,31,2,15
2589,4,31,3,7
2590,4,31,4,12
2591,4,31,5,7
2592,4,32,0,11
2593,4,32,1,64
2594,4,32,2,13
2595,4,32,3,20
2596,4,32,4,41
2597,4,32,5,40
2598,4,33,0,25
2599,4,33,1,15
2600,4,33,2,16
2601,4,33,3,20
2602,4,33,4,24
2603,4,33,5,14
2604,4,34,0,19
2605,4,34,1,18
2606,4,34,2,9
2607,4,34,3,6
2608,4,34,4,6
2609,4,34,5,21
2610,4,35,0,7
2611,4,35,1,7
2612,4,35,2,5
2613,4,35,3,5
2614,4,35,4,5
2615,4,35,5,5
2616,4,36,0,5
2617,4,36,1,49
2618,4,36,2,7
2619,4,36,3,11
2620,4,36,4,9
2621,4,36,5,47
2622,4,37,0,11
2623,4,37,1,10
2624,4,37,2,7
2625,4,37,3,7
2626,4,37,4,7
2627,4,37,5,16
2628,4,38,0,18
2629,4,38,1,23
2630,4,38,2,9
2631,4,38,3,23
2632,4,38,4,12
2633,4,38,5,22
2634,4,39,0,8
2635,4,39,1,11
2636,4,39,2,23
2637,4,39,3,11
2638,4,39,4,13
2639,4,39,5,27
2640,4,40,0,9
2641,4,40,1,9
2642,4,40,2,11
2643,4,40,3,8
2644,4,40,4,12
2645,4,40,5,12
2646,4,41,0,15
2647,4,41,1,9
2648,4,41,2,10
2649,4,41,3,7
2650,4,41,4,7
2651,4,41,5,13
2652,4,42,0,12
2653,4,42,1,8
2654,4,42,2,13
2655,4,42,3,9
2656,4,42,4,30
2657,4,42,5,10
2658,4,43,0,5
2659,4,43,1,7
2660,4,43,2,5
2661,4,43,3,11
2662,4,43,4,6
2663,4,43,5,5
2664,4,44,0,13
2665,4,44,1,14
2666,4,44,2,20
2667,4,44,3,17
2668,4,44,4,13
2669,4,44,5,17
2670,4,45,0,14
2671,4,45,1,6
2672,4,45,2,8
2673,4,45,3,7
2674,4,45,4,10
2675,4,45,5,10
2676,4,46,0,11
2677,4,46,1,36
2678,4,46,2,39
2679,4,46,3,33
2680,4,46,4,6
2681,4,46,5,16
2682,4,47,0,6
2683,4,47,1,17
2684,4,47,2,15
2685,4,47,3,12
2686,4,47,4,26
2687,4,47,5,14
2688,4,48,0,9
2689,4,48,1,34
2690,4,48,2,14
2691,4,48,3,12
2692,4,48,4,5
2693,4,48,5,5
2694,4,49,0,9
2695,4,49,1,8
2696,4,49,2,20
2697,4,49,3,12
2698,4,49,4,9
2699,4,49,5,9
2700,4,50,0,16
2701,4,50,1,7
2702,4,50,2,10
2703,4,50,3,12
2704,4,50,4,7
2705,4,50,5,8
2706,4,51,0,10
2707,4,51,1,7
2708,4,51,2,11
2709,4,51,3,12
2710,4,51,4,23
2711,4,51,5,7
2712,4,52,0,11
2713,4,52,1,17
2714,4,52,2,10
2715,4,52,3,11
2716,4,52,4,30
2717,4,52,5,37
2718,4,53,0,18
2719,4,53,1,22
2720,4,53,2,17
2721,4,53,3,14
2722,4,53,4,15
2723,4,53,5,15
2724,4,54,0,19
2725,4,54,1,76
2726,4,54,2,17
2727,4,54,3,18
2728,4,54,4,20
2729,4,54,5,16
2730,4,55,0,17
2731,4,55,1,10
2732,4,55,2,25
2733,4,55,3,26
2734,4,55,4,16
2735,4,55,5,9
2736,4,56,0,23
2737,4,56,1,22
2738,4,56,2,25
2739,4,56,3,20
2740,4,56,4,14
2741,4,56,5,23
2742,4,57,0,20
2743,4,57,1,16
2744,4,57,2,14
2745,4,57,3,14
2746,4,57,4,27
2747,4,57,5,37
2748,4,58,0,20
2749,4,58,1,16
2750,4,58,2,14
2751,4,58,3,15
2752,4,58,4,16
2753,4,58,5,15
2754,4,59,0,18
2755,4,59,1,17
2756,4,59,2,29
2757,4,59,3,11
2758,4,59,4,40
2759,4,59,5,19
2760,4,60,0,25
2761,4,60,1,7
2762,4,60,2,10
2763,4,60,3,9
2764,4,60,4,7
2765,4,60,5,7
2766,4,61,0,18
2767,4,61,1,11
2768,4,61,2,22
2769,4,61,3,14
2770,4,61,4,10
2771,4,61,5,19
2772,4,62,0,17
2773,4,62,1,13
2774,4,62,2,47
2775,4,62,3,24
2776,4,62,4,18
2777,4,62,5,18
2778,4,63,0,18
2779,4,63,1,21
2780,4,63,2,15
2781,4,63,3,19
2782,4,63,4,15
2783,4,63,5,15
2784,4,64,0,10
2785,4,64,1,12
2786,4,64,2,15
2787,4,64,3,14
2788,4,64,4,15
2789,4,64,5,16
2790,4,65,0,22
2791,4,65,1,13
2792,4,65,2,9
2793,4,65,3,11
2794,4,65,4,7
2795,4,65,5,6
2796,4,66,0,8
2797,4,66,1,13
2798,4,66,2,15
2799,4,66,3,6
2800,4,66,4,6
2801,4,66,5,7
2802,4,67,0,8
2803,4,67,1,8
2804,4,67,2,8
2805,4,67,3,11
2806,4,67,4,14
2807,4,67,5,20
2808,4,68,0,10
2809,4,68,1,11
2810,4,68,2,19
2811,4,68,3,10
2812,4,68,4,16
2813,4,68,5,9
2814,4,69,0,11
2815,4,69,1,7
2816,4,69,2,11
2817,4,69,3,9
2818,4,69,4,12
2819,4,69,5,10
2820,4,70,0,20
2821,4,70,1,22
2822,4,70,2,14
2823,4,70,3,12
2824,4,70,4,8
2825,4,70,5,6
2826,4,71,0,10
2827,4,71,1,7
2828,4,71,2,11
2829,4,71,3,13
2830,4,71,4,12
2831,4,71,5,6
2832,4,72,0,10
2833,4,72,1,10
2834,4,72,2,7
2835,4,72,3,6
2836,4,72,4,8
2837,4,72,5,6
2838,4,73,0,5
2839,4,73,1,8
2840,4,73,2,5
2841,4,73,3,10
2842,4,73,4,9
2843,4,73,5,9
2844,4,74,0,8
2845,4,74,1,7
2846,4,74,2,8
2847,4,74,3,8
2848,4,74,4,11
2849,4,74,5,15
2850,4,75,0,10
2851,4,75,1,37
2852,4,75,2,13
2853,4,75,3,10
2854,4,75,4,9
2855,4,75,5,19
2856,4,76,0,13
2857,4,76,1,13
2858,4,76,2,9
2859,4,76,3,25
2860,4,76,4,21
2861,4,76,5,22
2862,4,77,0,8
2863,4,77,1,7
2864,4,77,2,10
2865,4,77,3,10
2866,4,77,4,7
2867,4,77,5,8
2868,4,78,0,11
2869,4,78,1,18
2870,4,78,2,12
2871,4,78,3,15
2872,4,78,4,17
2873,4,78,5,40
2874,4,79,0,10
2875,4,79,1,13
2876,4,79,2,16
2877,4,79,3,14
2878,4,79,4,15
2879,4,79,5,13
2880,4,80,0,16
2881,4,80,1,23
2882,4,80,2,7
2883,4,80,3,10
2884,4,80,4,7
2885,4,80,5,11
2886,4,81,0,37
2887,4,81,1,17
2888,4,81,2,10
2889,4,81,3,42
2890,4,81,4,13
2891,4,81,5,13
2892,4,82,0,7
2893,4,82,1,14
2894,4,82,2,14
2895,4,82,3,10
2896,4,82,4,9
2897,4,82,5,9
2898,4,83,0,7
2899,4,83,1,19
2900,4,83,2,21
2901,4,83,3,10
2902,4,83,4,10
2903,4,83,5,11
2904,4,84,0,26
2905,4,84,1,28
2906,4,84,2,26
2907,4,84,3,22
2908,4,84,4,22
2909,4,84,5,41
2910,4,85,0,14
2911,4,85,1,21
2912,4,85,2,16
2913,4,85,3,24
2914,4,85,4,23
2915,4,85,5,20
2916,4,86,0,24
2917,4,86,1,10
2918,4,86,2,16
2919,4,86,3,8
2920,4,86,4,10
2921,4,86,5,11
2922,4,87,0,12
2923,4,87,1,11
2924,4,87,2,16
2925,4,87,3,26
2926,4,87,4,16
2927,4,87,5,8
2928,4,88,0,41
2929,4,88,1,21
2930,4,88,2,22
2931,4,88,3,59
2932,4,88,4,23
2933,4,88,5,15
2934,4,89,0,16
2935,4,89,1,19
2936,4,89,2,9
2937,4,89,3,15
2938,4,89,4,52
2939,4,89,5,27
2940,4,90,0,7
2941,4,90,1,7
2942,4,90,2,6
2943,4,90,3,6
2944,4,90,4,9
2945,4,90,5,11
2946,4,91,0,11
2947,4,91,1,26
2948,4,91,2,31
2949,4,91,3,5
2950,4,91,4,5
2951,4,91,5,5
2952,4,92,0,11
2953,4,92,1,10
2954,4,92,2,10
2955,4,92,3,10
2956,4,92,4,10
2957,4,92,5,14
2958,4,93,0,8
2959,4,93,1,7
2960,4,93,2,19
2961,4,93,3,25
2962,4,93,4,19
2963,4,93,5,35
2964,4,94,0,8
2965,4,94,1,21
2966,4,94,2,12
2967,4,94,3,64
2968,4,94,4,26
2969,4,94,5,10
2970,4,95,0,25
2971,4,95,1,51
2972,4,95,2,13
2973,4,95,3,37
2974,4,95,4,32
2975,4,95,5,32
2976,4,96,0,6
2977,4,96,1,18
2978,4,96,2,6
2979,4,96,3,28
2980,4,96,4,15
2981,4,96,5,17
2982,4,97,0,5
2983,4,97,1,13
2984,4,97,2,7
2985,4,97,3,20
2986,4,97,4,24
2987,4,97,5,6
2988,4,98,0,13
2989,4,98,1,7
2990,4,98,2,10
2991,4,98,3,12
2992,4,98,4,11
2993,4,98,5,10
2994,4,99,0,7
2995,4,99,1,19
2996,4,99,2,7
2997,4,99,3,8
2998,4,99,4,11
2999,4,99,5,10
