,Replay type,Trial,Performance
0,0,0,273
1,0,1,61
2,0,2,27
3,0,3,116
4,0,4,30
5,0,5,19
6,0,6,22
7,0,7,12
8,0,8,6
9,0,9,7
10,0,10,6
11,0,11,6
12,0,12,6
13,0,13,6
14,0,14,6
15,0,15,6
16,0,16,6
17,0,17,6
18,0,18,6
19,0,19,6
20,0,20,6
21,0,21,6
22,0,22,6
23,0,23,6
24,0,24,6
25,0,25,199
26,0,26,355
27,0,27,494
28,0,28,63
29,0,29,38
30,0,30,10
31,0,31,27
32,0,32,31
33,0,33,11
34,0,34,73
35,0,35,8
36,0,36,7
37,0,37,6
38,0,38,6
39,0,39,6
40,0,40,6
41,0,41,6
42,0,42,6
43,0,43,6
44,0,44,6
45,0,45,6
46,0,46,6
47,0,47,6
48,0,48,6
49,0,49,6
50,1,0,273
51,1,1,61
52,1,2,8
53,1,3,20
54,1,4,7
55,1,5,7
56,1,6,10
57,1,7,8
58,1,8,6
59,1,9,7
60,1,10,9
61,1,11,8
62,1,12,7
63,1,13,9
64,1,14,10
65,1,15,6
66,1,16,11
67,1,17,6
68,1,18,17
69,1,19,6
70,1,20,6
71,1,21,8
72,1,22,14
73,1,23,8
74,1,24,11
75,1,25,1321
76,1,26,326
77,1,27,47
78,1,28,7
79,1,29,10
80,1,30,6
81,1,31,7
82,1,32,7
83,1,33,6
84,1,34,11
85,1,35,8
86,1,36,6
87,1,37,7
88,1,38,7
89,1,39,7
90,1,40,6
91,1,41,14
92,1,42,6
93,1,43,6
94,1,44,6
95,1,45,7
96,1,46,7
97,1,47,13
98,1,48,10
99,1,49,6
100,2,0,273
101,2,1,61
102,2,2,7
103,2,3,21
104,2,4,7
105,2,5,7
106,2,6,8
107,2,7,6
108,2,8,6
109,2,9,6
110,2,10,7
111,2,11,7
112,2,12,7
113,2,13,6
114,2,14,15
115,2,15,6
116,2,16,6
117,2,17,6
118,2,18,6
119,2,19,6
120,2,20,13
121,2,21,8
122,2,22,6
123,2,23,10
124,2,24,11
125,2,25,98
126,2,26,426
127,2,27,790
128,2,28,11
129,2,29,10
130,2,30,9
131,2,31,8
132,2,32,11
133,2,33,11
134,2,34,13
135,2,35,16
136,2,36,9
137,2,37,11
138,2,38,13
139,2,39,12
140,2,40,13
141,2,41,10
142,2,42,8
143,2,43,14
144,2,44,8
145,2,45,8
146,2,46,11
147,2,47,9
148,2,48,9
149,2,49,10
150,4,0,273
151,4,1,11
152,4,2,11
153,4,3,13
154,4,4,15
155,4,5,8
156,4,6,8
157,4,7,16
158,4,8,7
159,4,9,11
160,4,10,13
161,4,11,12
162,4,12,10
163,4,13,9
164,4,14,7
165,4,15,11
166,4,16,11
167,4,17,8
168,4,18,8
169,4,19,9
170,4,20,16
171,4,21,11
172,4,22,10
173,4,23,14
174,4,24,18
175,4,25,257
176,4,26,6
177,4,27,6
178,4,28,6
179,4,29,6
180,4,30,6
181,4,31,6
182,4,32,6
183,4,33,6
184,4,34,6
185,4,35,6
186,4,36,6
187,4,37,6
188,4,38,6
189,4,39,6
190,4,40,6
191,4,41,6
192,4,42,6
193,4,43,6
194,4,44,6
195,4,45,6
196,4,46,6
197,4,47,6
198,4,48,6
199,4,49,6
