,Replay type,Trial,Performance
0,0,0,83
1,0,1,51
2,0,2,62
3,0,3,93
4,0,4,37
5,0,5,23
6,0,6,16
7,0,7,13
8,0,8,6
9,0,9,6
10,0,10,6
11,0,11,6
12,0,12,6
13,0,13,6
14,0,14,6
15,0,15,6
16,0,16,6
17,0,17,6
18,0,18,6
19,0,19,6
20,0,20,6
21,0,21,6
22,0,22,6
23,0,23,6
24,0,24,6
25,0,25,161
26,0,26,83
27,0,27,133
28,0,28,6
29,0,29,6
30,0,30,6
31,0,31,6
32,0,32,6
33,0,33,6
34,0,34,6
35,0,35,6
36,0,36,6
37,0,37,6
38,0,38,6
39,0,39,6
40,0,40,6
41,0,41,6
42,0,42,6
43,0,43,6
44,0,44,6
45,0,45,6
46,0,46,6
47,0,47,6
48,0,48,6
49,0,49,6
50,1,0,83
51,1,1,10
52,1,2,9
53,1,3,13
54,1,4,11
55,1,5,13
56,1,6,15
57,1,7,11
58,1,8,14
59,1,9,11
60,1,10,20
61,1,11,9
62,1,12,11
63,1,13,14
64,1,14,8
65,1,15,18
66,1,16,11
67,1,17,10
68,1,18,11
69,1,19,11
70,1,20,11
71,1,21,9
72,1,22,11
73,1,23,7
74,1,24,19
75,1,25,218
76,1,26,8
77,1,27,9
78,1,28,8
79,1,29,7
80,1,30,7
81,1,31,7
82,1,32,7
83,1,33,8
84,1,34,7
85,1,35,7
86,1,36,9
87,1,37,7
88,1,38,7
89,1,39,7
90,1,40,9
91,1,41,7
92,1,42,9
93,1,43,7
94,1,44,7
95,1,45,9
96,1,46,8
97,1,47,8
98,1,48,7
99,1,49,9
100,2,0,83
101,2,1,10
102,2,2,9
103,2,3,13
104,2,4,11
105,2,5,13
106,2,6,15
107,2,7,11
108,2,8,14
109,2,9,11
110,2,10,20
111,2,11,9
112,2,12,11
113,2,13,14
114,2,14,8
115,2,15,18
116,2,16,11
117,2,17,10
118,2,18,11
119,2,19,11
120,2,20,11
121,2,21,9
122,2,22,11
123,2,23,7
124,2,24,19
125,2,25,218
126,2,26,8
127,2,27,9
128,2,28,8
129,2,29,7
130,2,30,7
131,2,31,7
132,2,32,7
133,2,33,8
134,2,34,7
135,2,35,7
136,2,36,9
137,2,37,7
138,2,38,7
139,2,39,7
140,2,40,9
141,2,41,7
142,2,42,9
143,2,43,7
144,2,44,7
145,2,45,9
146,2,46,8
147,2,47,8
148,2,48,7
149,2,49,9
150,3,0,83
151,3,1,50
152,3,2,49
153,3,3,19
154,3,4,16
155,3,5,14
156,3,6,15
157,3,7,20
158,3,8,15
159,3,9,21
160,3,10,18
161,3,11,11
162,3,12,12
163,3,13,11
164,3,14,29
165,3,15,15
166,3,16,18
167,3,17,11
168,3,18,14
169,3,19,13
170,3,20,14
171,3,21,17
172,3,22,14
173,3,23,13
174,3,24,12
175,3,25,261
176,3,26,9
177,3,27,5
178,3,28,5
179,3,29,5
180,3,30,5
181,3,31,5
182,3,32,5
183,3,33,5
184,3,34,5
185,3,35,5
186,3,36,5
187,3,37,5
188,3,38,5
189,3,39,5
190,3,40,5
191,3,41,5
192,3,42,5
193,3,43,5
194,3,44,5
195,3,45,5
196,3,46,5
197,3,47,5
198,3,48,5
199,3,49,5
200,4,0,83
201,4,1,10
202,4,2,9
203,4,3,13
204,4,4,11
205,4,5,13
206,4,6,15
207,4,7,11
208,4,8,14
209,4,9,11
210,4,10,20
211,4,11,9
212,4,12,11
213,4,13,14
214,4,14,8
215,4,15,18
216,4,16,11
217,4,17,10
218,4,18,11
219,4,19,11
220,4,20,11
221,4,21,9
222,4,22,11
223,4,23,7
224,4,24,19
225,4,25,117
226,4,26,7
227,4,27,8
228,4,28,7
229,4,29,7
230,4,30,7
231,4,31,7
232,4,32,8
233,4,33,7
234,4,34,7
235,4,35,7
236,4,36,7
237,4,37,7
238,4,38,7
239,4,39,7
240,4,40,7
241,4,41,7
242,4,42,7
243,4,43,7
244,4,44,7
245,4,45,7
246,4,46,7
247,4,47,7
248,4,48,7
249,4,49,7
