,Replay type,Trial,Mean,STD,Q1,Q2,Q3
0,0,0,12.46,9.504125420047863,6.0,9.5,15.0
1,0,1,9.87,6.4384081883645745,5.0,8.0,13.0
2,0,2,8.2,7.212489168102786,4.0,6.0,9.0
3,0,3,7.24,5.228996079554852,4.0,5.0,8.0
4,0,4,6.19,3.79129265554639,4.0,5.0,7.0
5,0,5,5.63,2.4562369592529136,4.0,5.0,7.0
6,1,0,14.3,11.846096403457132,7.0,11.0,16.0
7,1,1,13.53,11.130548054790474,7.0,10.0,15.25
8,1,2,13.25,9.968324834193558,7.0,10.0,17.25
9,1,3,10.77,6.988354598902377,6.0,8.0,14.0
10,1,4,11.44,9.51033122451579,6.0,8.0,13.0
11,1,5,11.02,8.002474617266836,6.0,8.0,13.25
12,2,0,13.57,10.631326351871623,7.0,10.5,15.25
13,2,1,13.95,11.844302427749808,7.0,10.0,17.0
14,2,2,12.47,8.96711213267683,6.0,10.0,16.25
15,2,3,11.51,10.494279394031778,5.75,8.0,14.0
16,2,4,10.4,6.897825744392214,6.0,8.0,12.25
17,2,5,10.12,7.318852369053498,6.0,8.0,12.0
18,3,0,12.73,9.561229000499884,6.0,9.0,15.0
19,3,1,11.01,9.604681150355798,5.75,8.0,13.0
20,3,2,10.96,7.8267745591654805,6.0,8.0,14.25
21,3,3,9.57,8.346562166544977,5.0,7.0,11.0
22,3,4,7.68,4.190178993790123,5.0,7.0,9.0
23,3,5,8.54,5.715627699561965,4.0,7.0,10.25
24,4,0,13.69,11.247839792600178,6.75,11.0,15.25
25,4,1,13.78,14.740135684585809,6.0,8.0,17.0
26,4,2,13.0,8.823831367382311,7.0,10.0,17.25
27,4,3,10.98,8.961004407989096,5.0,8.0,13.25
28,4,4,12.47,9.859467531261515,6.0,9.5,15.0
29,4,5,11.49,8.380328155865973,6.0,9.0,14.25
