,Replay type,Trial,Mean,STD,Q1,Q2,Q3
0,0,0,15.13,9.808827656758988,7.75,11.5,19.25
1,0,1,12.05,7.949056547792323,6.75,10.0,14.0
2,0,2,10.12,6.7635493640543505,5.0,8.0,13.0
3,0,3,8.4,5.236410984634419,5.0,7.0,9.0
4,0,4,7.84,4.293530016198791,5.0,6.0,9.0
5,0,5,7.28,3.487348563020335,5.0,6.0,8.0
6,1,0,17.62,11.186402460129887,9.0,15.0,24.25
7,1,1,15.36,9.310767959733504,8.0,13.0,22.0
8,1,2,17.15,12.662049597122891,8.0,13.0,21.5
9,1,3,16.21,12.407493703403599,9.0,14.0,18.0
10,1,4,15.08,13.077981495628446,8.0,12.0,17.0
11,1,5,14.53,11.152089490315257,7.75,11.0,18.0
12,2,0,18.99,13.252543152165172,9.0,15.0,26.0
13,2,1,15.47,9.170010905118925,8.0,13.0,21.25
14,2,2,16.61,12.208107961514758,8.0,12.0,21.25
15,2,3,16.67,13.951383443945621,8.0,13.0,19.0
16,2,4,14.39,10.679789323764773,8.0,11.0,18.0
17,2,5,13.66,10.853773537346354,7.0,10.5,17.0
18,3,0,15.49,9.473642382948599,8.0,13.0,21.0
19,3,1,14.29,9.143626195334104,8.0,12.0,18.0
20,3,2,13.51,9.525224406805334,8.0,11.0,16.25
21,3,3,12.71,8.476196080790015,8.0,11.0,14.25
22,3,4,11.96,8.519295745541413,7.0,10.0,14.0
23,3,5,10.43,5.57898736331245,6.0,9.0,12.25
24,4,0,17.96,11.25248417017327,9.75,14.0,24.25
25,4,1,15.19,9.352748259201677,8.0,12.5,21.25
26,4,2,16.18,10.739068860939481,7.0,14.0,21.0
27,4,3,15.18,11.869608249643287,9.0,13.0,18.25
28,4,4,14.81,10.425636671206222,8.0,13.0,18.0
29,4,5,15.32,12.591171510228904,7.75,11.5,17.0
