,Unnamed: 0,Replay type,Trial,Mean,STD,Q1,Q2,Q3
0,0,0,0,114.6,100.63518271459542,43.75,82.5,164.5
1,1,0,1,92.66,80.6397197415765,31.75,72.5,115.75
2,2,0,2,78.07,60.1932313470543,33.0,59.5,106.25
3,3,0,3,63.24,51.07565369136258,30.75,46.0,79.5
4,4,0,4,53.63,43.5083107003708,25.0,38.5,69.5
5,5,0,5,51.9,39.5829508753453,25.75,39.0,72.0
6,6,0,6,40.73,28.653744955939,19.75,30.5,54.0
7,7,0,7,35.92,29.89939129815187,17.0,25.0,44.25
8,8,0,8,33.09,22.96784491414029,17.75,26.0,43.0
9,9,0,9,30.47,22.60772213205037,15.75,23.0,37.5
10,10,0,10,28.36,14.899342267362005,17.0,24.5,37.0
11,11,0,11,22.96,15.772076591241875,12.0,17.0,28.0
12,12,0,12,23.68,20.664888095511184,11.0,17.0,27.0
13,13,0,13,22.31,17.38199930963064,12.0,18.0,25.25
14,14,0,14,18.78,9.203890481747381,12.0,17.5,23.0
15,15,0,15,21.49,15.378878372625232,10.75,16.0,30.0
16,16,0,16,18.96,15.920376879961102,9.0,13.0,22.0
17,17,0,17,15.55,10.082038484354245,9.0,14.0,17.0
18,18,0,18,15.67,10.055898766395769,9.0,12.0,19.0
19,19,0,19,15.71,10.69419936227112,9.0,13.0,18.25
20,20,0,20,15.07,9.339437884583845,9.0,11.0,18.0
21,21,0,21,13.44,6.744360607203622,9.0,12.0,16.0
22,22,0,22,12.79,7.3990472359622075,8.0,10.5,14.0
23,23,0,23,14.98,10.586765322798083,8.0,11.5,17.0
24,24,0,24,14.01,10.12274172346603,8.0,11.0,14.0
50,50,1,0,114.6,100.63518271459542,43.75,82.5,164.5
51,51,1,1,58.75,76.21566440043674,17.75,31.0,68.25
52,52,1,2,47.93,60.35300406773469,15.75,26.0,49.0
53,53,1,3,50.86,116.20834909764444,13.75,21.0,42.5
54,54,1,4,59.66,114.09278855387838,15.0,22.0,39.75
55,55,1,5,61.95,125.30142656809618,15.0,23.0,57.25
56,56,1,6,55.73,122.36109308109337,14.0,23.0,48.25
57,57,1,7,37.82,47.36124576064274,13.0,19.5,31.0
58,58,1,8,49.06,89.19807397023773,14.0,20.0,36.0
59,59,1,9,35.57,43.29555519911946,14.0,20.0,33.25
60,60,1,10,52.55,97.19592326841698,13.0,19.5,37.75
61,61,1,11,35.27,50.35213103732553,14.0,20.0,38.25
62,62,1,12,37.48,50.667638587169215,14.0,24.0,36.0
63,63,1,13,36.19,67.91858287685338,14.0,18.5,33.0
64,64,1,14,42.63,75.40340244312586,13.0,21.5,37.25
65,65,1,15,24.94,31.200583327880267,12.0,16.5,26.25
66,66,1,16,23.49,19.924103493005653,14.0,17.0,27.25
67,67,1,17,23.98,19.312679772626065,12.75,18.5,27.0
68,68,1,18,27.69,33.68284281351561,13.0,17.5,29.0
69,69,1,19,27.17,34.91877861552434,12.0,17.0,27.0
70,70,1,20,29.16,35.007633453291305,13.0,19.0,31.0
71,71,1,21,23.97,18.092238667450744,13.0,20.0,26.0
72,72,1,22,31.87,78.40735360921192,12.75,16.5,29.5
73,73,1,23,25.31,22.713297867108594,12.0,17.0,31.25
74,74,1,24,28.95,43.79323577905611,13.75,17.5,30.25
100,100,2,0,114.6,100.63518271459542,43.75,82.5,164.5
101,101,2,1,56.85,75.38532682160367,17.75,31.0,62.25
102,102,2,2,39.26,44.42738344759908,16.0,22.5,39.25
103,103,2,3,52.61,95.24115654484673,13.0,21.0,45.25
104,104,2,4,65.31,146.91076849570968,14.75,22.0,42.0
105,105,2,5,44.63,57.7895587455035,13.0,23.0,48.0
106,106,2,6,38.37,52.730760472422546,14.0,18.0,43.0
107,107,2,7,35.08,56.43096313195443,11.75,19.0,35.25
108,108,2,8,54.43,97.7647436451403,14.0,20.5,36.5
109,109,2,9,45.71,71.75350792818425,13.0,20.5,38.5
110,110,2,10,51.31,188.93409935742145,14.0,18.0,31.5
111,111,2,11,36.42,45.97111701927636,13.0,23.5,38.25
112,112,2,12,46.71,94.23664839116468,13.75,20.0,35.75
113,113,2,13,44.92,66.41335407882966,12.0,23.0,38.0
114,114,2,14,32.76,45.36278651053085,13.0,18.0,32.5
115,115,2,15,37.99,63.29699755912598,12.0,17.5,31.75
116,116,2,16,31.91,37.19733727029396,12.0,18.5,34.25
117,117,2,17,33.12,66.2844295441999,12.0,18.0,33.5
118,118,2,18,33.43,39.899938596443974,12.0,19.0,36.5
119,119,2,19,30.4,29.119065919084697,13.75,21.0,34.0
120,120,2,20,48.83,128.503311630479,12.0,19.5,35.75
121,121,2,21,34.78,46.83066943788013,14.75,19.5,32.75
122,122,2,22,32.63,41.78843260999388,12.0,20.0,31.25
123,123,2,23,37.87,66.83511876251886,13.0,19.0,31.25
124,124,2,24,31.32,27.08537612808801,13.0,23.5,38.25
150,150,4,0,114.6,100.63518271459542,43.75,82.5,164.5
151,151,4,1,71.63,233.48381764053798,15.0,22.5,40.0
152,152,4,2,51.79,191.00341855579444,14.0,21.0,32.0
153,153,4,3,59.68,173.50509387334995,13.0,20.0,33.5
154,154,4,4,75.96,238.26090405267917,12.0,18.0,28.25
155,155,4,5,83.97,281.14898025779854,12.0,17.5,34.5
156,156,4,6,104.91,377.5929579586992,12.0,19.0,38.75
157,157,4,7,139.64,475.4969720198017,13.0,20.0,30.75
158,158,4,8,73.61,196.7849534390269,12.0,19.5,30.0
159,159,4,9,47.61,104.59119418000735,13.0,18.0,30.25
160,160,4,10,81.96,275.5789150134676,12.0,18.5,32.5
161,161,4,11,93.82,268.75317226034747,13.0,19.0,37.0
162,162,4,12,88.38,395.8507996707849,13.0,19.0,31.0
163,163,4,13,65.31,161.71306038783638,11.75,18.0,32.0
164,164,4,14,81.7,230.1458016128037,12.0,19.0,33.0
165,165,4,15,90.9,369.83789692242203,14.0,20.0,35.0
166,166,4,16,117.67,416.22835210975234,12.0,18.5,31.0
167,167,4,17,76.04,226.34499861936428,11.75,15.5,32.0
168,168,4,18,101.06,340.54620303271633,12.0,17.0,30.0
169,169,4,19,95.81,427.79788907847586,11.0,16.5,24.25
170,170,4,20,69.39,211.240474104751,11.0,16.0,29.5
171,171,4,21,115.03,359.28808649884286,13.0,17.5,34.25
172,172,4,22,156.65,507.2198019596632,14.0,21.0,36.5
173,173,4,23,149.16,445.2968160676651,12.0,17.5,41.25
174,174,4,24,120.06,527.2426541925454,13.0,17.0,27.0
