,Replay type,Trial,Performance
0,0,0,273
1,0,1,61
2,0,2,27
3,0,3,116
4,0,4,30
5,0,5,19
6,0,6,22
7,0,7,12
8,0,8,6
9,0,9,7
10,0,10,6
11,0,11,6
12,0,12,6
13,0,13,6
14,0,14,6
15,0,15,6
16,0,16,6
17,0,17,6
18,0,18,6
19,0,19,6
20,0,20,6
21,0,21,6
22,0,22,6
23,0,23,6
24,0,24,6
50,1,0,273
51,1,1,61
52,1,2,8
53,1,3,20
54,1,4,7
55,1,5,7
56,1,6,10
57,1,7,8
58,1,8,6
59,1,9,7
60,1,10,9
61,1,11,8
62,1,12,7
63,1,13,9
64,1,14,10
65,1,15,6
66,1,16,11
67,1,17,6
68,1,18,17
69,1,19,6
70,1,20,6
71,1,21,8
72,1,22,14
73,1,23,8
74,1,24,11
100,2,0,273
101,2,1,61
102,2,2,7
103,2,3,21
104,2,4,7
105,2,5,7
106,2,6,8
107,2,7,6
108,2,8,6
109,2,9,6
110,2,10,7
111,2,11,7
112,2,12,7
113,2,13,6
114,2,14,15
115,2,15,6
116,2,16,6
117,2,17,6
118,2,18,6
119,2,19,6
120,2,20,13
121,2,21,8
122,2,22,6
123,2,23,10
124,2,24,11
150,4,0,273
151,4,1,11
152,4,2,11
153,4,3,13
154,4,4,15
155,4,5,8
156,4,6,8
157,4,7,16
158,4,8,7
159,4,9,11
160,4,10,13
161,4,11,12
162,4,12,10
163,4,13,9
164,4,14,7
165,4,15,11
166,4,16,11
167,4,17,8
168,4,18,8
169,4,19,9
170,4,20,16
171,4,21,11
172,4,22,10
173,4,23,14
174,4,24,18
