,Replay type,Individual,Mean,STD
0,0,0,31.66,99.98492086309811
1,0,1,23.4,53.35203838655093
2,0,2,37.98,81.72600320583406
3,0,3,25.28,50.426596157186744
4,0,4,33.04,95.21700688427464
5,0,5,29.56,35.224514191114125
6,0,6,26.04,39.0814329317644
7,0,7,31.32,78.6044375337678
8,0,8,45.72,173.78044078664323
9,0,9,9.9,12.221702009131134
10,0,10,31.82,59.08931883174825
11,0,11,50.02,129.71684393323793
12,0,12,38.66,125.99628724688674
13,0,13,27.66,67.3574375997187
14,0,14,71.76,367.3981796362089
15,0,15,27.22,81.43544437160033
16,0,16,30.52,59.90033055000615
17,0,17,30.72,81.67105729693965
18,0,18,34.52,84.03171782130842
19,0,19,23.86,45.75150707900234
20,0,20,38.46,108.9602147574976
21,0,21,30.38,89.55085482562404
22,0,22,18.86,24.88293391061431
23,0,23,66.34,249.43621308863723
24,0,24,46.16,142.5778888888456
25,0,25,64.06,113.31044259025734
26,0,26,48.0,130.1559065121518
27,0,27,43.92,126.3335014950508
28,0,28,24.4,45.84190222929237
29,0,29,45.8,111.42441384185068
30,0,30,38.66,84.54788229163404
31,0,31,24.84,74.79822457786022
32,0,32,52.98,133.93259349389155
33,0,33,35.08,84.4354996432188
34,0,34,32.54,73.4076862460601
35,0,35,36.28,73.29011938863245
36,0,36,33.36,68.23716289530213
37,0,37,20.06,46.89111216424707
38,0,38,43.82,102.96964407047348
39,0,39,29.22,67.3558579486595
40,0,40,34.08,79.37955404258709
41,0,41,33.38,103.11059887324872
42,0,42,46.88,129.52940052358773
43,0,43,44.14,165.1079658889903
44,0,44,39.36,121.29827039162593
45,0,45,24.62,47.22325274692544
46,0,46,42.16,117.79293017834298
47,0,47,58.38,158.99885408392112
48,0,48,27.32,60.89677823990361
49,0,49,31.98,95.70715542737648
50,0,50,36.18,85.31440441097861
51,0,51,48.74,123.98835590489938
52,0,52,35.68,89.12428176428692
53,0,53,24.38,57.41041368950415
54,0,54,36.62,84.84571645050798
55,0,55,73.5,269.0222481505944
56,0,56,35.48,87.4311706429692
57,0,57,47.7,136.48593334113224
58,0,58,73.44,237.68417364225155
59,0,59,43.26,135.88595365231825
60,0,60,43.54,120.22166360519226
61,0,61,27.72,59.99567984446876
62,0,62,21.2,42.67505125948883
63,0,63,53.74,155.69763132430757
64,0,64,45.58,132.41723301745887
65,0,65,42.0,82.37960912750194
66,0,66,22.08,32.67466296689227
67,0,67,24.88,72.96975811937433
68,0,68,22.0,49.2284470606173
69,0,69,36.4,55.75410298803127
70,0,70,38.72,109.04036683724055
71,0,71,42.9,163.36661225599315
72,0,72,42.06,123.38094018121281
73,0,73,70.58,225.91848884055506
74,0,74,71.62,236.1584120881575
75,0,75,44.1,168.9777796043019
76,0,76,24.44,42.810821061969826
77,0,77,46.32,144.5052857164748
78,0,78,53.46,137.5109028404657
79,0,79,53.36,155.11334694345288
80,0,80,25.44,56.76553884180083
81,0,81,37.72,68.21789794474759
82,0,82,31.7,87.87291960553033
83,0,83,20.88,53.91535588308766
84,0,84,29.16,77.92595459793863
85,0,85,22.28,44.5093428394534
86,0,86,31.72,90.9287721241192
87,0,87,36.82,117.69531681422158
88,0,88,43.72,125.94713811754515
89,0,89,42.1,161.09379255576542
90,0,90,38.06,88.48557170522213
91,0,91,19.42,29.034524277142904
92,0,92,36.26,61.74230640330826
93,0,93,33.68,89.8083381429586
94,0,94,36.26,82.8813151440058
95,0,95,49.66,129.08688701800816
96,0,96,45.06,155.98530828254303
97,0,97,29.16,48.719343181122625
98,0,98,33.52,66.00219390293024
99,0,99,31.26,84.46178070583166
100,1,0,22.32,76.27461963195884
101,1,1,26.66,20.846687986344495
102,1,2,12.08,16.070892943455252
103,1,3,57.78,281.61663942317045
104,1,4,21.58,52.21229357153352
105,1,5,17.82,12.085842957775016
106,1,6,49.96,271.65809098939064
107,1,7,45.84,238.1466237426011
108,1,8,34.9,176.4282573739252
109,1,9,15.78,31.98580310075081
110,1,10,16.2,21.38130024109852
111,1,11,21.22,54.740219217683055
112,1,12,18.38,32.64101101375387
113,1,13,62.02,310.89917915620174
114,1,14,17.84,33.26942139562999
115,1,15,20.32,13.609467293028043
116,1,16,19.74,39.99340445623504
117,1,17,15.74,30.33731036199484
118,1,18,17.28,37.513219003439325
119,1,19,57.52,307.66626334390304
120,1,20,18.28,21.380402241305
121,1,21,51.04,276.76552964558283
122,1,22,14.66,17.790570536101416
123,1,23,66.02,343.4688626353197
124,1,24,28.0,109.09060454502945
125,1,25,14.9,22.61172262345351
126,1,26,13.42,37.86612734357714
127,1,27,19.6,53.159759216911404
128,1,28,24.92,60.75881499831935
129,1,29,18.16,16.054108508416153
130,1,30,46.88,240.32408451921748
131,1,31,40.36,192.29204455723075
132,1,32,18.88,54.72171049958144
133,1,33,19.5,42.39870281034551
134,1,34,19.12,20.40748882150864
135,1,35,15.0,18.897618897628348
136,1,36,40.38,180.96440423464492
137,1,37,37.84,202.92839722424262
138,1,38,18.96,45.8759021709655
139,1,39,42.38,164.05290488132167
140,1,40,40.12,212.28986221673426
141,1,41,24.5,23.170023737579555
142,1,42,62.86,351.01350458351317
143,1,43,17.48,18.61637988439213
144,1,44,15.52,33.366594072515106
145,1,45,48.66,200.2355223230883
146,1,46,17.92,32.76390697093373
147,1,47,16.18,20.405577668862996
148,1,48,18.92,48.652580609871045
149,1,49,40.12,139.10278789441998
150,1,50,18.36,23.1039044319353
151,1,51,33.7,114.32729332928335
152,1,52,16.36,35.24585649406184
153,1,53,21.7,55.77284285384783
154,1,54,17.44,35.11646907079355
155,1,55,57.96,323.03213214787166
156,1,56,18.84,53.49630267597939
157,1,57,36.12,140.29905773026414
158,1,58,15.84,18.357951955487838
159,1,59,19.84,46.945653685937735
160,1,60,27.06,108.36667568953101
161,1,61,16.32,51.63349300599371
162,1,62,16.24,19.969536799835893
163,1,63,19.52,71.1590444005539
164,1,64,23.7,18.933832153053437
165,1,65,20.96,26.569877681314228
166,1,66,22.84,62.816672945962374
167,1,67,37.14,148.7068270120777
168,1,68,22.94,97.31914713970731
169,1,69,16.12,37.07432534787382
170,1,70,25.64,69.68091847844714
171,1,71,22.46,29.093786278172864
172,1,72,14.86,12.412912631610682
173,1,73,23.5,68.20271255602668
174,1,74,14.12,37.00358901512122
175,1,75,20.06,74.47587797401249
176,1,76,75.34,446.5257264704912
177,1,77,34.38,141.26186888187482
178,1,78,30.98,81.50594824919222
179,1,79,15.74,9.862677121349964
180,1,80,15.26,25.861794214632507
181,1,81,34.34,35.140068298169254
182,1,82,27.92,117.65013217162151
183,1,83,89.08,517.3662084056127
184,1,84,18.44,45.386412063524034
185,1,85,23.02,72.76276245443131
186,1,86,45.36,231.47075495621473
187,1,87,86.34,499.923218504602
188,1,88,67.82,349.46196874624286
189,1,89,57.0,291.2466995521151
190,1,90,15.06,29.421359587891235
191,1,91,13.86,11.730319688738236
192,1,92,14.5,5.277309920783504
193,1,93,26.76,94.7927338987541
194,1,94,17.92,54.44036737568917
195,1,95,14.46,15.2121135941065
196,1,96,21.2,44.79017749462486
197,1,97,24.14,23.893940654483934
198,1,98,42.64,192.69413691132374
199,1,99,32.62,135.23030577500003
200,2,0,22.32,76.27461963195884
201,2,1,26.66,20.846687986344495
202,2,2,12.08,16.070892943455252
203,2,3,27.1,68.63330095514857
204,2,4,21.58,52.21229357153352
205,2,5,26.64,19.0984397268468
206,2,6,49.96,271.65809098939064
207,2,7,30.66,130.99215396351036
208,2,8,54.0,308.2167419203571
209,2,9,15.78,31.98580310075081
210,2,10,16.2,21.38130024109852
211,2,11,21.22,54.740219217683055
212,2,12,18.38,32.646525083077385
213,2,13,62.02,310.89917915620174
214,2,14,17.84,33.26942139562999
215,2,15,26.56,35.965071944874516
216,2,16,19.74,39.99340445623504
217,2,17,15.74,30.33731036199484
218,2,18,17.28,37.513219003439325
219,2,19,67.32,355.4345756957249
220,2,20,18.28,21.380402241305
221,2,21,51.04,276.76552964558283
222,2,22,14.66,17.790570536101416
223,2,23,48.86,208.71272218051303
224,2,24,28.0,109.09060454502945
225,2,25,14.9,22.625870149013036
226,2,26,13.42,37.86612734357714
227,2,27,19.6,53.159759216911404
228,2,28,24.92,60.75881499831935
229,2,29,18.16,16.054108508416153
230,2,30,46.88,240.32408451921748
231,2,31,40.36,192.29204455723075
232,2,32,18.88,54.72171049958144
233,2,33,19.5,42.39870281034551
234,2,34,19.12,20.40748882150864
235,2,35,15.0,18.897618897628348
236,2,36,62.74,334.5598188665219
237,2,37,37.84,202.92839722424262
238,2,38,18.96,45.8759021709655
239,2,39,70.34,362.3531211401386
240,2,40,40.12,212.28986221673426
241,2,41,24.5,23.170023737579555
242,2,42,62.86,351.01350458351317
243,2,43,17.48,18.61637988439213
244,2,44,15.52,33.366594072515106
245,2,45,48.66,200.2355223230883
246,2,46,17.92,32.76390697093373
247,2,47,19.56,34.362863675776495
248,2,48,18.92,48.652580609871045
249,2,49,40.12,139.10278789441998
250,2,50,31.4,65.25703027260741
251,2,51,33.7,114.32729332928335
252,2,52,16.36,35.24585649406184
253,2,53,45.94,219.80859036898443
254,2,54,17.44,35.11646907079355
255,2,55,57.96,323.03213214787166
256,2,56,18.44,53.538083641460304
257,2,57,20.84,37.05366918403629
258,2,58,15.84,18.357951955487838
259,2,59,19.84,46.945653685937735
260,2,60,20.8,47.64619607062037
261,2,61,16.32,51.63349300599371
262,2,62,16.24,19.969536799835893
263,2,63,19.52,71.1590444005539
264,2,64,23.7,18.894708253900085
265,2,65,20.96,26.55029943333973
266,2,66,22.84,62.816672945962374
267,2,67,37.14,148.7068270120777
268,2,68,22.94,97.31914713970731
269,2,69,16.12,37.07432534787382
270,2,70,25.64,69.68091847844714
271,2,71,18.84,12.90482080464506
272,2,72,14.86,12.412912631610682
273,2,73,23.5,68.20271255602668
274,2,74,14.12,37.00358901512122
275,2,75,20.06,74.47587797401249
276,2,76,65.58,385.2529086197792
277,2,77,61.82,339.80992863658355
278,2,78,30.98,81.50594824919222
279,2,79,15.74,9.862677121349964
280,2,80,15.26,25.861794214632507
281,2,81,34.34,35.140068298169254
282,2,82,27.92,117.65013217162151
283,2,83,89.08,517.3662084056127
284,2,84,18.44,45.386412063524034
285,2,85,23.02,72.76276245443131
286,2,86,45.36,231.47075495621473
287,2,87,39.14,149.82696819998725
288,2,88,67.82,349.46196874624286
289,2,89,27.1,85.30328246908203
290,2,90,13.82,22.50216878436387
291,2,91,13.86,11.730319688738236
292,2,92,14.5,5.277309920783504
293,2,93,31.5,116.16303198522326
294,2,94,17.92,54.44036737568917
295,2,95,14.46,15.2121135941065
296,2,96,21.2,44.79017749462486
297,2,97,24.14,23.893940654483934
298,2,98,44.92,204.21310829621098
299,2,99,32.46,135.25253565090745
300,3,0,13.24,13.862986691185997
301,3,1,63.84,70.37566624906651
302,3,2,52.96,225.59813474406212
303,3,3,112.28,125.04351882444766
304,3,4,114.42,126.57773737905099
305,3,5,87.48,311.52208525239416
306,3,6,36.06,161.75715254664942
307,3,7,65.28,212.89002231199095
308,3,8,113.64,109.31052282374284
309,3,9,134.48,209.14064549962544
310,3,10,125.72,134.76157315792952
311,3,11,146.22,199.9892287099483
312,3,12,14.06,29.159842249230348
313,3,13,62.54,121.53505008844158
314,3,14,64.7,122.07411683071885
315,3,15,32.82,130.1976482122469
316,3,16,75.78,62.81887932779445
317,3,17,14.52,14.480662968248371
318,3,18,37.86,34.440679435806715
319,3,19,85.8,98.8362281757049
320,3,20,119.2,147.73963584630903
321,3,21,36.18,48.69771657891158
322,3,22,42.78,39.7714923029046
323,3,23,30.58,47.36373718363024
324,3,24,25.5,109.11594750539447
325,3,25,15.82,21.485520705814896
326,3,26,46.18,53.89608149021597
327,3,27,149.98,151.41684054291983
328,3,28,25.0,97.69687814869009
329,3,29,37.48,24.026019229160706
330,3,30,48.64,228.92337233231555
331,3,31,124.26,309.10741239899124
332,3,32,68.74,86.38745510778753
333,3,33,25.3,58.20214772669478
334,3,34,82.42,88.17416628468908
335,3,35,47.16,187.78598030737012
336,3,36,159.52,192.55765266537708
337,3,37,43.9,86.94141705769465
338,3,38,100.46,102.12467086850268
339,3,39,63.02,67.83170055364968
340,3,40,95.84,214.93332547559953
341,3,41,21.62,13.414753072643567
342,3,42,54.4,196.4660784970271
343,3,43,75.64,255.41399805022434
344,3,44,86.92,136.2968583643805
345,3,45,79.32,94.95713559285579
346,3,46,23.4,65.44310506080839
347,3,47,43.34,36.671302131230625
348,3,48,120.56,176.34286603092286
349,3,49,65.64,68.90101886039132
350,3,50,96.7,95.03036356870366
351,3,51,28.82,65.59960060854029
352,3,52,81.9,97.97025058659388
353,3,53,60.58,61.97292634691379
354,3,54,85.0,92.1908889207605
355,3,55,35.5,120.25244280263082
356,3,56,45.12,77.56871534323616
357,3,57,70.56,123.95534034481933
358,3,58,151.12,209.38267741148033
359,3,59,22.1,69.01746155865197
360,3,60,100.2,111.92390271966039
361,3,61,69.62,74.39405621418959
362,3,62,48.1,40.12991402931236
363,3,63,249.52,309.425612385271
364,3,64,72.82,66.04746475073816
365,3,65,42.94,224.48085976314334
366,3,66,52.44,90.62563875636958
367,3,67,136.18,158.05602677531783
368,3,68,232.24,236.27911968686524
369,3,69,146.7,138.13402911665176
370,3,70,85.28,99.45773775830618
371,3,71,232.32,257.3562853322219
372,3,72,12.58,10.492073198372191
373,3,73,100.1,112.71987402406019
374,3,74,50.34,40.41218133187072
375,3,75,106.5,174.28244317773377
376,3,76,32.82,131.76231479448137
377,3,77,72.52,125.99321251559546
378,3,78,46.8,198.76780423398552
379,3,79,21.52,78.45718322754132
380,3,80,51.02,172.51788197169597
381,3,81,83.56,247.13341821777163
382,3,82,59.06,284.0291823035091
383,3,83,63.86,75.37984080641188
384,3,84,214.7,219.05709301458378
385,3,85,156.9,297.1601083591134
386,3,86,23.76,71.257998849252
387,3,87,274.34,336.1811184465898
388,3,88,56.14,92.30319821111293
389,3,89,56.26,103.0847825821057
390,3,90,96.24,139.85986700980376
391,3,91,13.48,11.761360465524378
392,3,92,19.76,59.55285383589942
393,3,93,26.9,95.79504162533675
394,3,94,56.72,102.4078200139032
395,3,95,128.86,118.6911976517214
396,3,96,22.16,66.08641615339722
397,3,97,26.18,47.8015439081208
398,3,98,96.04,101.71626418621557
399,3,99,159.26,256.6330306098574
400,4,0,24.5,100.76571837683687
401,4,1,16.38,26.442307009790213
402,4,2,12.16,16.382136612786496
403,4,3,27.54,62.98101618741951
404,4,4,15.96,41.61344013657127
405,4,5,18.52,52.21081880223673
406,4,6,21.04,63.67447212187946
407,4,7,54.92,262.6388272894926
408,4,8,19.64,72.0890449374938
409,4,9,11.72,17.024734946541756
410,4,10,21.9,56.41498028006393
411,4,11,22.24,72.86139169683766
412,4,12,20.94,51.51753487891283
413,4,13,24.52,93.83096290670795
414,4,14,15.08,34.38304233194029
415,4,15,30.12,142.02543997467495
416,4,16,15.68,34.25459969113638
417,4,17,25.02,58.41763090026846
418,4,18,13.88,30.106902862964837
419,4,19,11.98,27.380642797421682
420,4,20,23.34,38.850281852259435
421,4,21,25.42,116.50254761162944
422,4,22,13.06,17.871105170078316
423,4,23,34.1,125.0454717292873
424,4,24,24.5,54.767965089092
425,4,25,24.94,66.99654020917795
426,4,26,8.6,13.869390758068654
427,4,27,29.12,142.94245555467418
428,4,28,17.44,26.855286258016328
429,4,29,13.28,15.709920432643814
430,4,30,26.7,100.21501883450404
431,4,31,21.48,45.74548720912261
432,4,32,33.62,136.01263029586622
433,4,33,12.88,16.005798949130902
434,4,34,10.34,12.81500682793419
435,4,35,16.2,26.79402918562268
436,4,36,28.3,78.50178341923194
437,4,37,14.66,50.16716456009844
438,4,38,25.1,47.79466497424164
439,4,39,20.38,47.19910592373543
440,4,40,14.02,13.513681955706968
441,4,41,18.56,45.42121090415797
442,4,42,22.26,53.39131390029648
443,4,43,12.48,13.256304160662575
444,4,44,11.82,14.161482973191752
445,4,45,40.2,194.25673733489916
446,4,46,35.26,125.5402421536616
447,4,47,21.7,49.727356656070086
448,4,48,40.44,161.83499745110748
449,4,49,25.84,60.65323074659751
450,4,50,30.14,83.37289967369487
451,4,51,29.6,92.89779329994873
452,4,52,38.24,136.64707241649933
453,4,53,16.56,24.609071498128493
454,4,54,18.32,40.12402771407675
455,4,55,30.08,47.22661961224833
456,4,56,10.04,9.5162177360546
457,4,57,15.96,20.068841521124234
458,4,58,25.16,86.84039612991175
459,4,59,20.62,51.654192472634804
460,4,60,17.8,50.38213969255372
461,4,61,15.68,44.63829745857247
462,4,62,31.1,111.87962280951797
463,4,63,15.12,53.086585876283316
464,4,64,28.96,104.4802297087826
465,4,65,49.12,182.72007443080804
466,4,66,20.6,66.68493083148543
467,4,67,36.94,178.26411977736862
468,4,68,19.3,63.5871842433678
469,4,69,13.9,30.6034311801798
470,4,70,28.32,112.8656617399642
471,4,71,39.86,146.0002753422061
472,4,72,15.48,42.90745389789518
473,4,73,11.38,27.82796435242796
474,4,74,18.62,50.0007559942847
475,4,75,35.86,184.98583837688778
476,4,76,15.22,26.76362456768513
477,4,77,35.08,109.56547631439383
478,4,78,62.34,301.32883101356236
479,4,79,23.22,53.64337424137301
480,4,80,12.12,12.68485711389765
481,4,81,20.78,33.872874103034135
482,4,82,11.26,12.874486397522817
483,4,83,13.82,31.34880539988724
484,4,84,17.44,43.9464037208962
485,4,85,36.4,107.75620631778025
486,4,86,21.0,30.32094985319556
487,4,87,20.84,67.19742852222844
488,4,88,21.22,54.80667477597961
489,4,89,13.9,27.418424462393887
490,4,90,36.26,97.77644092520448
491,4,91,21.44,77.08674594247705
492,4,92,11.42,15.093164015540268
493,4,93,26.3,63.82515178203653
494,4,94,25.46,89.442318842928
495,4,95,12.36,14.801026991394894
496,4,96,19.42,43.93635852002305
497,4,97,15.2,29.625664549508418
498,4,98,19.0,59.286423403676494
499,4,99,14.36,24.64934887578169
