,Replay type,Individual,Mean,STD
0,0,0,11.833333333333334,5.580223014261069
1,0,1,12.5,13.200378782444085
2,0,2,15.333333333333334,5.878397362849466
3,0,3,8.666666666666666,6.774133810967191
4,0,4,5.333333333333333,1.5986105077709065
5,0,5,9.833333333333334,3.131382371342656
6,0,6,4.5,1.118033988749895
7,0,7,4.166666666666667,0.372677996249965
8,0,8,13.833333333333334,7.127801593447699
9,0,9,14.166666666666666,3.4840908267278117
10,0,10,15.666666666666666,12.957194483717874
11,0,11,10.833333333333334,6.3879226322455995
12,0,12,19.333333333333332,10.687479694587598
13,0,13,4.833333333333333,1.2133516482134197
14,0,14,15.833333333333334,10.122856426040142
15,0,15,6.5,4.716990566028302
16,0,16,7.0,2.0
17,0,17,7.166666666666667,3.2360813064912666
18,0,18,7.5,5.155902766086006
19,0,19,19.833333333333332,7.033649282003064
20,0,20,6.0,0.0
21,0,21,20.0,4.281744192888376
22,0,22,6.833333333333333,3.2871804872193366
23,0,23,10.5,9.305016568138573
24,0,24,6.0,2.23606797749979
25,0,25,7.833333333333333,1.0671873729054746
26,0,26,16.0,13.576941236277534
27,0,27,12.666666666666666,6.6248689714505975
28,0,28,12.333333333333334,8.825468196582484
29,0,29,10.833333333333334,2.9674156357941426
30,0,30,4.0,0.5773502691896257
31,0,31,7.666666666666667,2.9249881291307074
32,0,32,4.666666666666667,1.4907119849998596
33,0,33,5.666666666666667,3.7267799624996485
34,0,34,5.666666666666667,3.7267799624996485
35,0,35,14.333333333333334,8.379870059984357
36,0,36,6.333333333333333,0.7453559924999298
37,0,37,18.0,9.66091783079296
38,0,38,8.666666666666666,3.6817870057290873
39,0,39,12.333333333333334,6.497862896539309
40,0,40,5.666666666666667,1.1055415967851332
41,0,41,8.0,3.366501646120693
42,0,42,5.666666666666667,1.1055415967851332
43,0,43,4.666666666666667,1.1055415967851332
44,0,44,12.833333333333334,3.3374973990834644
45,0,45,8.5,2.6299556396765835
46,0,46,23.833333333333332,28.07974754555714
47,0,47,11.5,5.057996968497839
48,0,48,7.5,2.8722813232690143
49,0,49,7.666666666666667,3.5433819375782165
50,0,50,4.0,0.0
51,0,51,6.666666666666667,1.4907119849998596
52,0,52,12.333333333333334,6.4463598686045716
53,0,53,18.333333333333332,9.551032521262936
54,0,54,9.333333333333334,6.896053621859067
55,0,55,4.833333333333333,0.6871842709362768
56,0,56,16.666666666666668,8.076027626390477
57,0,57,14.666666666666666,8.359957469322968
58,0,58,7.666666666666667,5.120763831912406
59,0,59,12.333333333333334,2.748737083745107
60,0,60,9.166666666666666,2.852873794770615
61,0,61,10.0,2.0
62,0,62,20.333333333333332,12.445436468396313
63,0,63,24.333333333333332,9.392668535736913
64,0,64,10.666666666666666,5.676462121975467
65,0,65,4.333333333333333,1.7950549357115015
66,0,66,9.166666666666666,7.28964257620968
67,0,67,9.833333333333334,7.3805299418281765
68,0,68,17.666666666666668,9.977753031397176
69,0,69,5.333333333333333,1.1055415967851332
70,0,70,13.333333333333334,8.844332774281067
71,0,71,3.8333333333333335,1.4624940645653537
72,0,72,13.333333333333334,6.574360974438674
73,0,73,8.833333333333334,6.618576550554926
74,0,74,9.166666666666666,2.4094720491334933
75,0,75,12.0,9.899494936611665
76,0,76,4.0,2.23606797749979
77,0,77,13.666666666666666,12.631530214330946
78,0,78,5.333333333333333,2.494438257849294
79,0,79,5.666666666666667,2.9249881291307074
80,0,80,8.5,5.678908345800274
81,0,81,11.333333333333334,12.405196043952264
82,0,82,7.5,1.118033988749895
83,0,83,11.666666666666666,5.120763831912406
84,0,84,26.5,14.705441169852742
85,0,85,11.0,6.3508529610858835
86,0,86,7.5,1.6072751268321592
87,0,87,9.5,2.0615528128088303
88,0,88,3.5,0.5
89,0,89,6.5,5.315072906367325
90,0,90,9.333333333333334,2.494438257849294
91,0,91,3.1666666666666665,0.3726779962499649
92,0,92,10.833333333333334,4.2196629670573875
93,0,93,6.166666666666667,0.8975274678557505
94,0,94,22.833333333333332,21.874007914011145
95,0,95,16.166666666666668,17.544388149934314
96,0,96,5.166666666666667,0.372677996249965
97,0,97,13.666666666666666,8.013876853447538
98,0,98,5.166666666666667,1.2133516482134197
99,0,99,11.333333333333334,7.972173828734265
100,1,0,7.5,1.6072751268321592
101,1,1,3.8333333333333335,0.6871842709362768
102,1,2,5.0,0.0
103,1,3,3.0,0.0
104,1,4,3.3333333333333335,0.7453559924999298
105,1,5,8.166666666666666,1.0671873729054748
106,1,6,4.0,0.0
107,1,7,4.0,0.0
108,1,8,8.0,1.1547005383792515
109,1,9,5.666666666666667,0.7453559924999298
110,1,10,4.166666666666667,0.372677996249965
111,1,11,7.0,0.0
112,1,12,14.166666666666666,2.4776781245530843
113,1,13,4.5,1.118033988749895
114,1,14,6.333333333333333,1.3743685418725535
115,1,15,4.333333333333333,0.4714045207910317
116,1,16,4.0,0.0
117,1,17,4.0,0.0
118,1,18,5.0,0.0
119,1,19,14.166666666666666,3.8477987935383986
120,1,20,6.0,0.0
121,1,21,13.833333333333334,6.890008869531463
122,1,22,5.0,0.0
123,1,23,4.0,0.0
124,1,24,5.666666666666667,1.7950549357115013
125,1,25,7.333333333333333,0.4714045207910317
126,1,26,7.0,0.0
127,1,27,4.0,0.0
128,1,28,3.0,0.0
129,1,29,6.0,1.4142135623730951
130,1,30,4.0,0.0
131,1,31,6.0,0.0
132,1,32,4.0,0.0
133,1,33,4.0,0.0
134,1,34,4.0,0.0
135,1,35,5.333333333333333,3.299831645537222
136,1,36,6.166666666666667,0.37267799624996495
137,1,37,8.5,8.751190395216717
138,1,38,4.0,0.0
139,1,39,7.666666666666667,2.6874192494328497
140,1,40,5.0,0.0
141,1,41,5.0,0.0
142,1,42,5.0,0.0
143,1,43,4.0,0.0
144,1,44,8.833333333333334,0.8975274678557508
145,1,45,7.333333333333333,0.4714045207910317
146,1,46,3.1666666666666665,0.3726779962499649
147,1,47,3.1666666666666665,0.3726779962499649
148,1,48,6.333333333333333,1.247219128924647
149,1,49,5.0,0.0
150,1,50,4.0,0.0
151,1,51,6.0,0.0
152,1,52,4.833333333333333,1.8633899812498245
153,1,53,13.166666666666666,2.266911751455907
154,1,54,5.0,0.0
155,1,55,4.833333333333333,0.6871842709362768
156,1,56,3.5,0.7637626158259734
157,1,57,7.833333333333333,2.5440562537456244
158,1,58,5.0,0.0
159,1,59,10.666666666666666,1.699673171197595
160,1,60,6.333333333333333,0.7453559924999298
161,1,61,7.666666666666667,0.7453559924999298
162,1,62,9.0,4.725815626252608
163,1,63,9.333333333333334,5.405758246742285
164,1,64,7.0,0.0
165,1,65,3.1666666666666665,0.3726779962499649
166,1,66,4.0,0.0
167,1,67,3.1666666666666665,0.3726779962499649
168,1,68,4.0,0.0
169,1,69,4.0,0.0
170,1,70,5.333333333333333,0.4714045207910317
171,1,71,3.8333333333333335,1.4624940645653537
172,1,72,7.0,0.0
173,1,73,4.0,0.0
174,1,74,5.333333333333333,0.7453559924999298
175,1,75,7.5,1.118033988749895
176,1,76,3.0,0.0
177,1,77,6.0,0.0
178,1,78,3.0,0.0
179,1,79,3.8333333333333335,0.8975274678557507
180,1,80,5.333333333333333,1.9720265943665387
181,1,81,5.0,0.0
182,1,82,7.0,1.0
183,1,83,9.5,1.6072751268321592
184,1,84,20.0,8.082903768654761
185,1,85,3.1666666666666665,0.3726779962499649
186,1,86,7.5,1.6072751268321592
187,1,87,6.0,0.0
188,1,88,3.5,0.5
189,1,89,3.0,0.0
190,1,90,4.166666666666667,2.608745973749755
191,1,91,3.1666666666666665,0.3726779962499649
192,1,92,7.0,1.4142135623730951
193,1,93,5.166666666666667,0.372677996249965
194,1,94,14.833333333333334,6.256108126374486
195,1,95,5.0,0.0
196,1,96,5.0,0.0
197,1,97,5.833333333333333,1.3437096247164249
198,1,98,4.0,0.0
199,1,99,7.0,0.0
200,2,0,6.833333333333333,0.37267799624996495
201,2,1,3.8333333333333335,0.6871842709362768
202,2,2,5.0,0.0
203,2,3,3.0,0.0
204,2,4,3.3333333333333335,0.7453559924999298
205,2,5,8.166666666666666,1.0671873729054748
206,2,6,4.0,0.0
207,2,7,4.0,0.0
208,2,8,7.166666666666667,0.372677996249965
209,2,9,5.0,0.0
210,2,10,4.0,0.0
211,2,11,7.0,0.0
212,2,12,17.0,3.0550504633038935
213,2,13,4.5,1.118033988749895
214,2,14,5.0,0.0
215,2,15,4.333333333333333,0.4714045207910317
216,2,16,4.0,0.0
217,2,17,4.0,0.0
218,2,18,5.0,0.0
219,2,19,8.0,3.2145502536643185
220,2,20,6.0,0.0
221,2,21,8.166666666666666,0.3726779962499649
222,2,22,5.0,0.0
223,2,23,4.0,0.0
224,2,24,5.666666666666667,1.3743685418725535
225,2,25,7.333333333333333,0.4714045207910317
226,2,26,7.0,0.0
227,2,27,4.0,0.0
228,2,28,3.0,0.0
229,2,29,5.166666666666667,0.372677996249965
230,2,30,4.0,0.0
231,2,31,6.0,0.0
232,2,32,4.0,0.0
233,2,33,4.0,0.0
234,2,34,4.0,0.0
235,2,35,3.0,0.0
236,2,36,6.5,0.7637626158259734
237,2,37,3.0,0.0
238,2,38,4.0,0.0
239,2,39,5.0,0.0
240,2,40,5.0,0.0
241,2,41,5.0,0.0
242,2,42,5.0,0.0
243,2,43,4.0,0.0
244,2,44,9.833333333333334,1.5723301886761005
245,2,45,7.833333333333333,0.6871842709362768
246,2,46,3.1666666666666665,0.3726779962499649
247,2,47,3.0,0.0
248,2,48,6.333333333333333,1.3743685418725535
249,2,49,5.0,0.0
250,2,50,4.0,0.0
251,2,51,6.0,0.0
252,2,52,4.0,0.0
253,2,53,10.333333333333334,0.4714045207910317
254,2,54,5.0,0.0
255,2,55,4.833333333333333,0.6871842709362768
256,2,56,3.0,0.0
257,2,57,6.0,0.0
258,2,58,5.0,0.0
259,2,59,9.166666666666666,0.3726779962499649
260,2,60,6.333333333333333,0.7453559924999298
261,2,61,6.333333333333333,0.7453559924999298
262,2,62,7.0,0.0
263,2,63,6.0,0.0
264,2,64,7.0,0.0
265,2,65,3.1666666666666665,0.3726779962499649
266,2,66,4.0,0.0
267,2,67,3.1666666666666665,0.3726779962499649
268,2,68,4.0,0.0
269,2,69,4.0,0.0
270,2,70,5.0,0.0
271,2,71,3.8333333333333335,1.4624940645653537
272,2,72,7.0,0.0
273,2,73,4.0,0.0
274,2,74,5.0,0.0
275,2,75,7.5,1.118033988749895
276,2,76,3.0,0.0
277,2,77,6.0,0.0
278,2,78,3.0,0.0
279,2,79,3.8333333333333335,0.8975274678557507
280,2,80,5.333333333333333,1.9720265943665387
281,2,81,5.0,0.0
282,2,82,7.0,1.0
283,2,83,8.5,1.118033988749895
284,2,84,17.166666666666668,2.1147629234082532
285,2,85,3.1666666666666665,0.3726779962499649
286,2,86,7.5,1.6072751268321592
287,2,87,6.0,0.0
288,2,88,3.5,0.5
289,2,89,3.0,0.0
290,2,90,3.0,0.0
291,2,91,3.1666666666666665,0.3726779962499649
292,2,92,7.166666666666667,2.608745973749755
293,2,93,5.166666666666667,0.372677996249965
294,2,94,6.5,1.8027756377319946
295,2,95,5.0,0.0
296,2,96,5.0,0.0
297,2,97,6.166666666666667,0.37267799624996495
298,2,98,4.0,0.0
299,2,99,7.0,0.0
300,3,0,6.5,0.5
301,3,1,3.8333333333333335,0.6871842709362768
302,3,2,5.0,0.0
303,3,3,3.0,0.0
304,3,4,3.3333333333333335,0.7453559924999298
305,3,5,8.166666666666666,1.0671873729054748
306,3,6,4.0,0.0
307,3,7,4.0,0.0
308,3,8,7.166666666666667,0.372677996249965
309,3,9,5.0,0.0
310,3,10,4.0,0.0
311,3,11,7.0,0.0
312,3,12,22.166666666666668,3.670452590924207
313,3,13,4.5,1.118033988749895
314,3,14,5.0,0.0
315,3,15,4.333333333333333,0.4714045207910317
316,3,16,4.0,0.0
317,3,17,4.0,0.0
318,3,18,5.0,0.0
319,3,19,5.0,2.23606797749979
320,3,20,6.0,0.0
321,3,21,8.333333333333334,0.74535599249993
322,3,22,5.0,0.0
323,3,23,4.0,0.0
324,3,24,5.666666666666667,1.3743685418725535
325,3,25,7.333333333333333,0.4714045207910317
326,3,26,7.0,0.0
327,3,27,4.0,0.0
328,3,28,3.0,0.0
329,3,29,5.166666666666667,0.372677996249965
330,3,30,4.0,0.0
331,3,31,6.0,0.0
332,3,32,4.0,0.0
333,3,33,4.0,0.0
334,3,34,4.0,0.0
335,3,35,3.0,0.0
336,3,36,6.5,1.118033988749895
337,3,37,3.0,0.0
338,3,38,4.0,0.0
339,3,39,5.0,0.0
340,3,40,5.0,0.0
341,3,41,5.0,0.0
342,3,42,5.0,0.0
343,3,43,4.0,0.0
344,3,44,9.833333333333334,1.950783318453271
345,3,45,7.833333333333333,0.6871842709362768
346,3,46,3.1666666666666665,0.3726779962499649
347,3,47,3.0,0.0
348,3,48,6.333333333333333,1.3743685418725535
349,3,49,5.0,0.0
350,3,50,4.0,0.0
351,3,51,6.0,0.0
352,3,52,4.0,0.0
353,3,53,10.333333333333334,0.4714045207910317
354,3,54,5.0,0.0
355,3,55,4.833333333333333,0.6871842709362768
356,3,56,3.0,0.0
357,3,57,6.0,0.0
358,3,58,5.0,0.0
359,3,59,9.166666666666666,0.3726779962499649
360,3,60,6.333333333333333,0.7453559924999298
361,3,61,6.333333333333333,0.7453559924999298
362,3,62,7.0,0.0
363,3,63,6.0,0.0
364,3,64,7.0,0.0
365,3,65,3.1666666666666665,0.3726779962499649
366,3,66,4.0,0.0
367,3,67,3.1666666666666665,0.3726779962499649
368,3,68,4.0,0.0
369,3,69,4.0,0.0
370,3,70,5.0,0.0
371,3,71,3.8333333333333335,1.4624940645653537
372,3,72,7.0,0.0
373,3,73,4.0,0.0
374,3,74,5.0,0.0
375,3,75,7.5,1.118033988749895
376,3,76,3.0,0.0
377,3,77,6.0,0.0
378,3,78,3.0,0.0
379,3,79,3.8333333333333335,0.8975274678557507
380,3,80,5.333333333333333,1.9720265943665387
381,3,81,5.0,0.0
382,3,82,7.0,1.0
383,3,83,8.5,1.118033988749895
384,3,84,19.333333333333332,4.0276819911981905
385,3,85,3.1666666666666665,0.3726779962499649
386,3,86,7.5,1.6072751268321592
387,3,87,6.0,0.0
388,3,88,3.5,0.5
389,3,89,3.0,0.0
390,3,90,3.0,0.0
391,3,91,3.1666666666666665,0.3726779962499649
392,3,92,7.166666666666667,2.608745973749755
393,3,93,5.166666666666667,0.372677996249965
394,3,94,5.0,0.0
395,3,95,5.0,0.0
396,3,96,5.0,0.0
397,3,97,6.166666666666667,0.37267799624996495
398,3,98,4.0,0.0
399,3,99,7.0,0.0
400,4,0,7.5,2.0615528128088303
401,4,1,4.333333333333333,1.7950549357115015
402,4,2,5.0,0.0
403,4,3,3.0,0.0
404,4,4,3.3333333333333335,0.7453559924999298
405,4,5,8.166666666666666,1.0671873729054748
406,4,6,4.0,0.0
407,4,7,4.0,0.0
408,4,8,8.0,1.8257418583505538
409,4,9,5.0,0.0
410,4,10,4.0,0.0
411,4,11,7.0,0.0
412,4,12,22.333333333333332,9.267625849638561
413,4,13,4.5,1.118033988749895
414,4,14,5.0,0.0
415,4,15,4.333333333333333,0.4714045207910317
416,4,16,4.0,0.0
417,4,17,4.0,0.0
418,4,18,5.0,0.0
419,4,19,4.0,0.0
420,4,20,6.0,0.0
421,4,21,8.333333333333334,0.74535599249993
422,4,22,5.0,0.0
423,4,23,4.0,0.0
424,4,24,5.666666666666667,1.3743685418725535
425,4,25,7.333333333333333,0.4714045207910317
426,4,26,7.0,0.0
427,4,27,4.0,0.0
428,4,28,3.0,0.0
429,4,29,5.166666666666667,0.372677996249965
430,4,30,4.0,0.0
431,4,31,6.0,0.0
432,4,32,4.0,0.0
433,4,33,4.0,0.0
434,4,34,4.0,0.0
435,4,35,3.0,0.0
436,4,36,6.5,1.118033988749895
437,4,37,3.0,0.0
438,4,38,4.0,0.0
439,4,39,5.0,0.0
440,4,40,5.0,0.0
441,4,41,5.0,0.0
442,4,42,5.0,0.0
443,4,43,4.0,0.0
444,4,44,9.833333333333334,1.950783318453271
445,4,45,7.833333333333333,0.6871842709362768
446,4,46,3.1666666666666665,0.3726779962499649
447,4,47,3.0,0.0
448,4,48,6.333333333333333,1.3743685418725535
449,4,49,5.0,0.0
450,4,50,4.0,0.0
451,4,51,6.0,0.0
452,4,52,4.0,0.0
453,4,53,10.333333333333334,0.4714045207910317
454,4,54,5.0,0.0
455,4,55,4.833333333333333,0.6871842709362768
456,4,56,3.0,0.0
457,4,57,6.0,0.0
458,4,58,5.0,0.0
459,4,59,9.166666666666666,0.3726779962499649
460,4,60,6.333333333333333,0.7453559924999298
461,4,61,6.333333333333333,0.7453559924999298
462,4,62,7.0,0.0
463,4,63,6.0,0.0
464,4,64,7.0,0.0
465,4,65,3.1666666666666665,0.3726779962499649
466,4,66,4.0,0.0
467,4,67,3.1666666666666665,0.3726779962499649
468,4,68,4.0,0.0
469,4,69,4.0,0.0
470,4,70,5.0,0.0
471,4,71,3.8333333333333335,1.4624940645653537
472,4,72,7.0,0.0
473,4,73,4.0,0.0
474,4,74,5.0,0.0
475,4,75,7.5,1.118033988749895
476,4,76,3.0,0.0
477,4,77,6.0,0.0
478,4,78,3.0,0.0
479,4,79,3.8333333333333335,0.8975274678557507
480,4,80,5.333333333333333,1.9720265943665387
481,4,81,5.0,0.0
482,4,82,7.0,1.0
483,4,83,8.5,1.118033988749895
484,4,84,17.166666666666668,2.9674156357941426
485,4,85,3.1666666666666665,0.3726779962499649
486,4,86,7.5,1.6072751268321592
487,4,87,6.0,0.0
488,4,88,3.5,0.5
489,4,89,3.0,0.0
490,4,90,3.0,0.0
491,4,91,3.1666666666666665,0.3726779962499649
492,4,92,7.166666666666667,2.608745973749755
493,4,93,5.166666666666667,0.372677996249965
494,4,94,5.0,0.0
495,4,95,5.0,0.0
496,4,96,5.0,0.0
497,4,97,6.166666666666667,0.37267799624996495
498,4,98,4.0,0.0
499,4,99,7.0,0.0
