,Replay type,Individual,Mean,STD
0,0,0,64.58,222.93650127334465
1,0,1,26.26,43.491521012721556
2,0,2,52.34,129.93038289791957
3,0,3,33.08,110.11354866681934
4,0,4,51.46,172.32077181814157
5,0,5,41.62,100.2891599326667
6,0,6,51.98,124.69169820000046
7,0,7,38.34,95.3187515654711
8,0,8,42.06,132.28672042196828
9,0,9,42.38,76.67434773116757
10,0,10,33.38,62.90751624408645
11,0,11,32.32,63.19032837388963
12,0,12,36.72,90.29220121361536
13,0,13,57.28,100.51030593924189
14,0,14,66.64,164.82120737332318
15,0,15,31.84,56.82230547945057
16,0,16,72.7,267.49596258635387
17,0,17,34.42,60.31122283621846
18,0,18,49.46,127.55002312818293
19,0,19,41.0,87.18187885105482
20,0,20,78.48,323.67102063669535
21,0,21,34.14,52.700288424258176
22,0,22,38.4,98.75181010999242
23,0,23,60.0,267.29549191858814
24,0,24,31.16,49.23306206199245
25,0,25,49.5,153.31017578751906
26,0,26,60.32,138.33458569714227
27,0,27,51.3,153.4615587044521
28,0,28,51.1,166.11384650293306
29,0,29,43.32,89.47635218313273
30,0,30,38.02,66.21978254268132
31,0,31,44.42,111.75474755016008
32,0,32,33.28,44.90970496451741
33,0,33,34.2,55.2669883384286
34,0,34,57.58,145.3024555883348
35,0,35,27.82,31.387061028391933
36,0,36,42.78,49.927663674560215
37,0,37,40.54,89.95559126591301
38,0,38,43.34,72.28211673712939
39,0,39,50.78,82.48449308809505
40,0,40,33.54,49.20618253837621
41,0,41,54.42,172.16260801927925
42,0,42,50.62,182.68846597418238
43,0,43,25.06,36.60404895636547
44,0,44,33.44,57.37914603756315
45,0,45,34.06,45.023287307792174
46,0,46,85.32,205.94760887177108
47,0,47,59.0,193.16024435685517
48,0,48,30.64,76.5354192514812
49,0,49,65.92,182.20009220634327
50,0,50,39.18,69.69381321179091
51,0,51,43.08,73.56761243917053
52,0,52,32.28,75.06025313040185
53,0,53,43.56,109.1058495223789
54,0,54,32.54,52.783031364255706
55,0,55,42.72,84.22257179640147
56,0,56,59.54,158.7217956047625
57,0,57,72.3,258.25346077061585
58,0,58,54.28,98.55111161219848
59,0,59,60.98,159.4508689220601
60,0,60,32.12,81.52880227257113
61,0,61,41.18,66.83283324833685
62,0,62,63.72,158.35871179066842
63,0,63,36.6,87.87582147553442
64,0,64,43.72,139.12426675458164
65,0,65,64.82,154.82579759200334
66,0,66,30.18,77.96119291031918
67,0,67,42.64,118.75938026109769
68,0,68,31.72,80.96741072802068
69,0,69,55.12,107.87968112670706
70,0,70,56.62,180.87364539921234
71,0,71,38.74,73.8357122265371
72,0,72,69.82,282.72641829160574
73,0,73,54.68,104.49123216806281
74,0,74,64.92,196.7536368151806
75,0,75,35.9,88.50338976559036
76,0,76,43.86,70.70643817927757
77,0,77,44.08,90.66020957399115
78,0,78,37.72,84.34050983957827
79,0,79,42.8,85.19999999999999
80,0,80,69.44,250.63480684055037
81,0,81,45.06,82.34765570433684
82,0,82,42.2,121.16187519182753
83,0,83,33.12,43.46706339287254
84,0,84,83.72,305.74505981291014
85,0,85,54.24,205.5298090302232
86,0,86,41.32,67.90948092865973
87,0,87,26.1,36.43308935569423
88,0,88,33.74,48.95663795646102
89,0,89,67.92,203.56167026235565
90,0,90,47.66,81.00459493139883
91,0,91,36.66,72.65056365920363
92,0,92,41.2,116.34397277040179
93,0,93,41.5,94.62837840732557
94,0,94,57.8,126.16069118390241
95,0,95,36.88,67.13915102233571
96,0,96,34.64,75.50357872313073
97,0,97,57.5,134.99914814546054
98,0,98,59.38,221.4511133410713
99,0,99,43.78,100.22161243963303
100,1,0,34.52,89.77354621490676
101,1,1,53.42,201.6749949795462
102,1,2,22.7,21.088622524954065
103,1,3,27.9,27.931523409939526
104,1,4,25.34,20.923298019193822
105,1,5,80.34,463.01980994337595
106,1,6,42.64,50.05107791047062
107,1,7,45.66,55.73566542170282
108,1,8,65.64,274.4869220928385
109,1,9,29.98,73.16761305386422
110,1,10,27.86,26.424995742667587
111,1,11,38.04,51.866736932257446
112,1,12,57.68,210.4961225296086
113,1,13,45.12,96.8738643804406
114,1,14,51.06,148.19654651846653
115,1,15,83.58,313.72077330007966
116,1,16,54.38,108.02793897876603
117,1,17,24.04,30.966407605661974
118,1,18,46.16,121.5456062554299
119,1,19,63.08,224.84677805118753
120,1,20,49.88,56.66414739497983
121,1,21,32.56,50.449642218751166
122,1,22,38.12,65.3402295680081
123,1,23,45.58,53.819732440806504
124,1,24,20.58,43.4934891679203
125,1,25,34.68,37.91962025126307
126,1,26,37.18,47.47870680631476
127,1,27,41.98,63.314292225373556
128,1,28,39.28,118.21658766856703
129,1,29,45.36,73.98939383452198
130,1,30,35.98,48.26323238242545
131,1,31,75.56,100.38070730972161
132,1,32,36.4,51.74089291846441
133,1,33,43.3,66.03006890803613
134,1,34,30.16,77.68844444317311
135,1,35,36.32,98.75574717453154
136,1,36,75.84,301.9302806940702
137,1,37,73.78,316.2659191250299
138,1,38,55.26,71.72302559150722
139,1,39,38.7,42.760846577213606
140,1,40,44.18,83.34499145119639
141,1,41,113.26,375.551211421292
142,1,42,91.62,461.80579857771386
143,1,43,60.74,165.36817227024065
144,1,44,37.26,143.1985768085703
145,1,45,50.18,81.89180422972741
146,1,46,79.68,314.1546396283207
147,1,47,104.88,312.6140521473723
148,1,48,87.1,326.3645354507746
149,1,49,21.42,33.676157738079326
150,1,50,29.24,73.36199561080655
151,1,51,56.3,115.21202194215671
152,1,52,93.32,133.40756200455803
153,1,53,53.98,163.5910132006034
154,1,54,28.8,43.02836273901204
155,1,55,33.88,68.00254112899019
156,1,56,53.86,89.39373803572597
157,1,57,80.42,106.44230174136592
158,1,58,31.92,25.507520459660523
159,1,59,36.14,60.26408880917392
160,1,60,35.2,32.931443940404435
161,1,61,32.74,47.172793006138605
162,1,62,32.72,75.42679629945843
163,1,63,147.48,450.00014399997684
164,1,64,49.38,75.13425051200018
165,1,65,30.14,38.168578700286965
166,1,66,65.52,126.33372313044526
167,1,67,51.7,73.16590736128406
168,1,68,26.56,53.47640975233844
169,1,69,34.24,41.32725976882569
170,1,70,34.88,47.00708031775637
171,1,71,35.74,52.84725536865657
172,1,72,22.34,19.239137194791244
173,1,73,79.1,148.36957235228522
174,1,74,40.34,85.59617047508611
175,1,75,42.68,159.03828972923472
176,1,76,22.9,13.274411474713292
177,1,77,22.0,33.856757080382046
178,1,78,47.78,85.37969079353707
179,1,79,57.4,112.88241669985632
180,1,80,94.14,431.9832408786247
181,1,81,62.96,312.37758946505755
182,1,82,25.42,44.12758321050453
183,1,83,138.84,276.08899724545347
184,1,84,28.04,84.66356004799232
185,1,85,70.62,288.0363789523817
186,1,86,53.86,169.11380901629533
187,1,87,55.76,72.10313724103827
188,1,88,74.68,193.04045586353135
189,1,89,25.66,67.41175268452824
190,1,90,26.98,29.792274166300224
191,1,91,35.04,85.10651208926376
192,1,92,34.16,44.61406056390742
193,1,93,24.94,27.486294766665075
194,1,94,28.94,42.5461678650381
195,1,95,74.66,219.64777349201603
196,1,96,47.02,82.48963328806839
197,1,97,29.58,66.18220002387349
198,1,98,99.26,269.5177033146432
199,1,99,23.84,38.49382288108055
200,2,0,20.54,36.7239485894423
201,2,1,63.4,108.13454582139788
202,2,2,24.2,21.934447793368314
203,2,3,29.3,42.042002806717
204,2,4,19.4,13.797101144805742
205,2,5,30.9,56.67353879898449
206,2,6,38.8,57.89887736390059
207,2,7,76.84,212.9103435721244
208,2,8,43.38,194.92151138342834
209,2,9,41.86,116.10392069176643
210,2,10,40.46,106.0622854741496
211,2,11,41.28,75.0767713743738
212,2,12,41.68,84.99963294038393
213,2,13,56.36,234.76266824177992
214,2,14,42.46,133.37679108450612
215,2,15,94.76,255.6301672338381
216,2,16,45.18,112.40172418606399
217,2,17,29.34,35.796988700168605
218,2,18,64.84,138.64189265874873
219,2,19,146.0,358.3168988479332
220,2,20,30.96,24.62840636338454
221,2,21,23.48,24.128190980676525
222,2,22,25.98,30.435827572122964
223,2,23,29.88,36.027567222891975
224,2,24,21.54,52.13298763738753
225,2,25,35.2,54.94833937436147
226,2,26,29.54,51.029093662341296
227,2,27,70.54,123.66765300594979
228,2,28,128.8,359.51517353235596
229,2,29,46.24,99.97490885217151
230,2,30,40.78,61.513019760047555
231,2,31,67.82,105.21039682464847
232,2,32,35.78,53.940444936985806
233,2,33,39.0,66.68583057891684
234,2,34,41.12,113.03745220058703
235,2,35,18.1,25.69533031505919
236,2,36,34.86,71.94609370910973
237,2,37,42.0,123.14057008151295
238,2,38,53.74,75.29589895870824
239,2,39,47.24,59.86403260723421
240,2,40,48.16,231.53732830798575
241,2,41,64.5,101.70157324250201
242,2,42,60.14,207.6718575060184
243,2,43,25.74,23.005051619155303
244,2,44,64.82,169.91817913336993
245,2,45,33.46,28.07219977130399
246,2,46,57.48,215.58388065901394
247,2,47,98.1,340.22358824749347
248,2,48,50.12,129.23817392705607
249,2,49,26.98,38.742994205404415
250,2,50,66.12,204.5085465206772
251,2,51,56.58,95.35199840590653
252,2,52,32.38,96.94800462103383
253,2,53,81.16,112.15442211522469
254,2,54,26.44,36.00175551275243
255,2,55,32.86,62.762093655326694
256,2,56,50.8,78.09046036488708
257,2,57,109.92,402.16373978766416
258,2,58,28.22,21.496315963438946
259,2,59,27.56,47.842725674860965
260,2,60,45.1,48.568817156690166
261,2,61,34.86,33.8390366293132
262,2,62,58.58,174.27955588651238
263,2,63,88.28,438.000504109299
264,2,64,46.28,96.47031460506388
265,2,65,29.4,80.33280774378548
266,2,66,66.34,142.78565894374685
267,2,67,36.34,33.18831722157663
268,2,68,48.6,76.55873562174338
269,2,69,35.28,60.843418707367206
270,2,70,41.76,55.2733425803072
271,2,71,31.74,45.83658364232657
272,2,72,23.16,32.89155514718025
273,2,73,42.54,115.89516124498036
274,2,74,36.1,119.73207590282573
275,2,75,23.54,39.10202552298282
276,2,76,119.82,284.5615357001013
277,2,77,57.56,133.4829067708671
278,2,78,144.88,340.6352676984577
279,2,79,39.02,83.31974315850958
280,2,80,69.16,228.88445644036204
281,2,81,58.02,110.09277723810952
282,2,82,38.16,40.914721067117156
283,2,83,55.22,113.90334323451614
284,2,84,38.56,102.67661077382719
285,2,85,35.8,45.66968359864123
286,2,86,84.5,264.00418557288066
287,2,87,33.38,82.31570688513827
288,2,88,64.44,76.49265585662458
289,2,89,38.32,59.91475277425418
290,2,90,30.9,35.7761093468812
291,2,91,32.2,32.896808355826856
292,2,92,21.04,28.010683676054754
293,2,93,24.12,26.395181378425885
294,2,94,44.28,110.86984080443159
295,2,95,50.12,43.95617817781706
296,2,96,42.24,69.73021152986702
297,2,97,27.08,51.2912624137874
298,2,98,76.92,200.301057411088
299,2,99,33.5,76.74978827332359
300,3,0,117.36,139.39723957094702
301,3,1,100.62,253.7471883588073
302,3,2,43.36,40.78860625223666
303,3,3,173.12,266.04019545925763
304,3,4,50.44,83.26731891924948
305,3,5,70.32,194.3180321020157
306,3,6,104.48,199.0554937699535
307,3,7,78.46,127.68354788303779
308,3,8,295.78,424.9961077468828
309,3,9,77.5,130.4323962825187
310,3,10,25.52,21.961092868980813
311,3,11,123.48,115.17764366403753
312,3,12,183.54,208.8201340867302
313,3,13,28.9,35.69719876965138
314,3,14,40.3,76.72607118835163
315,3,15,138.7,246.3855718178319
316,3,16,71.0,78.56258651546548
317,3,17,124.9,164.97251286199167
318,3,18,27.14,96.1064014517243
319,3,19,72.08,83.33902807208638
320,3,20,111.24,137.51706221411214
321,3,21,82.06,75.9869488793964
322,3,22,55.76,88.1268540230502
323,3,23,60.28,125.37480448638794
324,3,24,75.84,124.49423440465023
325,3,25,95.24,228.8752987982757
326,3,26,189.14,206.95419879770498
327,3,27,125.96,264.98829860958017
328,3,28,291.24,288.5872180121635
329,3,29,28.46,33.26392039432514
330,3,30,74.2,125.51621409204468
331,3,31,48.96,43.17960629741776
332,3,32,88.68,130.98556256320768
333,3,33,37.8,81.154420705221
334,3,34,159.82,260.2997264693146
335,3,35,260.66,311.92092651824436
336,3,36,48.52,117.92306644588241
337,3,37,108.4,125.14439659848938
338,3,38,38.94,102.9013916329609
339,3,39,34.58,49.457492860030825
340,3,40,51.88,43.385084994730626
341,3,41,92.32,166.9382448691731
342,3,42,51.88,188.52285166525567
343,3,43,32.74,80.54857168193611
344,3,44,59.88,135.37704975364176
345,3,45,242.72,291.2715598887059
346,3,46,122.14,229.72618570811642
347,3,47,35.62,75.59203397184125
348,3,48,48.84,50.02813608360799
349,3,49,29.5,65.6747287775138
350,3,50,116.74,106.81887660895896
351,3,51,42.5,83.34008639304378
352,3,52,95.68,214.07937219638885
353,3,53,286.3,269.98964794969453
354,3,54,68.28,122.73744986759338
355,3,55,127.08,135.43084434500142
356,3,56,252.1,327.30904356586296
357,3,57,120.1,297.15176257259526
358,3,58,186.74,323.4963251723271
359,3,59,27.86,46.63775723595636
360,3,60,61.82,186.66415724503725
361,3,61,33.98,26.35411922261869
362,3,62,192.42,188.68196416191984
363,3,63,26.02,36.385431150393146
364,3,64,35.42,44.90037416325168
365,3,65,121.98,336.73802814651026
366,3,66,114.88,136.5220333865563
367,3,67,42.18,56.934239258990715
368,3,68,32.92,75.83055848403072
369,3,69,158.3,227.6242737495279
370,3,70,56.58,51.1202856017061
371,3,71,119.64,156.74830270213454
372,3,72,146.88,147.8193004989538
373,3,73,42.38,78.25340631563589
374,3,74,38.98,114.98234473170216
375,3,75,100.14,134.3361470342216
376,3,76,130.7,188.46095086250628
377,3,77,88.8,82.45144025424905
378,3,78,65.76,103.4602455052181
379,3,79,58.68,74.34176215291107
380,3,80,158.58,381.8444232930475
381,3,81,226.48,246.21472254924154
382,3,82,302.94,396.99573851617095
383,3,83,90.68,131.9277741796624
384,3,84,64.86,68.33915715020196
385,3,85,102.9,239.69048792140248
386,3,86,177.92,317.31837891934344
387,3,87,128.78,120.27024403400866
388,3,88,41.78,128.63783113843297
389,3,89,176.54,373.9295767922083
390,3,90,145.28,185.55474017119582
391,3,91,346.06,461.2610718454355
392,3,92,22.82,47.17062221340736
393,3,93,17.92,24.076411692775146
394,3,94,79.78,77.4036924183853
395,3,95,109.98,367.14147082562056
396,3,96,42.1,90.97961310095796
397,3,97,158.76,275.04141942623846
398,3,98,265.76,398.6748830814402
399,3,99,133.44,161.80805418767014
400,4,0,14.92,11.6444664970105
401,4,1,22.26,52.36212753508013
402,4,2,59.66,129.20164240442148
403,4,3,24.86,25.344040719664257
404,4,4,17.94,17.156235018208392
405,4,5,25.22,45.54395239765647
406,4,6,19.96,45.41275591725302
407,4,7,32.06,101.49234650947827
408,4,8,44.3,128.8826210161789
409,4,9,45.94,233.334987517946
410,4,10,27.44,29.20832757964756
411,4,11,50.6,181.3880922221743
412,4,12,54.0,165.9180520618537
413,4,13,104.18,238.89509748004457
414,4,14,18.06,50.9821184338195
415,4,15,35.84,55.52525911691002
416,4,16,54.56,109.77816905013495
417,4,17,43.04,60.96391063571956
418,4,18,66.98,197.50032810099333
419,4,19,58.08,264.24956688706226
420,4,20,42.92,78.24572576185872
421,4,21,67.1,338.5042540353074
422,4,22,22.58,28.0471674149102
423,4,23,117.66,406.11897813325595
424,4,24,38.88,110.2204409354272
425,4,25,32.46,119.45680558260378
426,4,26,61.72,185.92816247142332
427,4,27,36.58,189.23774359255094
428,4,28,16.44,13.666250400164635
429,4,29,72.58,111.16691774084589
430,4,30,46.54,116.49278260905267
431,4,31,34.08,49.06805070511769
432,4,32,28.22,47.9384146588099
433,4,33,33.72,45.257945158833714
434,4,34,24.12,36.50514484288482
435,4,35,31.06,41.36249992444848
436,4,36,39.62,94.91298962734237
437,4,37,53.52,236.85626358616747
438,4,38,33.48,51.239141288667206
439,4,39,46.4,99.43359593215966
440,4,40,21.84,27.87641296867298
441,4,41,26.94,54.66421498567416
442,4,42,66.98,135.15864604234537
443,4,43,28.18,63.86319440804695
444,4,44,37.7,71.38073969916536
445,4,45,18.16,25.775461198589635
446,4,46,81.44,367.27020897426456
447,4,47,69.62,135.88876186057476
448,4,48,28.42,55.38847894643794
449,4,49,68.26,396.4693587151472
450,4,50,29.68,79.43813693686428
451,4,51,28.34,101.1497128023604
452,4,52,53.84,111.11604024622186
453,4,53,18.46,29.945423690440574
454,4,54,35.5,57.87996199031233
455,4,55,25.58,45.82666909126171
456,4,56,23.78,55.817305560193404
457,4,57,89.62,317.8093069751105
458,4,58,52.12,200.07325058587924
459,4,59,32.54,61.982323286562945
460,4,60,38.16,60.96010498678625
461,4,61,19.34,39.130862500077846
462,4,62,41.32,152.89753954854868
463,4,63,81.8,205.41830492923464
464,4,64,52.26,150.0433017498615
465,4,65,39.2,123.85426920377026
466,4,66,76.78,224.7667493202676
467,4,67,33.58,58.839813052048356
468,4,68,14.36,17.57698495191937
469,4,69,48.2,138.13066277984768
470,4,70,57.94,95.96778834588197
471,4,71,23.5,36.036231767486456
472,4,72,20.76,30.165914539426787
473,4,73,86.38,259.5323401813346
474,4,74,75.42,279.0966922054076
475,4,75,24.9,50.262212446329904
476,4,76,84.4,267.2856898526369
477,4,77,33.42,70.08311922281997
478,4,78,26.48,60.777377370202466
479,4,79,32.74,137.93488463764342
480,4,80,57.74,236.65686636985615
481,4,81,49.24,91.57894081064707
482,4,82,42.78,65.46916526121286
483,4,83,49.12,155.23693374967186
484,4,84,27.06,70.95897688101202
485,4,85,99.96,197.2480631083611
486,4,86,36.62,31.920457390206675
487,4,87,65.84,127.37682049729457
488,4,88,54.08,83.40307907985172
489,4,89,28.64,59.62642367273085
490,4,90,33.92,27.517151015321335
491,4,91,24.64,54.76522984522204
492,4,92,43.16,137.65323970034265
493,4,93,16.04,22.176528132239277
494,4,94,90.9,298.6811175819455
495,4,95,41.16,171.74066029918484
496,4,96,21.86,35.06851009096336
497,4,97,54.96,237.53449938903614
498,4,98,51.74,138.08921898540814
499,4,99,40.44,112.4443257794719
