,Replay type,Individual,Mean,STD
0,0,0,91.36,300.7967925360908
1,0,1,21.32,56.53580812193275
2,0,2,59.16,166.74283912660238
3,0,3,45.36,153.79567744250807
4,0,4,73.64,239.96581089813606
5,0,5,43.24,131.63017283282738
6,0,6,77.72,170.92583654907176
7,0,7,40.88,125.73537926932103
8,0,8,58.48,184.3863595822641
9,0,9,34.0,73.68581953130467
10,0,10,36.04,82.02949713365307
11,0,11,26.8,77.73081756935278
12,0,12,44.36,124.21815648285883
13,0,13,75.84,132.76194635512087
14,0,14,95.04,218.2287753711687
15,0,15,28.44,47.987565055960076
16,0,16,108.12,371.4370277718687
17,0,17,40.84,77.96700840740267
18,0,18,55.68,173.58426656814265
19,0,19,48.6,100.66061791982004
20,0,20,116.0,453.5380910133128
21,0,21,36.2,68.14455224007271
22,0,22,43.48,135.75658216086615
23,0,23,93.2,373.0466994894875
24,0,24,31.4,50.844862080646855
25,0,25,58.6,212.4717392972534
26,0,26,81.52,187.03905902244057
27,0,27,68.88,212.83934222788795
28,0,28,70.12,230.43599024457964
29,0,29,46.68,119.21802548272639
30,0,30,43.16,84.30785491281344
31,0,31,43.04,148.84017737156864
32,0,32,27.84,49.14116807728524
33,0,33,43.32,75.714051536026
34,0,34,78.88,198.02167962119705
35,0,35,32.2,39.26015792123104
36,0,36,54.44,61.20070587828216
37,0,37,32.68,116.96348832007362
38,0,38,54.88,96.31503309452788
39,0,39,61.88,99.50490239179175
40,0,40,34.08,50.53151096098355
41,0,41,69.08,239.87862264070134
42,0,42,77.8,253.94267069557256
43,0,43,28.6,50.26648983169603
44,0,44,28.36,71.06497308801292
45,0,45,32.4,56.26864135555434
46,0,46,136.56,279.77863821242687
47,0,47,76.56,266.54291661944427
48,0,48,29.48,104.12535522148292
49,0,49,104.24,250.1529580076957
50,0,50,54.12,93.17438274547357
51,0,51,42.76,90.44259173641588
52,0,52,35.68,101.4620007687607
53,0,53,46.36,145.2878191728405
54,0,54,25.52,50.41517231945162
55,0,55,42.84,110.38430323193602
56,0,56,86.16,215.89973228329856
57,0,57,95.28,352.5692578770871
58,0,58,72.04,127.0365238819136
59,0,59,86.28,214.09970013991145
60,0,60,37.8,113.19434614855993
61,0,61,37.08,84.5155228345657
62,0,62,96.84,211.28060583025604
63,0,63,44.08,119.8238440378208
64,0,64,49.32,192.04951861434068
65,0,65,88.0,209.57308987558494
66,0,66,36.68,108.55661011656545
67,0,67,62.24,164.5314024738135
68,0,68,36.56,113.24136346759524
69,0,69,58.96,142.11332942409027
70,0,70,79.36,248.87006730420597
71,0,71,50.32,100.21924765233472
72,0,72,101.52,395.4603514892485
73,0,73,72.0,126.60805661568304
74,0,74,91.16,273.3109116006897
75,0,75,46.32,122.62910584359653
76,0,76,63.68,94.9710355845402
77,0,77,62.52,123.00280322008926
78,0,78,40.56,97.24446719479727
79,0,79,52.96,112.95219519779154
80,0,80,116.04,347.9168268422785
81,0,81,46.08,101.65861301434325
82,0,82,49.56,166.95678003603211
83,0,83,28.04,39.072732179871934
84,0,84,123.64,419.88454413088357
85,0,85,81.76,287.4724724212737
86,0,86,64.44,89.38191315920687
87,0,87,23.4,46.85552262007117
88,0,88,30.56,55.49203906868081
89,0,89,100.92,279.8032051281757
90,0,90,66.88,106.32942019967945
91,0,91,44.64,97.33524746976299
92,0,92,52.52,161.87973807737643
93,0,93,35.96,125.6797453848471
94,0,94,68.72,166.36430386353916
95,0,95,45.64,90.25558376078457
96,0,96,43.48,102.38403000468384
97,0,97,70.08,184.47480478374277
98,0,98,93.96,307.9673333326117
99,0,99,48.64,136.03054951002736
100,1,0,44.24,125.09781133177351
101,1,1,69.92,283.32524349235104
102,1,2,15.72,11.612131587266827
103,1,3,23.04,35.74518708861376
104,1,4,29.64,25.133053933018168
105,1,5,144.08,648.5071422891193
106,1,6,45.4,64.15980049844296
107,1,7,36.52,57.74850301090064
108,1,8,115.32,381.6212488842832
109,1,9,44.92,100.85828473655498
110,1,10,26.4,34.82068350851259
111,1,11,19.56,19.279170106620256
112,1,12,16.56,38.73714496449112
113,1,13,75.52,129.19446427769265
114,1,14,56.32,192.29034713162278
115,1,15,139.8,436.1432792099405
116,1,16,85.2,145.32226257528475
117,1,17,6.72,2.341281700265903
118,1,18,18.4,39.72002014098181
119,1,19,88.48,308.91838663310415
120,1,20,37.08,60.65635663308505
121,1,21,45.4,66.96506551926907
122,1,22,51.48,89.5348513150047
123,1,23,66.52,69.27979214749422
124,1,24,25.6,60.83485842837149
125,1,25,21.4,22.868318696397424
126,1,26,35.68,24.629608198264137
127,1,27,59.28,83.97881637651247
128,1,28,53.8,164.6348687247024
129,1,29,33.92,42.80085980444785
130,1,30,10.92,11.589374443860205
131,1,31,75.68,128.11142650052724
132,1,32,15.04,20.207879651264744
133,1,33,48.56,89.97069745200379
134,1,34,39.88,107.58264544061001
135,1,35,33.48,133.81214294674453
136,1,36,118.2,422.3282135969607
137,1,37,124.56,440.9382795811677
138,1,38,41.12,82.16924972275213
139,1,39,37.28,30.560785330223435
140,1,40,70.56,111.51684357082566
141,1,41,172.0,522.5468400057549
142,1,42,152.48,646.6951751791565
143,1,43,103.8,225.6686065893969
144,1,44,57.96,199.80219818610604
145,1,45,46.6,105.45520375970071
146,1,46,118.88,439.4652495931845
147,1,47,170.48,428.4999061843539
148,1,48,109.0,458.72065573723626
149,1,49,19.04,45.48096744793365
150,1,50,42.04,101.74378801676298
151,1,51,44.56,78.14145122788543
152,1,52,97.68,131.97900439084998
153,1,53,67.64,228.08785675699616
154,1,54,24.04,44.3355207480413
155,1,55,30.96,48.04288084617741
156,1,56,82.0,111.26293183266384
157,1,57,47.68,88.31249968152866
158,1,58,35.56,33.846807825849694
159,1,59,36.24,58.95848030605945
160,1,60,28.8,39.5170849127311
161,1,61,31.04,61.29631636566752
162,1,62,28.16,91.02381226909802
163,1,63,266.2,613.1378311603353
164,1,64,20.2,18.02664694279
165,1,65,30.48,51.638838096920814
166,1,66,90.6,171.1228798261647
167,1,67,69.28,95.08838835525609
168,1,68,40.72,72.86015097431516
169,1,69,41.56,52.5837085036801
170,1,70,8.12,3.191488680850991
171,1,71,47.24,72.07012140963828
172,1,72,14.16,14.307145068111948
173,1,73,106.12,192.97985801632254
174,1,74,39.36,119.99629327608417
175,1,75,60.6,223.0671647733032
176,1,76,29.4,15.320574401764446
177,1,77,21.0,41.003414491966396
178,1,78,29.48,84.07335844368296
179,1,79,98.44,148.24198595539661
180,1,80,146.4,604.5633134751066
181,1,81,98.92,436.6298129995249
182,1,82,17.16,46.571819805543335
183,1,83,248.32,356.0543464135778
184,1,84,23.72,82.74467717019633
185,1,85,110.4,402.9858558311941
186,1,86,78.04,236.31444814060782
187,1,87,55.04,83.7278830497941
188,1,88,95.48,268.1008944408802
189,1,89,25.2,89.44227188527807
190,1,90,34.24,40.001279979520646
191,1,91,53.4,116.96905573697687
192,1,92,45.8,59.28979676133154
193,1,93,6.6,1.3564659966250538
194,1,94,11.16,15.8333319298245
195,1,95,58.68,152.91349711519905
196,1,96,69.28,109.53666783319638
197,1,97,29.08,86.66021924735712
198,1,98,136.36,356.5056947651749
199,1,99,29.0,51.815055727076086
200,2,0,22.32,49.42689146608353
201,2,1,99.56,143.427774158285
202,2,2,19.64,20.448726121692765
203,2,3,25.76,47.31535057462853
204,2,4,19.52,11.97036340300494
205,2,5,38.92,78.3290086749475
206,2,6,52.92,77.78273330244959
207,2,7,99.36,293.2511387872177
208,2,8,72.64,272.3211163314369
209,2,9,58.36,161.0304020984857
210,2,10,55.28,147.61477432831717
211,2,11,21.08,69.19070457799953
212,2,12,15.68,45.60589435588345
213,2,13,96.6,326.713085137403
214,2,14,48.48,175.24842253213006
215,2,15,164.0,347.76463304942325
216,2,16,71.8,153.50283385006287
217,2,17,7.12,3.6367018024578255
218,2,18,45.0,84.37867029054203
219,2,19,256.12,477.62255558128743
220,2,20,22.2,21.568495543268657
221,2,21,29.52,28.141243753608336
222,2,22,26.24,40.71685646019348
223,2,23,39.2,47.899060533584574
224,2,24,26.8,73.02218840872959
225,2,25,25.08,51.69752025000813
226,2,26,26.16,48.656904957056206
227,2,27,111.72,163.87690990496498
228,2,28,231.64,487.0485708838494
229,2,29,23.0,19.20208322031753
230,2,30,17.44,16.159405929674516
231,2,31,94.0,138.1654081165036
232,2,32,10.32,14.186528821385453
233,2,33,21.72,21.856843321943817
234,2,34,64.36,156.1529711532893
235,2,35,8.88,3.5812846856959024
236,2,36,42.72,95.87430104047695
237,2,37,59.96,171.50078250550348
238,2,38,46.76,93.20698686257377
239,2,39,55.84,66.13965829969187
240,2,40,79.04,324.4654040109669
241,2,41,41.76,83.04373787348449
242,2,42,74.84,291.68170048873486
243,2,43,37.4,26.762660555333433
244,2,44,114.4,229.66427671712466
245,2,45,26.48,33.17724521415243
246,2,46,78.68,301.8452212641439
247,2,47,156.84,470.79317582140027
248,2,48,79.88,176.6146811564656
249,2,49,34.4,53.27888887730298
250,2,50,114.12,280.8910564613975
251,2,51,22.08,18.68886299377252
252,2,52,38.44,133.9865903738132
253,2,53,109.72,146.07163174278568
254,2,54,17.44,11.22525723535991
255,2,55,23.6,29.601351320505625
256,2,56,74.96,95.32994492812844
257,2,57,162.08,555.9542369655977
258,2,58,31.76,28.06033499443654
259,2,59,14.56,9.583652748300098
260,2,60,22.0,27.142586464815768
261,2,61,36.44,38.44484880969101
262,2,62,62.92,240.06131216837085
263,2,63,153.56,611.76695432166
264,2,64,10.08,6.644817529473627
265,2,65,31.12,109.13343025856007
266,2,66,100.84,192.39681494245167
267,2,67,25.24,37.40190369486559
268,2,68,86.16,94.28284255366933
269,2,69,42.28,82.63051252412755
270,2,70,38.84,60.56842741891191
271,2,71,24.04,54.40549972199502
272,2,72,25.2,43.67058506592279
273,2,73,43.84,146.961948816692
274,2,74,49.4,167.81632816862611
275,2,75,25.88,54.07204083442754
276,2,76,224.8,374.00588230668245
277,2,77,84.96,183.5231821868834
278,2,78,232.88,459.6102975347702
279,2,79,61.32,112.86938291671486
280,2,80,95.72,319.6999243040261
281,2,81,87.04,143.74769006839728
282,2,82,31.48,22.68412660871033
283,2,83,75.0,151.47303390372824
284,2,84,42.52,116.818532776268
285,2,85,39.0,53.398127307987124
286,2,86,140.4,364.6364765077679
287,2,87,34.56,115.19551380153653
288,2,88,84.88,97.17873018310128
289,2,89,51.88,75.21984844440993
290,2,90,42.52,46.81548461780567
291,2,91,32.12,38.11070190904386
292,2,92,18.52,35.427808286711716
293,2,93,7.4,1.2961481396815722
294,2,94,13.32,22.788979792873572
295,2,95,31.08,27.891102523923287
296,2,96,56.24,93.95457625895612
297,2,97,25.32,63.2599209610635
298,2,98,92.2,276.8833689480103
299,2,99,38.24,104.96753021768208
300,3,0,211.56,143.34324678895757
301,3,1,147.6,348.61990763580894
302,3,2,65.88,44.29656420084971
303,3,3,327.2,306.2848347535346
304,3,4,76.64,110.42422922529278
305,3,5,126.72,262.8052541331699
306,3,6,192.12,252.56924911793993
307,3,7,141.16,156.13652487486715
308,3,8,577.04,450.47303848288186
309,3,9,138.0,163.09629057706985
310,3,10,27.12,28.14294938346015
311,3,11,173.68,87.27186029872401
312,3,12,319.32,214.04910090911386
313,3,13,28.72,40.761275740584956
314,3,14,41.92,83.81261002975626
315,3,15,258.36,304.4093139179549
316,3,16,119.36,84.78531948397669
317,3,17,209.84,197.26544147417204
318,3,18,34.12,132.4580899756599
319,3,19,114.56,75.66192173081515
320,3,20,201.72,144.30509900900935
321,3,21,133.12,64.8958057196303
322,3,22,96.16,110.32087019236207
323,3,23,96.04,169.4941839710142
324,3,24,136.16,153.84269368416557
325,3,25,121.68,314.5359400768058
326,3,26,357.32,165.63591880990063
327,3,27,228.12,345.5532746191243
328,3,28,569.24,109.4127158971936
329,3,29,27.28,44.5371934454788
330,3,30,119.56,160.2812727675944
331,3,31,69.48,42.174039408147756
332,3,32,148.72,160.40112717808438
333,3,33,54.12,111.0543362503239
334,3,34,295.88,313.6263152224316
335,3,35,501.8,279.6266081759746
336,3,36,74.16,162.20497649579065
337,3,37,200.16,119.96622191267008
338,3,38,59.16,140.01105099241275
339,3,39,41.8,45.1840679886174
340,3,40,74.08,49.850111333877685
341,3,41,161.4,213.95588330307726
342,3,42,85.4,261.828493483807
343,3,43,53.4,109.92506538547066
344,3,44,98.04,183.258610711748
345,3,45,464.12,267.42614980588564
346,3,46,219.48,292.71530469041073
347,3,47,45.88,98.94172830509886
348,3,48,67.24,61.37900618289612
349,3,49,38.88,90.0556805537552
350,3,50,207.88,76.17943029453555
351,3,51,35.28,44.129373437654884
352,3,52,167.4,283.8467191989367
353,3,53,544.12,108.48126842916245
354,3,54,107.32,158.29964497749197
355,3,55,225.44,122.08360414076905
356,3,56,478.4,331.53871568792687
357,3,57,203.84,393.5321770833994
358,3,58,353.24,392.01870159470707
359,3,59,10.52,5.478101861046397
360,3,60,95.2,259.3212679284135
361,3,61,40.96,33.155970804668044
362,3,62,359.6,110.15189512668407
363,3,63,24.56,42.34626784027135
364,3,64,30.2,33.56903334920444
365,3,65,220.24,455.1892160409778
366,3,66,219.16,124.35165620127462
367,3,67,66.52,71.36784710217901
368,3,68,52.44,103.46519414759729
369,3,69,284.0,265.30420275600613
370,3,70,73.8,49.747361739091254
371,3,71,224.64,164.2086185314279
372,3,72,256.64,131.6747143532121
373,3,73,49.2,83.83841601557131
374,3,74,42.88,158.4510826722241
375,3,75,180.92,151.14467770980227
376,3,76,233.84,222.22775344227372
377,3,77,161.24,55.08413927801723
378,3,78,96.64,122.29108880045185
379,3,79,94.76,91.3035727668967
380,3,80,300.56,501.1874763000368
381,3,81,427.64,195.97425953425616
382,3,82,589.68,388.17858982689916
383,3,83,161.4,152.29024919540976
384,3,84,92.12,22.23208492247184
385,3,85,179.6,319.9202400599249
386,3,86,338.96,386.5806492829148
387,3,87,234.24,80.52094385934632
388,3,88,59.2,177.21534922235142
389,3,89,335.88,477.20958246875136
390,3,90,265.56,199.47111670615374
391,3,91,672.68,460.4805072964544
392,3,92,21.2,64.95105849791825
393,3,93,7.36,6.09183059514954
394,3,94,123.96,79.63892515598135
395,3,95,200.04,503.0640102412416
396,3,96,59.16,125.23407842915601
397,3,97,288.64,341.21252966443075
398,3,98,504.12,449.17358070126966
399,3,99,238.68,172.95819610530168
400,4,0,9.6,4.069397989875161
401,4,1,21.36,70.58208271225782
402,4,2,99.6,172.86572824015755
403,4,3,29.6,34.1279943741205
404,4,4,6.28,1.3120975573485383
405,4,5,23.8,58.10748660886995
406,4,6,25.36,62.936081860884855
407,4,7,45.8,140.19472172660429
408,4,8,73.0,177.20677187963219
409,4,9,78.12,326.7770273443345
410,4,10,29.24,35.02031410481636
411,4,11,79.12,251.42176834952062
412,4,12,54.6,232.60077385941773
413,4,13,101.56,278.3459832654317
414,4,14,5.56,1.1341957503006266
415,4,15,50.12,74.31786864543412
416,4,16,74.32,146.06894810328444
417,4,17,58.6,80.03399277806899
418,4,18,49.24,193.1455989661686
419,4,19,88.76,364.97093363718716
420,4,20,54.68,105.69341322901818
421,4,21,110.72,474.21695625525666
422,4,22,27.28,36.03278507137632
423,4,23,210.6,558.2234677976197
424,4,24,50.76,154.3866004548322
425,4,25,43.68,165.67745048738533
426,4,26,78.8,256.55362012647566
427,4,27,59.72,265.42291084230084
428,4,28,17.48,18.389388244310897
429,4,29,90.2,130.61546615925695
430,4,30,62.0,157.87134002091705
431,4,31,46.44,58.63929058233907
432,4,32,12.04,16.359657698130487
433,4,33,39.56,60.54821549806401
434,4,34,21.28,49.33114229368705
435,4,35,35.52,47.4696703169508
436,4,36,54.32,130.84119229050154
437,4,37,85.64,331.4069256970952
438,4,38,47.64,66.06474400162314
439,4,39,57.8,128.90896012302636
440,4,40,18.12,35.285487101639966
441,4,41,25.2,73.8051488718775
442,4,42,103.32,183.04222900740692
443,4,43,41.2,87.98909023282377
444,4,44,38.8,97.43756975622905
445,4,45,17.48,31.592556085255282
446,4,46,142.68,511.19215330441057
447,4,47,116.4,176.86446788430968
448,4,48,34.76,73.85947738780717
449,4,49,122.2,555.4470631842427
450,4,50,39.12,110.0924411574201
451,4,51,35.0,141.88248658661152
452,4,52,84.4,148.5602907913148
453,4,53,13.56,26.185614371253543
454,4,54,38.48,69.31154016467966
455,4,55,8.96,3.682173271316819
456,4,56,24.44,65.0864532756241
457,4,57,143.76,434.2362748550608
458,4,58,76.36,280.003268552351
459,4,59,24.52,59.07427189563996
460,4,60,52.72,79.55803919152355
461,4,61,18.32,54.51291223187399
462,4,62,58.4,207.1418837415553
463,4,63,104.32,281.5675719964926
464,4,64,79.28,207.13059069099376
465,4,65,57.32,171.63349789595273
466,4,66,104.4,296.9979124505759
467,4,67,40.84,77.01723443489774
468,4,68,16.0,24.5161171477051
469,4,69,70.56,190.7228523276642
470,4,70,76.72,117.1199453551785
471,4,71,28.28,49.10358031752878
472,4,72,15.96,28.740883772076316
473,4,73,131.16,353.3745525642728
474,4,74,108.76,388.9314880541301
475,4,75,32.64,69.37427765389705
476,4,76,129.84,370.51258332207834
477,4,77,42.76,97.61076989758868
478,4,78,25.8,52.39847326020101
479,4,79,50.96,193.19885713947693
480,4,80,90.6,331.2175116143469
481,4,81,73.4,116.97726274793747
482,4,82,56.2,84.61631048444504
483,4,83,74.28,212.89086781729273
484,4,84,20.8,50.388887663849054
485,4,85,174.28,257.39518565816263
486,4,86,38.92,25.874960869535627
487,4,87,111.2,167.30427370512683
488,4,88,73.28,109.03559785684673
489,4,89,35.68,76.89510777676303
490,4,90,28.0,24.99599967994879
491,4,91,29.96,75.13480152366148
492,4,92,61.72,191.92738626886984
493,4,93,6.92,2.8833314065504156
494,4,94,21.76,54.02612701277042
495,4,95,57.96,240.91616467144752
496,4,96,14.72,45.38151165397644
497,4,97,90.28,330.5687849752303
498,4,98,69.32,185.2755180805063
499,4,99,54.12,155.6144774755871
