,Replay type,Individual,Mean,STD
0,0,0,31.66,99.98492086309811
1,0,1,23.4,53.35203838655093
2,0,2,37.98,81.72600320583406
3,0,3,25.28,50.426596157186744
4,0,4,33.04,95.21700688427464
5,0,5,29.56,35.224514191114125
6,0,6,26.04,39.0814329317644
7,0,7,31.32,78.6044375337678
8,0,8,45.72,173.78044078664323
9,0,9,9.9,12.221702009131134
10,0,10,31.82,59.08931883174825
11,0,11,50.02,129.71684393323793
12,0,12,38.66,125.99628724688674
13,0,13,27.66,67.3574375997187
14,0,14,71.76,367.3981796362089
15,0,15,27.22,81.43544437160033
16,0,16,30.52,59.90033055000615
17,0,17,30.72,81.67105729693965
18,0,18,34.52,84.03171782130842
19,0,19,23.86,45.75150707900234
20,0,20,38.46,108.9602147574976
21,0,21,30.38,89.55085482562404
22,0,22,18.86,24.88293391061431
23,0,23,66.34,249.43621308863723
24,0,24,46.16,142.5778888888456
25,0,25,64.06,113.31044259025734
26,0,26,48.0,130.1559065121518
27,0,27,43.92,126.3335014950508
28,0,28,24.4,45.84190222929237
29,0,29,45.8,111.42441384185068
30,0,30,38.66,84.54788229163404
31,0,31,24.84,74.79822457786022
32,0,32,52.98,133.93259349389155
33,0,33,35.08,84.4354996432188
34,0,34,32.54,73.4076862460601
35,0,35,36.28,73.29011938863245
36,0,36,33.36,68.23716289530213
37,0,37,20.06,46.89111216424707
38,0,38,43.82,102.96964407047348
39,0,39,29.22,67.3558579486595
40,0,40,34.08,79.37955404258709
41,0,41,33.38,103.11059887324872
42,0,42,46.88,129.52940052358773
43,0,43,44.14,165.1079658889903
44,0,44,39.36,121.29827039162593
45,0,45,24.62,47.22325274692544
46,0,46,42.16,117.79293017834298
47,0,47,58.38,158.99885408392112
48,0,48,27.32,60.89677823990361
49,0,49,31.98,95.70715542737648
50,0,50,36.18,85.31440441097861
51,0,51,48.74,123.98835590489938
52,0,52,35.68,89.12428176428692
53,0,53,24.38,57.41041368950415
54,0,54,36.62,84.84571645050798
55,0,55,73.5,269.0222481505944
56,0,56,35.48,87.4311706429692
57,0,57,47.7,136.48593334113224
58,0,58,73.44,237.68417364225155
59,0,59,43.26,135.88595365231825
60,0,60,43.54,120.22166360519226
61,0,61,27.72,59.99567984446876
62,0,62,21.2,42.67505125948883
63,0,63,53.74,155.69763132430757
64,0,64,45.58,132.41723301745887
65,0,65,42.0,82.37960912750194
66,0,66,22.08,32.67466296689227
67,0,67,24.88,72.96975811937433
68,0,68,22.0,49.2284470606173
69,0,69,36.4,55.75410298803127
70,0,70,38.72,109.04036683724055
71,0,71,42.9,163.36661225599315
72,0,72,42.06,123.38094018121281
73,0,73,70.58,225.91848884055506
74,0,74,71.62,236.1584120881575
75,0,75,44.1,168.9777796043019
76,0,76,24.44,42.810821061969826
77,0,77,46.32,144.5052857164748
78,0,78,53.46,137.5109028404657
79,0,79,53.36,155.11334694345288
80,0,80,25.44,56.76553884180083
81,0,81,37.72,68.21789794474759
82,0,82,31.7,87.87291960553033
83,0,83,20.88,53.91535588308766
84,0,84,29.16,77.92595459793863
85,0,85,22.28,44.5093428394534
86,0,86,31.72,90.9287721241192
87,0,87,36.82,117.69531681422158
88,0,88,43.72,125.94713811754515
89,0,89,42.1,161.09379255576542
90,0,90,38.06,88.48557170522213
91,0,91,19.42,29.034524277142904
92,0,92,36.26,61.74230640330826
93,0,93,33.68,89.8083381429586
94,0,94,36.26,82.8813151440058
95,0,95,49.66,129.08688701800816
96,0,96,45.06,155.98530828254303
97,0,97,29.16,48.719343181122625
98,0,98,33.52,66.00219390293024
99,0,99,31.26,84.46178070583166
100,1,0,19.18,61.45655050521463
101,1,1,17.16,15.263498943558128
102,1,2,10.1,15.26597523907334
103,1,3,26.16,101.15500185359106
104,1,4,30.62,125.65904503854867
105,1,5,55.64,260.0218267761382
106,1,6,14.88,16.87203603599755
107,1,7,84.74,490.6759749569974
108,1,8,17.62,47.78740001297414
109,1,9,19.2,74.13690039379851
110,1,10,21.04,61.34132701531656
111,1,11,36.74,169.0678928714733
112,1,12,16.76,44.142297176291116
113,1,13,34.84,163.2038430920056
114,1,14,16.38,34.54555832520296
115,1,15,55.66,269.7130037651132
116,1,16,20.84,82.00764842379034
117,1,17,40.68,214.6883732296651
118,1,18,18.4,60.455272722898236
119,1,19,32.48,142.45479844498047
120,1,20,26.96,117.60271425439132
121,1,21,11.52,21.851535415160196
122,1,22,13.24,17.144748467096274
123,1,23,40.76,194.12269934245197
124,1,24,20.84,79.80560381326619
125,1,25,16.3,25.434032318922615
126,1,26,21.28,91.60262878323964
127,1,27,19.56,72.67988992837013
128,1,28,15.64,37.45597949593632
129,1,29,14.18,13.611304125615591
130,1,30,43.22,234.75768698809418
131,1,31,44.46,233.99403496670598
132,1,32,19.86,58.453061510925174
133,1,33,14.74,21.27045838716222
134,1,34,24.98,115.36888488669727
135,1,35,17.62,41.68303731735486
136,1,36,18.64,29.205314584849127
137,1,37,17.46,75.14152247592533
138,1,38,21.92,71.96466910922334
139,1,39,53.64,252.2445448369498
140,1,40,13.28,10.311236589274825
141,1,41,14.12,21.53475330715446
142,1,42,54.64,308.0691974216181
143,1,43,13.76,16.825647090082445
144,1,44,23.08,104.47235806661976
145,1,45,21.36,71.86118841210462
146,1,46,23.76,91.6669100602829
147,1,47,17.8,32.973929095574874
148,1,48,40.98,191.52592409384164
149,1,49,31.62,129.46225550329336
150,1,50,20.28,50.19244564673056
151,1,51,48.64,259.3240258826782
152,1,52,17.0,40.09388980879755
153,1,53,25.68,66.51900179647919
154,1,54,15.82,34.388771423242204
155,1,55,35.12,96.97703645709122
156,1,56,14.74,35.372763533543726
157,1,57,32.58,138.1801852654714
158,1,58,20.2,71.7052299347823
159,1,59,20.52,51.28283923497214
160,1,60,29.24,135.44601286121346
161,1,61,36.06,197.66197509890463
162,1,62,20.98,65.59100243173602
163,1,63,30.18,156.44969670791954
164,1,64,25.22,90.57445335192482
165,1,65,18.8,48.229866265624246
166,1,66,60.34,357.74687196396275
167,1,67,22.76,90.19081106188152
168,1,68,13.98,36.89254125158633
169,1,69,35.68,175.63068524605828
170,1,70,27.94,104.16283598289756
171,1,71,34.72,97.16296413757661
172,1,72,18.04,31.02641455276455
173,1,73,25.22,94.96300121626317
174,1,74,21.06,57.64595736042554
175,1,75,17.94,64.14059868757072
176,1,76,28.46,129.63582992367498
177,1,77,20.28,56.04249815987866
178,1,78,26.88,93.404205472773
179,1,79,19.54,35.29657773779209
180,1,80,34.84,180.9362716538616
181,1,81,34.88,94.02991864295107
182,1,82,30.52,145.49491262583715
183,1,83,23.18,87.9499152927392
184,1,84,20.64,57.59783329258142
185,1,85,22.74,64.56866422654258
186,1,86,32.64,151.61553482410696
187,1,87,34.12,118.8083566084474
188,1,88,42.38,216.27980858138395
189,1,89,21.48,74.19305627887289
190,1,90,15.06,31.759981108306725
191,1,91,28.48,128.32743120627018
192,1,92,10.98,13.358877198327722
193,1,93,26.5,96.48714940343092
194,1,94,20.78,61.84053363288515
195,1,95,20.5,71.83098217343266
196,1,96,30.02,125.07573545656246
197,1,97,50.34,294.526848351725
198,1,98,27.66,108.44143304106605
199,1,99,19.5,61.364566322919615
200,2,0,26.38,124.82834453760903
201,2,1,21.28,55.21776525720684
202,2,2,13.7,30.818338696302224
203,2,3,29.1,143.00283213978668
204,2,4,20.64,54.07430443380665
205,2,5,17.46,59.5487061152465
206,2,6,34.8,134.70679270177877
207,2,7,31.7,157.79534213657885
208,2,8,24.24,94.9289334186369
209,2,9,19.24,78.13643452321074
210,2,10,14.08,20.910131515607457
211,2,11,20.78,69.49770931476807
212,2,12,22.26,86.2769517310388
213,2,13,28.76,107.57705331528648
214,2,14,12.62,35.0558925146686
215,2,15,29.32,134.57836973302958
216,2,16,27.2,130.28860272487373
217,2,17,21.08,69.10682744852348
218,2,18,29.64,138.92699665651733
219,2,19,25.18,104.66569447531508
220,2,20,33.06,156.006590886411
221,2,21,24.9,94.16055437389906
222,2,22,14.18,23.00407789936384
223,2,23,20.78,41.322289384786025
224,2,24,25.82,125.65439745587888
225,2,25,16.94,30.40224333828014
226,2,26,40.98,231.3141145715064
227,2,27,31.02,145.65074527787357
228,2,28,12.0,29.245170541475733
229,2,29,13.48,16.539939540397366
230,2,30,44.86,226.19893987373163
231,2,31,44.12,229.76053969295955
232,2,32,48.14,176.42210859186554
233,2,33,16.38,46.06121578942527
234,2,34,25.72,131.38965560499815
235,2,35,11.22,16.90241402877117
236,2,36,14.7,29.513556207275325
237,2,37,11.86,37.01675836698836
238,2,38,21.04,70.22249212325065
239,2,39,19.42,44.60004035872615
240,2,40,12.54,22.109916327295313
241,2,41,15.5,17.030854353202603
242,2,42,42.04,216.72701354468927
243,2,43,21.16,72.568136258278
244,2,44,12.3,25.818791606115113
245,2,45,53.94,264.41084773511085
246,2,46,20.68,65.4780696111301
247,2,47,30.94,133.53911936208064
248,2,48,38.52,178.01002668389214
249,2,49,57.3,309.3405405051202
250,2,50,21.8,65.24660910729385
251,2,51,22.7,43.39919354089428
252,2,52,19.54,46.459535081617
253,2,53,17.2,30.567302792362945
254,2,54,23.98,82.94371344472111
255,2,55,32.24,147.08794104208545
256,2,56,17.9,60.83691313668045
257,2,57,13.12,33.02643789451112
258,2,58,17.68,36.46172788006622
259,2,59,24.0,79.21136282125185
260,2,60,25.2,103.58107935332589
261,2,61,13.8,37.54091101718232
262,2,62,21.74,71.55719670305704
263,2,63,24.06,101.05927171714625
264,2,64,56.08,300.7463941595977
265,2,65,34.02,158.91966398152255
266,2,66,28.94,132.08791163463826
267,2,67,37.86,200.8749869943991
268,2,68,17.92,67.47913455283789
269,2,69,36.04,181.2753662249783
270,2,70,29.88,119.36274795764376
271,2,71,22.56,86.26868725093708
272,2,72,30.2,131.65454796549946
273,2,73,35.66,169.29779797741017
274,2,74,22.94,104.8065665881676
275,2,75,27.36,132.0139022982049
276,2,76,22.3,96.86965469123963
277,2,77,21.88,61.241698212900666
278,2,78,23.96,73.79565298850603
279,2,79,30.14,141.25537299515366
280,2,80,35.58,176.11133864689128
281,2,81,23.16,45.94185890884261
282,2,82,14.52,9.457779866332267
283,2,83,14.1,29.17139009372028
284,2,84,24.88,66.88845640317916
285,2,85,21.8,53.0878517176953
286,2,86,22.42,81.79317575446014
287,2,87,31.32,115.14902344353598
288,2,88,20.5,59.53965065399695
289,2,89,47.04,254.28149441121334
290,2,90,15.8,36.070486550641355
291,2,91,14.92,34.813698453338766
292,2,92,12.64,28.046932096042188
293,2,93,60.84,329.6256883193418
294,2,94,29.12,99.63626648966728
295,2,95,32.44,124.14091348141432
296,2,96,19.44,45.79963318630404
297,2,97,56.94,337.95635280313945
298,2,98,57.7,325.11784017491254
299,2,99,63.9,369.7511189976305
300,3,0,11.76,13.484153662725733
301,3,1,15.54,19.260539971662276
302,3,2,17.64,16.598505956862507
303,3,3,95.48,264.29243197639994
304,3,4,63.36,224.29130700943355
305,3,5,30.22,66.13086722552484
306,3,6,28.56,23.42149440151076
307,3,7,68.92,289.8674759264999
308,3,8,78.54,118.08644460732995
309,3,9,55.18,169.59312368135681
310,3,10,35.66,115.0859869836463
311,3,11,36.82,79.64764654401283
312,3,12,14.06,30.311324616387203
313,3,13,22.78,60.288735266217046
314,3,14,25.82,77.96375824702135
315,3,15,75.74,85.06040441944772
316,3,16,24.94,54.015705123602714
317,3,17,39.12,66.29860933684809
318,3,18,57.0,110.22594975775895
319,3,19,17.36,29.522032450358147
320,3,20,39.98,78.6682884013628
321,3,21,93.62,254.85830494610138
322,3,22,66.34,81.64939926294622
323,3,23,45.8,65.90235200658623
324,3,24,30.5,142.89076247259652
325,3,25,16.76,22.20050449877208
326,3,26,38.54,56.92669321153301
327,3,27,82.18,216.1977511446407
328,3,28,35.5,119.3891536112054
329,3,29,11.98,13.031484949920326
330,3,30,44.66,132.9930238771944
331,3,31,149.06,272.7403461169615
332,3,32,98.4,162.89223431459217
333,3,33,23.36,66.49052864882336
334,3,34,119.94,165.12557766742253
335,3,35,37.16,71.60847994476634
336,3,36,58.68,141.7712862324385
337,3,37,27.02,22.8626245212574
338,3,38,59.9,72.08779369629785
339,3,39,36.5,138.4365919834781
340,3,40,12.84,11.22739506742325
341,3,41,29.74,101.82608899491333
342,3,42,129.42,418.1947914548913
343,3,43,79.88,112.1953011493797
344,3,44,46.36,34.526951791318034
345,3,45,100.2,275.6191575344501
346,3,46,24.52,49.809332458887674
347,3,47,93.7,555.8343008487332
348,3,48,89.62,272.84148438241573
349,3,49,62.7,91.88041140526093
350,3,50,49.54,73.56798488473093
351,3,51,96.72,132.8778446544043
352,3,52,99.78,112.618877636034
353,3,53,29.88,51.797158223207575
354,3,54,71.58,101.16384532035147
355,3,55,50.8,162.6973878093929
356,3,56,36.42,110.18676690056755
357,3,57,116.36,123.18664862719497
358,3,58,114.84,267.7557364464859
359,3,59,34.1,50.33934842645464
360,3,60,76.06,136.4477057337352
361,3,61,49.14,54.720018274850744
362,3,62,53.96,102.77430807356475
363,3,63,44.48,65.84777596851696
364,3,64,49.78,140.20959881548765
365,3,65,50.1,280.3527955986884
366,3,66,155.3,189.09957694294295
367,3,67,128.16,154.99720771678437
368,3,68,92.58,248.43744403772953
369,3,69,29.66,78.86637052635302
370,3,70,40.18,80.94805494883741
371,3,71,120.06,375.52067373181995
372,3,72,25.4,96.53103128010181
373,3,73,50.14,75.55263330950152
374,3,74,83.86,177.1595902004743
375,3,75,70.38,135.65955771710298
376,3,76,30.7,132.02488401812738
377,3,77,39.74,28.019143455858888
378,3,78,62.82,241.37652661350484
379,3,79,26.24,107.87187956089402
380,3,80,33.68,69.82218558595828
381,3,81,96.72,325.921526751456
382,3,82,15.36,11.499147794510685
383,3,83,19.82,29.28596250765886
384,3,84,52.3,81.5255174776585
385,3,85,92.7,130.89174916701202
386,3,86,26.54,73.12898467775968
387,3,87,114.7,106.98827038512214
388,3,88,68.84,234.75351839748862
389,3,89,37.76,68.24091441356865
390,3,90,16.16,19.030880168820364
391,3,91,17.72,29.426545838749075
392,3,92,19.82,58.18648984085563
393,3,93,77.58,244.87801779661646
394,3,94,34.14,133.24293752390787
395,3,95,79.16,194.261716248982
396,3,96,144.6,212.0674421027424
397,3,97,54.84,129.5237985854337
398,3,98,71.98,131.9306620918731
399,3,99,135.26,198.4394930451093
400,4,0,17.54,46.647276447827046
401,4,1,25.6,52.180072824786315
402,4,2,17.58,40.57688504555273
403,4,3,9.16,11.773461682954585
404,4,4,23.16,59.723147941145896
405,4,5,24.5,42.65829344922275
406,4,6,28.74,95.91742490288195
407,4,7,48.82,260.67402555682435
408,4,8,24.84,101.98497144187466
409,4,9,10.8,10.539449701004314
410,4,10,41.88,178.5143848545546
411,4,11,14.72,27.64636684991355
412,4,12,20.94,51.55440233384536
413,4,13,15.08,31.786059837608036
414,4,14,17.92,39.14426650226062
415,4,15,22.9,48.80174177219498
416,4,16,15.06,33.363099376406865
417,4,17,15.98,32.20837779212112
418,4,18,15.32,26.942486893380856
419,4,19,22.86,54.9472510686385
420,4,20,23.34,38.850281852259435
421,4,21,16.48,36.62908134256165
422,4,22,13.64,23.098709920686048
423,4,23,34.1,125.0454717292873
424,4,24,24.5,54.767965089092
425,4,25,20.3,23.181242417092324
426,4,26,16.98,45.50801687615051
427,4,27,22.98,79.75574963599804
428,4,28,17.44,26.855286258016328
429,4,29,13.28,15.709920432643814
430,4,30,35.82,97.23305816439175
431,4,31,14.06,29.514342276256134
432,4,32,29.88,106.81678519783298
433,4,33,32.9,116.17938715624214
434,4,34,20.6,75.65659257460645
435,4,35,11.8,18.789358690492907
436,4,36,26.28,98.15600643872999
437,4,37,11.94,15.30935661613511
438,4,38,23.14,52.96980649388862
439,4,39,20.38,47.19910592373543
440,4,40,13.26,13.419105782428272
441,4,41,18.22,55.50001441441253
442,4,42,27.72,64.20998053262434
443,4,43,11.48,8.827774351443288
444,4,44,10.56,12.414765402535805
445,4,45,24.88,48.43454965208203
446,4,46,100.98,574.9984866067042
447,4,47,27.46,106.33592243451875
448,4,48,40.7,161.79026546736353
449,4,49,22.56,32.7103408725742
450,4,50,30.14,83.37289967369487
451,4,51,33.48,127.89061576206448
452,4,52,50.52,205.80906102501908
453,4,53,17.06,19.704222897643024
454,4,54,60.46,310.3954387551465
455,4,55,30.08,47.22661961224833
456,4,56,9.84,7.468226027645391
457,4,57,18.42,53.951493028460334
458,4,58,32.9,153.35439348124342
459,4,59,20.2,52.14249706333595
460,4,60,17.74,29.66062035763917
461,4,61,36.84,168.0245648707354
462,4,62,30.64,111.9904924536007
463,4,63,13.22,31.50954775936971
464,4,64,27.88,104.70504094837068
465,4,65,38.86,68.98869762504582
466,4,66,33.04,106.3915334977365
467,4,67,26.44,80.74853806726168
468,4,68,19.6,31.43310356932641
469,4,69,30.94,81.75558941136683
470,4,70,15.62,36.62124520002017
471,4,71,22.9,78.7452220772791
472,4,72,11.06,13.662225294585053
473,4,73,10.08,15.446475326105947
474,4,74,22.94,45.56288401758604
475,4,75,36.36,184.93823401341322
476,4,76,20.28,28.280056577029693
477,4,77,29.28,102.03137556653837
478,4,78,62.34,301.32883101356236
479,4,79,23.18,86.8915853233211
480,4,80,13.82,16.80439228297174
481,4,81,22.14,44.52640115706635
482,4,82,30.28,126.93510783073367
483,4,83,17.86,34.2759449176824
484,4,84,24.84,52.91251647767283
485,4,85,36.4,107.75620631778025
486,4,86,21.0,30.32094985319556
487,4,87,17.9,35.8459202699554
488,4,88,24.72,58.26835848039657
489,4,89,30.28,71.62123707392942
490,4,90,36.26,97.77644092520448
491,4,91,22.84,48.736992110716066
492,4,92,13.12,18.64364771175425
493,4,93,16.46,45.47580015788612
494,4,94,25.56,73.42755885905515
495,4,95,11.48,15.17793134784844
496,4,96,25.1,41.01426581081272
497,4,97,50.46,288.6736711236409
498,4,98,17.6,39.320223804042605
499,4,99,20.94,56.77337756378429
