,Replay type,Trial,Mean,STD,Q1,Q2,Q3
0,0,0,111.43,86.46354781062364,45.0,83.0,153.5
1,0,1,81.92,68.58289582687509,34.75,52.5,109.75
2,0,2,73.4,65.14537589115592,30.0,56.0,89.75
3,0,3,68.53,58.22825001663711,25.0,48.5,98.25
4,0,4,50.78,44.09956462370122,23.0,37.5,65.25
5,0,5,44.39,37.76450582226649,21.75,30.0,49.75
6,0,6,37.8,30.769140384482633,16.0,26.0,49.25
7,0,7,34.79,29.673319665989514,14.0,24.5,40.5
8,0,8,27.7,22.231734075415712,12.0,24.0,34.25
9,0,9,25.75,24.5496944991175,10.75,18.5,31.0
10,0,10,19.17,14.092590251618045,9.0,15.0,24.0
11,0,11,17.32,15.785993791966346,9.0,12.0,20.0
12,0,12,14.01,9.03160561583598,7.0,11.0,21.0
13,0,13,13.66,9.140262578285157,7.0,11.0,17.25
14,0,14,11.38,7.735347438867889,7.0,8.0,12.0
15,0,15,10.0,6.769047200308179,6.0,7.5,11.0
16,0,16,9.01,4.811434297587363,6.0,7.0,9.25
17,0,17,7.9,3.0903074280724887,6.0,7.0,8.0
18,0,18,8.06,5.883570344612187,6.0,7.0,8.0
19,0,19,7.68,3.4318508126082636,6.0,7.0,7.25
20,0,20,7.16,1.6596385148579795,6.0,7.0,7.25
21,0,21,7.26,2.2521989254948154,6.0,7.0,7.0
22,0,22,7.4,2.956349099818897,6.0,7.0,7.0
23,0,23,7.06,1.6782133356638544,6.0,7.0,7.0
24,0,24,6.91,1.068597211300872,6.0,7.0,7.0
25,0,25,615.07,439.7940257666081,301.0,551.0,846.25
26,0,26,187.42,219.19403185305939,39.75,86.5,248.0
27,0,27,84.64,120.76576667251364,11.75,34.5,109.75
28,0,28,50.74,69.2320186041112,11.0,26.0,64.5
29,0,29,35.68,43.194184793789084,8.0,19.5,45.25
30,0,30,23.61,28.841946882968912,8.0,15.0,26.5
31,0,31,18.06,20.602825049007237,7.0,12.0,18.0
32,0,32,18.11,19.874554083048,7.0,11.0,21.25
33,0,33,14.33,13.12025533288129,6.0,10.0,17.0
34,0,34,13.1,12.64317997973611,6.0,8.0,15.0
35,0,35,10.93,10.341426400647059,6.0,8.0,12.0
36,0,36,9.39,6.112110928312738,6.0,7.0,10.0
37,0,37,9.93,16.125293795773146,6.0,7.0,9.0
38,0,38,8.3,5.284884104689525,6.0,7.0,8.0
39,0,39,7.64,4.926499771643148,6.0,6.0,8.0
40,0,40,7.14,2.969915823722955,6.0,6.0,7.0
41,0,41,7.06,2.610823624835657,6.0,6.0,7.0
42,0,42,7.24,4.081960313378855,6.0,6.0,7.0
43,0,43,7.13,5.452806616780022,6.0,6.0,7.0
44,0,44,6.81,3.5005570985201766,6.0,6.0,7.0
45,0,45,6.62,1.7651062290978408,6.0,6.0,7.0
46,0,46,6.75,2.93385412043612,6.0,6.0,7.0
47,0,47,6.53,1.8025260053602554,6.0,6.0,7.0
48,0,48,6.56,1.4987995196156156,6.0,6.0,7.0
49,0,49,6.61,2.226634231300687,6.0,6.0,7.0
50,1,0,111.43,86.46354781062364,45.0,83.0,153.5
51,1,1,14.16,6.771587701566007,9.75,12.0,17.25
52,1,2,13.85,6.430202174115522,10.0,12.0,15.25
53,1,3,13.69,5.659849821329185,10.0,12.0,16.0
54,1,4,13.71,5.548504302963097,10.75,12.0,16.0
55,1,5,13.32,4.9797188675667226,10.0,12.0,16.0
56,1,6,14.38,7.239861877135501,9.75,13.0,16.25
57,1,7,14.18,7.014812898431432,9.0,12.0,17.5
58,1,8,14.11,6.736312047403979,10.0,12.5,17.0
59,1,9,13.89,6.180444967799648,9.0,12.0,16.0
60,1,10,13.22,4.855059216940613,10.0,12.0,16.0
61,1,11,13.89,6.520575128008264,10.0,12.0,15.0
62,1,12,14.15,7.1335475045730234,9.75,13.0,16.0
63,1,13,14.34,6.053461819488085,11.0,13.0,17.0
64,1,14,13.15,5.855552920092175,9.0,11.0,15.0
65,1,15,13.43,5.225428212118123,10.0,12.0,16.0
66,1,16,13.66,5.643084263060405,10.0,12.0,16.0
67,1,17,13.47,4.8774070980388755,10.0,12.0,16.0
68,1,18,13.47,6.050545429959187,9.0,12.0,16.0
69,1,19,12.99,5.277300446250905,9.0,12.0,15.0
70,1,20,13.44,5.074091051607175,9.0,12.0,16.25
71,1,21,13.28,6.141791269654155,9.0,12.0,16.0
72,1,22,12.22,4.107505325620407,9.0,11.0,15.0
73,1,23,13.82,5.894709492417756,10.0,12.0,17.25
74,1,24,14.07,7.588484697223813,9.75,12.0,17.0
75,1,25,721.56,847.3631608702376,131.75,311.0,1035.25
76,1,26,16.54,18.940126715521203,7.75,11.0,17.25
77,1,27,13.42,12.263914546342859,7.0,9.0,14.0
78,1,28,15.37,17.665024766470044,7.0,9.0,14.0
79,1,29,13.02,11.53427934463181,7.0,9.0,13.0
80,1,30,11.95,7.999218711849302,7.0,9.0,14.0
81,1,31,12.98,17.10145023090147,7.0,9.0,13.0
82,1,32,12.26,9.200673888362743,7.0,9.0,14.0
83,1,33,11.0,6.661831579978587,7.0,9.0,12.25
84,1,34,11.9,8.495292814258965,7.0,9.0,14.0
85,1,35,11.92,10.757955196039811,7.0,9.0,13.0
86,1,36,11.83,8.902870323665285,7.0,9.0,12.0
87,1,37,12.34,10.99383463583112,7.0,9.0,14.0
88,1,38,10.95,6.386509218657716,7.0,9.0,12.5
89,1,39,11.08,5.62970691954741,7.0,9.0,13.25
90,1,40,10.48,6.292026700515502,7.0,9.0,12.0
91,1,41,10.55,5.448623679425841,7.0,9.0,12.0
92,1,42,10.21,5.091748226297133,7.0,9.0,12.0
93,1,43,10.63,6.2107245954075285,7.0,9.0,13.0
94,1,44,11.41,11.081601869765942,7.0,8.5,11.25
95,1,45,10.53,6.728231565575013,6.75,9.0,12.0
96,1,46,10.69,7.715821407990209,7.0,8.0,12.0
97,1,47,10.25,6.161777340995048,7.0,9.0,11.0
98,1,48,9.67,4.6044652241058355,6.0,8.5,11.0
99,1,49,10.83,6.0844966924142545,7.0,9.0,13.0
100,2,0,111.43,86.46354781062364,45.0,83.0,153.5
101,2,1,14.05,6.698320685067265,9.75,12.0,17.0
102,2,2,13.55,6.207052440571129,10.0,12.0,15.0
103,2,3,13.8,5.531726674375733,10.0,12.5,16.0
104,2,4,13.47,5.3674109214778785,10.75,12.0,15.25
105,2,5,13.54,5.288515859860874,10.0,12.0,16.0
106,2,6,14.67,7.783386152568816,10.0,13.0,17.0
107,2,7,14.13,7.387360827792291,9.0,11.5,16.25
108,2,8,14.3,6.759437846448475,10.0,13.0,17.0
109,2,9,14.17,6.214587677392603,9.75,13.0,16.25
110,2,10,13.21,4.9077387868549,10.0,12.0,16.0
111,2,11,14.27,7.1747543511955865,10.0,12.0,15.0
112,2,12,14.41,7.2719942244201485,10.0,13.0,16.25
113,2,13,14.56,6.364463842304393,11.0,13.0,17.0
114,2,14,13.4,6.315061361538778,9.0,11.0,14.25
115,2,15,13.43,5.303310286981143,10.0,12.0,16.0
116,2,16,13.63,5.4399540439235325,10.0,12.0,16.0
117,2,17,13.62,5.364289328513145,10.0,12.0,16.0
118,2,18,13.99,6.608320512808077,9.0,12.5,16.25
119,2,19,13.19,5.551026932018976,9.0,12.0,15.25
120,2,20,14.2,7.54188305398592,9.75,12.5,17.0
121,2,21,13.83,7.241622746318673,10.0,12.0,16.0
122,2,22,12.48,4.817634274205546,9.0,11.0,15.0
123,2,23,14.21,6.51658652977155,10.0,13.0,18.0
124,2,24,13.84,6.534095193674483,10.0,12.0,17.0
125,2,25,705.89,818.1724133090777,137.75,311.0,982.25
126,2,26,16.63,18.882084101073165,8.0,11.0,18.0
127,2,27,13.64,12.154439518134927,7.0,9.5,14.0
128,2,28,14.59,15.674243203421337,7.0,9.0,15.0
129,2,29,13.85,11.95606540631156,7.0,10.0,14.25
130,2,30,12.7,8.764131445842194,7.0,10.0,15.0
131,2,31,13.6,17.15575705120587,7.0,9.5,13.0
132,2,32,12.71,9.939109618069418,7.0,9.0,15.0
133,2,33,11.48,7.08587327010581,7.0,9.0,13.25
134,2,34,12.52,9.543039348132229,7.0,10.0,13.25
135,2,35,11.98,10.821256858609354,7.0,9.0,13.0
136,2,36,11.88,9.044644824425113,7.0,9.0,12.25
137,2,37,12.98,12.027451932974,7.0,9.5,14.0
138,2,38,11.59,7.285732633030119,7.0,9.0,14.0
139,2,39,11.86,7.490020026675496,7.0,9.5,14.0
140,2,40,10.8,5.540758070878027,7.0,9.0,13.0
141,2,41,10.77,6.013077415101189,7.0,8.5,12.0
142,2,42,10.81,7.741698779983628,7.0,8.5,12.0
143,2,43,10.83,6.660412900113625,7.0,8.0,13.25
144,2,44,11.61,11.217749328630944,7.0,9.0,11.0
145,2,45,11.12,7.3705902070322695,7.0,9.0,13.0
146,2,46,10.88,7.924998422712777,7.0,8.0,12.0
147,2,47,10.33,6.428149033742141,7.0,9.0,11.0
148,2,48,9.77,4.687973976036982,6.75,9.0,11.0
149,2,49,10.77,6.131647413216125,6.75,9.0,13.0
150,3,0,111.43,86.46354781062364,45.0,83.0,153.5
151,3,1,31.51,32.71314567570657,12.0,20.5,39.25
152,3,2,14.27,8.383143801701125,10.0,12.0,16.0
153,3,3,11.78,4.160721091349431,9.0,11.0,13.0
154,3,4,11.27,3.3071286639621382,9.0,11.0,13.0
155,3,5,11.27,3.3818781763984345,9.0,11.0,13.0
156,3,6,11.84,5.4602564042359765,9.0,11.0,13.0
157,3,7,10.9,3.4307433596816885,8.0,10.0,12.0
158,3,8,11.13,3.4195175098250346,9.0,10.0,13.0
159,3,9,11.05,3.3087006513131403,9.0,11.0,13.0
160,3,10,11.13,3.5146977110414492,9.0,11.0,12.0
161,3,11,11.09,3.591921491346937,9.0,10.5,13.0
162,3,12,11.53,3.678192490884619,9.0,11.0,14.0
163,3,13,11.13,3.064816470851069,9.0,11.0,12.25
164,3,14,11.6,4.654030511288038,8.0,10.0,13.0
165,3,15,11.56,3.5730099356145097,9.0,11.0,14.0
166,3,16,11.1,3.2171415884290826,9.0,10.0,13.0
167,3,17,11.05,3.222964473896664,9.0,10.5,13.0
168,3,18,11.41,3.5386296782794324,9.0,11.0,13.0
169,3,19,11.12,3.7769829229161207,9.0,10.0,13.0
170,3,20,11.0,3.3555923471125033,8.0,10.0,13.0
171,3,21,11.41,3.1688957067092,9.0,11.0,13.0
172,3,22,10.91,3.358853971222923,9.0,10.0,13.0
173,3,23,11.5,3.7376463182061515,9.0,11.0,14.0
174,3,24,10.75,2.994578434437809,9.0,10.0,12.0
175,3,25,735.28,547.5317904925704,380.25,573.5,957.25
176,3,26,130.15,204.94088781890258,10.0,34.5,166.0
177,3,27,95.89,125.41625851539345,13.0,47.5,100.25
178,3,28,109.97,118.07467594704632,15.0,76.0,152.25
179,3,29,116.7,131.8086871188694,12.75,81.5,166.25
180,3,30,108.64,121.3835672568573,15.0,70.5,156.75
181,3,31,109.12,114.45272211703836,16.75,83.5,157.25
182,3,32,110.73,112.50065377587812,18.25,84.0,161.0
183,3,33,107.58,118.7571623103213,16.0,76.5,148.75
184,3,34,111.61,119.66067816956412,15.0,81.0,161.0
185,3,35,116.97,119.83300505286513,16.0,85.0,168.5
186,3,36,115.86,120.8413025418048,14.75,78.5,178.75
187,3,37,113.13,124.00392372824338,15.25,80.5,153.0
188,3,38,114.96,124.07311715274989,15.75,78.5,162.5
189,3,39,111.14,116.61552383795222,13.5,87.5,162.25
190,3,40,112.92,119.501939733211,17.0,72.0,178.25
191,3,41,109.01,113.49858985908152,17.0,80.5,153.0
192,3,42,117.51,115.95874223188176,17.0,85.5,188.75
193,3,43,112.08,108.64508088266122,20.25,88.5,173.75
194,3,44,113.27,117.3596911209296,17.75,76.0,168.0
195,3,45,114.76,110.85099187648255,17.75,76.5,172.0
196,3,46,111.28,113.35184868364522,17.5,83.0,157.75
197,3,47,110.47,109.82107766726749,17.75,77.5,175.5
198,3,48,115.45,111.4432927546562,19.0,79.0,176.25
199,3,49,114.1,114.93350251340989,19.0,79.0,186.25
200,4,0,111.43,86.46354781062364,45.0,83.0,153.5
201,4,1,39.04,40.59357584643167,11.0,22.5,50.25
202,4,2,27.15,31.85447378312817,9.0,12.0,33.75
203,4,3,20.36,30.024163602005633,9.0,11.0,17.0
204,4,4,15.22,13.8575466804193,9.0,10.0,15.0
205,4,5,13.42,11.254492436356248,8.0,10.0,13.0
206,4,6,13.04,15.289159558327594,8.0,9.0,12.0
207,4,7,11.94,9.636202571552758,8.0,9.0,12.0
208,4,8,10.17,4.901132522183011,8.0,9.0,11.0
209,4,9,9.91,4.600206517103335,8.0,9.0,11.0
210,4,10,9.55,4.671991010265324,7.0,9.0,10.0
211,4,11,9.0,2.4413111231467406,7.0,9.0,10.0
212,4,12,9.38,4.462689771875253,7.0,8.5,10.0
213,4,13,8.99,2.4999799999199994,7.0,8.0,10.0
214,4,14,8.83,2.172809241512011,7.0,8.0,10.0
215,4,15,9.03,2.455422570556848,7.0,8.0,10.0
216,4,16,8.92,2.221170862405682,7.0,8.5,10.0
217,4,17,9.07,2.9094844904209403,7.0,8.0,10.0
218,4,18,8.9,2.2781571499789037,7.0,8.0,10.0
219,4,19,9.01,2.422787650620665,7.0,8.0,10.0
220,4,20,9.03,2.426746793548927,7.0,9.0,10.0
221,4,21,8.89,2.2445266761613683,7.0,8.5,10.0
222,4,22,9.06,2.4852364072659165,7.0,8.5,10.25
223,4,23,9.07,2.593279776653495,7.0,8.5,10.0
224,4,24,9.07,2.530829903411132,7.0,9.0,10.0
225,4,25,385.74,394.33913374150427,104.75,259.0,529.0
226,4,26,88.58,205.1785164192392,8.0,15.5,86.5
227,4,27,33.56,59.47609940135617,7.0,10.5,38.0
228,4,28,29.72,69.93498123257058,7.0,9.0,26.25
229,4,29,19.49,45.3683799578517,7.0,8.0,13.25
230,4,30,14.88,25.16437163928398,6.0,7.5,12.0
231,4,31,9.21,8.856969007510415,6.0,7.0,9.0
232,4,32,9.27,7.88778169069099,6.0,7.0,9.0
233,4,33,7.89,4.509756090965452,6.0,7.0,8.0
234,4,34,7.78,3.425142332808959,6.0,7.0,8.0
235,4,35,7.38,1.93277003288027,6.0,7.0,8.0
236,4,36,7.35,1.5960889699512368,6.0,7.0,8.0
237,4,37,7.47,3.041233302461355,6.0,7.0,8.0
238,4,38,7.58,3.0730440934031518,6.0,7.0,8.0
239,4,39,7.14,1.4901006677402704,6.0,7.0,8.0
240,4,40,7.62,3.342992671245332,6.0,7.0,8.0
241,4,41,7.2,1.9798989873223332,6.0,7.0,8.0
242,4,42,7.57,3.688509183938682,6.0,7.0,8.0
243,4,43,7.4,1.96468827043885,6.0,7.0,8.0
244,4,44,7.6,2.932575659723036,6.0,7.0,8.0
245,4,45,7.31,1.9271481520630425,6.0,7.0,8.0
246,4,46,7.29,1.6510299815569673,6.0,7.0,8.0
247,4,47,7.27,1.7880436236289092,6.0,7.0,8.0
248,4,48,7.19,1.7360587547660937,6.0,7.0,8.0
249,4,49,7.23,1.7312134472675516,6.0,7.0,8.0
