,Replay type,Individual,Mean,STD
0,0,0,14.833333333333334,15.247039785552545
1,0,1,4.5,0.9574271077563381
2,0,2,6.5,4.0722639076235385
3,0,3,17.666666666666668,9.3571125650788
4,0,4,56.0,36.932370625238775
5,0,5,18.5,11.954775893619532
6,0,6,10.5,7.065172798075547
7,0,7,17.5,5.909032633745278
8,0,8,8.0,4.932882862316247
9,0,9,12.666666666666666,3.9440531887330774
10,0,10,3.6666666666666665,0.7453559924999298
11,0,11,13.833333333333334,9.476579317219665
12,0,12,31.0,22.77425447005163
13,0,13,8.833333333333334,4.775516260631467
14,0,14,18.833333333333332,16.925490309654908
15,0,15,7.5,3.640054944640259
16,0,16,9.5,2.362907813126304
17,0,17,15.666666666666666,7.84573486395988
18,0,18,11.5,9.160604055774197
19,0,19,15.0,3.6514837167011076
20,0,20,4.5,0.9574271077563381
21,0,21,6.0,1.7320508075688772
22,0,22,9.833333333333334,5.2094998693625945
23,0,23,7.0,1.1547005383792515
24,0,24,12.0,6.757711644237764
25,0,25,11.333333333333334,8.825468196582484
26,0,26,6.833333333333333,0.8975274678557507
27,0,27,5.0,1.0
28,0,28,19.333333333333332,11.671427600007732
29,0,29,8.833333333333334,5.580223014261069
30,0,30,17.666666666666668,17.97838208021573
31,0,31,14.0,4.96655480858378
32,0,32,39.5,59.87138993988142
33,0,33,22.166666666666668,20.931767457357463
34,0,34,6.833333333333333,2.852873794770615
35,0,35,13.0,4.864839839775475
36,0,36,5.666666666666667,0.9428090415820632
37,0,37,8.666666666666666,1.9720265943665387
38,0,38,14.833333333333334,3.1841621957571333
39,0,39,7.0,4.163331998932265
40,0,40,15.833333333333334,14.158821357098272
41,0,41,3.0,0.0
42,0,42,10.666666666666666,3.2489314482696545
43,0,43,4.166666666666667,1.0671873729054746
44,0,44,11.333333333333334,6.674994798166928
45,0,45,8.166666666666666,3.435921354681384
46,0,46,13.5,6.970174555442162
47,0,47,10.0,13.428824718989125
48,0,48,6.666666666666667,1.4907119849998596
49,0,49,4.833333333333333,1.3437096247164249
50,0,50,8.666666666666666,1.247219128924647
51,0,51,19.333333333333332,8.498365855987974
52,0,52,3.1666666666666665,0.3726779962499649
53,0,53,15.166666666666666,8.952032667997189
54,0,54,20.166666666666668,6.8170537787391865
55,0,55,45.333333333333336,30.00370347510824
56,0,56,8.833333333333334,5.520165053893065
57,0,57,8.333333333333334,3.590109871423003
58,0,58,4.666666666666667,1.1055415967851332
59,0,59,46.333333333333336,35.11251755270318
60,0,60,25.833333333333332,33.16331641370561
61,0,61,15.666666666666666,9.213516640723501
62,0,62,15.5,7.697402159170326
63,0,63,9.333333333333334,7.951240294584374
64,0,64,5.333333333333333,2.560381915956203
65,0,65,18.166666666666668,12.36145442719244
66,0,66,9.666666666666666,2.2110831935702664
67,0,67,5.666666666666667,1.7950549357115013
68,0,68,14.5,5.251983752196243
69,0,69,8.166666666666666,4.775516260631468
70,0,70,16.666666666666668,14.464515969164756
71,0,71,21.833333333333332,22.05611530216104
72,0,72,18.666666666666668,14.522013940527977
73,0,73,16.333333333333332,10.949378470437894
74,0,74,4.5,1.3844373104863459
75,0,75,5.166666666666667,2.192157739660984
76,0,76,7.5,2.9860788111948193
77,0,77,15.0,4.0
78,0,78,17.333333333333332,5.9907335852038095
79,0,79,9.0,3.7416573867739413
80,0,80,11.5,4.752192476461084
81,0,81,10.833333333333334,9.081421817216851
82,0,82,20.166666666666668,11.894209608974537
83,0,83,12.333333333333334,3.9440531887330774
84,0,84,8.5,5.678908345800274
85,0,85,8.0,3.265986323710904
86,0,86,6.833333333333333,2.3392781412697
87,0,87,5.166666666666667,1.462494064565354
88,0,88,7.333333333333333,2.2110831935702664
89,0,89,14.833333333333334,8.029459646963938
90,0,90,48.5,22.47035083541569
91,0,91,8.0,6.733003292241386
92,0,92,7.333333333333333,2.4267032964268394
93,0,93,26.666666666666668,10.671873729054749
94,0,94,7.666666666666667,3.448026810929534
95,0,95,9.166666666666666,7.243771270700244
96,0,96,21.0,16.76305461424021
97,0,97,7.833333333333333,4.810289896553937
98,0,98,13.0,9.9498743710662
99,0,99,15.166666666666666,9.26312882106017
100,1,0,10.166666666666666,7.924995618645828
101,1,1,4.5,1.2583057392117916
102,1,2,5.666666666666667,2.4267032964268394
103,1,3,12.333333333333334,7.888106377466155
104,1,4,33.333333333333336,33.23485452887609
105,1,5,7.166666666666667,4.524623986832743
106,1,6,9.166666666666666,1.674979270186815
107,1,7,10.333333333333334,3.4480268109295333
108,1,8,7.333333333333333,1.3743685418725535
109,1,9,6.0,1.632993161855452
110,1,10,3.6666666666666665,0.4714045207910317
111,1,11,11.666666666666666,3.815174380753199
112,1,12,8.166666666666666,4.810289896553937
113,1,13,9.166666666666666,4.561310727801336
114,1,14,14.166666666666666,11.823939933691966
115,1,15,7.5,3.640054944640259
116,1,16,8.0,1.9148542155126762
117,1,17,9.833333333333334,4.561310727801336
118,1,18,12.0,7.745966692414834
119,1,19,12.5,5.909032633745278
120,1,20,5.333333333333333,2.211083193570267
121,1,21,4.666666666666667,0.7453559924999298
122,1,22,6.666666666666667,0.7453559924999298
123,1,23,7.0,1.1547005383792515
124,1,24,8.333333333333334,7.564537145273478
125,1,25,9.666666666666666,6.3683243915142675
126,1,26,6.833333333333333,0.8975274678557507
127,1,27,5.0,1.0
128,1,28,6.0,5.0
129,1,29,8.833333333333334,5.047001309908906
130,1,30,11.166666666666666,3.2360813064912666
131,1,31,10.0,3.8297084310253524
132,1,32,26.0,22.700954458641895
133,1,33,13.666666666666666,11.411495179082461
134,1,34,6.333333333333333,2.2852182001336816
135,1,35,10.5,1.8929694486000912
136,1,36,5.666666666666667,0.9428090415820632
137,1,37,8.5,2.0615528128088303
138,1,38,18.666666666666668,3.197221015541813
139,1,39,5.5,1.118033988749895
140,1,40,18.166666666666668,15.420945352200544
141,1,41,3.0,0.0
142,1,42,13.166666666666666,3.435921354681384
143,1,43,4.666666666666667,1.7950549357115013
144,1,44,9.666666666666666,3.0912061651652345
145,1,45,5.333333333333333,0.9428090415820632
146,1,46,8.5,3.685557397915997
147,1,47,3.3333333333333335,0.4714045207910317
148,1,48,11.166666666666666,6.7679801680823175
149,1,49,4.333333333333333,0.9428090415820634
150,1,50,10.666666666666666,2.8087165910587863
151,1,51,14.166666666666666,4.2196629670573875
152,1,52,3.1666666666666665,0.3726779962499649
153,1,53,11.833333333333334,5.639641438562877
154,1,54,12.666666666666666,5.676462121975467
155,1,55,21.666666666666668,18.900323336446448
156,1,56,4.0,0.816496580927726
157,1,57,7.833333333333333,3.435921354681384
158,1,58,4.666666666666667,1.1055415967851332
159,1,59,30.666666666666668,15.402020069530561
160,1,60,7.5,2.6299556396765835
161,1,61,7.833333333333333,3.7155828016013257
162,1,62,6.333333333333333,1.7950549357115015
163,1,63,6.5,2.29128784747792
164,1,64,5.333333333333333,2.560381915956203
165,1,65,20.333333333333332,15.64892612574067
166,1,66,13.833333333333334,4.633812924819281
167,1,67,5.666666666666667,1.7950549357115013
168,1,68,13.833333333333334,7.380529941828176
169,1,69,12.0,6.95221787153807
170,1,70,5.333333333333333,1.699673171197595
171,1,71,6.5,1.2583057392117916
172,1,72,13.166666666666666,1.7716909687891083
173,1,73,9.166666666666666,2.034425935955617
174,1,74,3.8333333333333335,0.8975274678557507
175,1,75,4.666666666666667,0.7453559924999299
176,1,76,7.5,2.9860788111948193
177,1,77,10.0,0.5773502691896257
178,1,78,11.0,2.3804761428476167
179,1,79,9.0,3.7416573867739413
180,1,80,9.333333333333334,7.272474743090476
181,1,81,6.333333333333333,0.9428090415820634
182,1,82,12.833333333333334,5.785518319236594
183,1,83,11.0,4.58257569495584
184,1,84,5.166666666666667,3.975620147292187
185,1,85,6.5,3.1490739379485304
186,1,86,6.833333333333333,2.3392781412697
187,1,87,5.166666666666667,2.608745973749755
188,1,88,6.5,2.217355782608345
189,1,89,16.5,10.07885575516057
190,1,90,23.0,12.096831541082704
191,1,91,4.666666666666667,0.4714045207910317
192,1,92,5.5,0.9574271077563381
193,1,93,15.666666666666666,8.711422896914653
194,1,94,6.5,1.9790570145063195
195,1,95,5.0,1.5275252316519468
196,1,96,5.5,3.0413812651491097
197,1,97,4.333333333333333,1.247219128924647
198,1,98,12.166666666666666,11.495168067013587
199,1,99,9.666666666666666,4.4969125210773475
200,2,0,9.333333333333334,7.086763875156433
201,2,1,4.5,1.707825127659933
202,2,2,5.666666666666667,2.4267032964268394
203,2,3,4.0,0.0
204,2,4,24.166666666666668,28.515590277756637
205,2,5,4.166666666666667,1.3437096247164249
206,2,6,8.833333333333334,1.4624940645653537
207,2,7,9.833333333333334,2.266911751455907
208,2,8,7.333333333333333,1.3743685418725535
209,2,9,3.6666666666666665,1.1055415967851334
210,2,10,3.6666666666666665,0.4714045207910317
211,2,11,9.833333333333334,4.844813951249544
212,2,12,6.166666666666667,3.6704525909242065
213,2,13,8.833333333333334,3.5784850922639815
214,2,14,6.166666666666667,2.1147629234082532
215,2,15,6.833333333333333,1.863389981249825
216,2,16,6.333333333333333,2.9249881291307074
217,2,17,9.833333333333334,6.718548123582125
218,2,18,37.833333333333336,30.937661335157333
219,2,19,9.666666666666666,8.076027626390479
220,2,20,5.333333333333333,2.211083193570267
221,2,21,4.666666666666667,0.7453559924999298
222,2,22,6.666666666666667,0.7453559924999298
223,2,23,7.0,1.1547005383792515
224,2,24,10.666666666666666,4.6785562825394
225,2,25,4.833333333333333,1.8633899812498247
226,2,26,6.833333333333333,0.8975274678557507
227,2,27,5.0,1.0
228,2,28,5.0,1.5275252316519468
229,2,29,8.833333333333334,5.047001309908906
230,2,30,10.0,3.366501646120693
231,2,31,7.5,1.6072751268321592
232,2,32,3.6666666666666665,0.9428090415820634
233,2,33,10.5,5.5
234,2,34,6.333333333333333,2.2852182001336816
235,2,35,9.833333333333334,1.950783318453271
236,2,36,5.666666666666667,0.9428090415820632
237,2,37,8.333333333333334,1.1055415967851334
238,2,38,19.166666666666668,4.179978734661485
239,2,39,5.5,1.118033988749895
240,2,40,11.166666666666666,9.441339358845699
241,2,41,3.0,0.0
242,2,42,13.166666666666666,3.435921354681384
243,2,43,4.666666666666667,1.7950549357115013
244,2,44,7.833333333333333,1.7716909687891083
245,2,45,4.5,0.7637626158259734
246,2,46,8.5,3.685557397915997
247,2,47,3.3333333333333335,0.4714045207910317
248,2,48,8.0,1.2909944487358056
249,2,49,4.333333333333333,0.9428090415820634
250,2,50,10.666666666666666,1.699673171197595
251,2,51,12.5,6.994045086119096
252,2,52,3.1666666666666665,0.3726779962499649
253,2,53,6.333333333333333,1.8856180831641267
254,2,54,9.5,3.1490739379485304
255,2,55,10.0,4.509249752822894
256,2,56,4.0,0.816496580927726
257,2,57,7.833333333333333,3.435921354681384
258,2,58,4.666666666666667,1.1055415967851332
259,2,59,21.333333333333332,10.593499054713803
260,2,60,8.333333333333334,3.2998316455372216
261,2,61,4.5,0.5
262,2,62,9.666666666666666,5.962847939999438
263,2,63,4.0,0.5773502691896257
264,2,64,5.333333333333333,2.560381915956203
265,2,65,27.0,32.35222815613581
266,2,66,11.0,2.516611478423583
267,2,67,5.666666666666667,1.7950549357115013
268,2,68,14.5,5.090841449767088
269,2,69,19.166666666666668,18.206378613612927
270,2,70,4.333333333333333,1.1055415967851332
271,2,71,5.833333333333333,1.5723301886761007
272,2,72,13.166666666666666,2.6718699236468995
273,2,73,8.5,3.3541019662496847
274,2,74,3.8333333333333335,0.8975274678557507
275,2,75,4.666666666666667,0.7453559924999299
276,2,76,7.5,2.9860788111948193
277,2,77,8.333333333333334,0.74535599249993
278,2,78,15.166666666666666,6.491447364716816
279,2,79,16.5,12.658988901172163
280,2,80,3.6666666666666665,0.4714045207910317
281,2,81,6.333333333333333,0.9428090415820634
282,2,82,11.5,3.3541019662496847
283,2,83,8.166666666666666,2.544056253745625
284,2,84,5.333333333333333,1.5986105077709065
285,2,85,6.5,3.1490739379485304
286,2,86,6.833333333333333,2.3392781412697
287,2,87,5.166666666666667,2.608745973749755
288,2,88,6.5,2.217355782608345
289,2,89,34.0,24.91318258807306
290,2,90,15.166666666666666,10.398984993204332
291,2,91,4.666666666666667,0.4714045207910317
292,2,92,5.5,0.9574271077563381
293,2,93,12.833333333333334,6.3879226322456
294,2,94,6.5,2.753785273643051
295,2,95,5.0,1.5275252316519468
296,2,96,5.333333333333333,2.7487370837451075
297,2,97,4.333333333333333,1.247219128924647
298,2,98,5.0,1.5275252316519468
299,2,99,7.333333333333333,1.9720265943665387
300,3,0,6.166666666666667,2.4776781245530843
301,3,1,5.666666666666667,2.1343747458109497
302,3,2,5.666666666666667,2.4267032964268394
303,3,3,4.0,0.0
304,3,4,6.0,2.6457513110645907
305,3,5,5.0,2.0816659994661326
306,3,6,9.166666666666666,1.674979270186815
307,3,7,9.166666666666666,2.1147629234082532
308,3,8,7.333333333333333,1.3743685418725535
309,3,9,3.6666666666666665,1.1055415967851334
310,3,10,3.6666666666666665,0.4714045207910317
311,3,11,9.666666666666666,3.636237371545238
312,3,12,5.166666666666667,1.343709624716425
313,3,13,9.166666666666666,3.3870669054835956
314,3,14,6.166666666666667,2.1147629234082532
315,3,15,6.833333333333333,1.674979270186815
316,3,16,6.333333333333333,1.9720265943665387
317,3,17,9.0,4.725815626252608
318,3,18,11.5,11.940826325398646
319,3,19,9.666666666666666,5.497474167490214
320,3,20,5.333333333333333,2.211083193570267
321,3,21,4.666666666666667,0.7453559924999298
322,3,22,6.666666666666667,0.7453559924999298
323,3,23,7.0,1.1547005383792515
324,3,24,3.1666666666666665,0.3726779962499649
325,3,25,4.833333333333333,1.8633899812498247
326,3,26,6.833333333333333,0.8975274678557507
327,3,27,5.0,1.0
328,3,28,6.0,4.0
329,3,29,8.833333333333334,5.047001309908906
330,3,30,11.166666666666666,6.79256129077161
331,3,31,10.0,3.605551275463989
332,3,32,3.3333333333333335,0.4714045207910317
333,3,33,7.0,3.3166247903554
334,3,34,6.333333333333333,2.2852182001336816
335,3,35,6.833333333333333,1.2133516482134197
336,3,36,5.666666666666667,0.9428090415820632
337,3,37,8.333333333333334,1.1055415967851334
338,3,38,19.166666666666668,5.871304984602846
339,3,39,5.5,1.118033988749895
340,3,40,10.5,8.05708797684788
341,3,41,3.0,0.0
342,3,42,17.0,5.507570547286102
343,3,43,4.666666666666667,1.7950549357115013
344,3,44,7.833333333333333,1.7716909687891083
345,3,45,4.5,0.7637626158259734
346,3,46,8.5,3.685557397915997
347,3,47,3.3333333333333335,0.4714045207910317
348,3,48,7.666666666666667,1.247219128924647
349,3,49,4.333333333333333,0.9428090415820634
350,3,50,10.666666666666666,1.699673171197595
351,3,51,14.166666666666666,9.650849127868952
352,3,52,3.1666666666666665,0.3726779962499649
353,3,53,6.333333333333333,1.8856180831641267
354,3,54,14.333333333333334,2.494438257849294
355,3,55,7.0,1.632993161855452
356,3,56,4.0,0.816496580927726
357,3,57,7.833333333333333,3.435921354681384
358,3,58,4.666666666666667,1.1055415967851332
359,3,59,14.0,6.244997998398398
360,3,60,8.833333333333334,5.520165053893065
361,3,61,4.5,0.5
362,3,62,10.5,5.377421934967226
363,3,63,4.0,0.5773502691896257
364,3,64,5.333333333333333,2.560381915956203
365,3,65,4.333333333333333,0.9428090415820634
366,3,66,14.333333333333334,6.472162612982533
367,3,67,5.666666666666667,1.7950549357115013
368,3,68,16.666666666666668,10.143416036468627
369,3,69,13.333333333333334,4.2295258468165065
370,3,70,4.333333333333333,0.7453559924999298
371,3,71,4.833333333333333,1.0671873729054748
372,3,72,11.166666666666666,2.1147629234082532
373,3,73,8.5,4.536885862938733
374,3,74,3.8333333333333335,0.8975274678557507
375,3,75,4.666666666666667,0.7453559924999299
376,3,76,7.5,2.9860788111948193
377,3,77,13.5,5.057996968497839
378,3,78,12.5,4.7871355387816905
379,3,79,10.666666666666666,9.445751543536504
380,3,80,3.6666666666666665,0.4714045207910317
381,3,81,6.333333333333333,0.9428090415820634
382,3,82,14.333333333333334,7.84573486395988
383,3,83,7.333333333333333,2.808716591058786
384,3,84,5.333333333333333,2.1343747458109497
385,3,85,6.5,3.1490739379485304
386,3,86,6.833333333333333,2.3392781412697
387,3,87,5.166666666666667,2.608745973749755
388,3,88,6.5,2.217355782608345
389,3,89,18.166666666666668,11.9501278468289
390,3,90,4.0,0.5773502691896257
391,3,91,4.666666666666667,0.4714045207910317
392,3,92,5.5,0.9574271077563381
393,3,93,3.1666666666666665,0.3726779962499649
394,3,94,5.833333333333333,2.5440562537456244
395,3,95,5.0,1.5275252316519468
396,3,96,4.666666666666667,2.0548046676563256
397,3,97,4.333333333333333,1.247219128924647
398,3,98,4.5,0.9574271077563381
399,3,99,7.333333333333333,2.1343747458109497
400,4,0,6.166666666666667,2.4776781245530843
401,4,1,5.666666666666667,2.1343747458109497
402,4,2,5.666666666666667,2.4267032964268394
403,4,3,4.0,0.0
404,4,4,4.666666666666667,0.4714045207910317
405,4,5,5.0,2.0816659994661326
406,4,6,8.833333333333334,1.4624940645653537
407,4,7,9.166666666666666,2.1147629234082532
408,4,8,7.333333333333333,1.3743685418725535
409,4,9,3.6666666666666665,1.1055415967851334
410,4,10,3.6666666666666665,0.4714045207910317
411,4,11,7.833333333333333,2.9674156357941426
412,4,12,5.166666666666667,1.343709624716425
413,4,13,10.5,3.547299442298794
414,4,14,6.166666666666667,2.1147629234082532
415,4,15,7.0,1.5275252316519468
416,4,16,8.0,3.3166247903554
417,4,17,9.0,4.725815626252608
418,4,18,6.0,3.958114029012639
419,4,19,8.666666666666666,4.642796092394707
420,4,20,5.333333333333333,2.211083193570267
421,4,21,4.666666666666667,0.7453559924999298
422,4,22,6.666666666666667,0.7453559924999298
423,4,23,7.0,1.1547005383792515
424,4,24,3.1666666666666665,0.3726779962499649
425,4,25,4.833333333333333,1.8633899812498247
426,4,26,6.833333333333333,0.8975274678557507
427,4,27,5.0,1.0
428,4,28,4.0,1.0
429,4,29,8.833333333333334,5.047001309908906
430,4,30,11.166666666666666,6.79256129077161
431,4,31,9.5,1.707825127659933
432,4,32,3.3333333333333335,0.4714045207910317
433,4,33,7.0,3.3166247903554
434,4,34,6.333333333333333,2.2852182001336816
435,4,35,8.0,2.0816659994661326
436,4,36,5.666666666666667,0.9428090415820632
437,4,37,8.166666666666666,1.0671873729054748
438,4,38,19.166666666666668,4.13991411612474
439,4,39,5.5,1.118033988749895
440,4,40,5.166666666666667,2.1921577396609844
441,4,41,3.0,0.0
442,4,42,10.5,4.573474244670748
443,4,43,4.666666666666667,1.7950549357115013
444,4,44,7.833333333333333,1.7716909687891083
445,4,45,5.333333333333333,1.3743685418725535
446,4,46,8.5,3.685557397915997
447,4,47,3.3333333333333335,0.4714045207910317
448,4,48,8.833333333333334,2.4094720491334933
449,4,49,4.333333333333333,0.9428090415820634
450,4,50,10.666666666666666,2.357022603955158
451,4,51,11.333333333333334,5.153208277913436
452,4,52,3.1666666666666665,0.3726779962499649
453,4,53,6.333333333333333,1.3743685418725535
454,4,54,9.5,2.8722813232690143
455,4,55,7.166666666666667,1.9507833184532708
456,4,56,4.0,0.816496580927726
457,4,57,7.833333333333333,3.435921354681384
458,4,58,4.666666666666667,1.1055415967851332
459,4,59,12.333333333333334,10.027739304327548
460,4,60,8.833333333333334,5.520165053893065
461,4,61,4.5,0.5
462,4,62,9.666666666666666,2.8087165910587863
463,4,63,4.0,0.5773502691896257
464,4,64,5.333333333333333,2.560381915956203
465,4,65,4.333333333333333,0.9428090415820634
466,4,66,15.5,10.920164833920778
467,4,67,5.666666666666667,1.7950549357115013
468,4,68,18.0,10.472185381603339
469,4,69,15.5,10.965856099730654
470,4,70,4.333333333333333,0.7453559924999298
471,4,71,4.833333333333333,1.0671873729054748
472,4,72,13.166666666666666,2.6718699236468995
473,4,73,5.0,0.816496580927726
474,4,74,3.8333333333333335,0.8975274678557507
475,4,75,4.666666666666667,0.7453559924999299
476,4,76,7.5,2.9860788111948193
477,4,77,14.166666666666666,5.580223014261069
478,4,78,10.666666666666666,1.9720265943665385
479,4,79,9.5,3.593976442141304
480,4,80,3.6666666666666665,0.4714045207910317
481,4,81,6.333333333333333,0.9428090415820634
482,4,82,25.166666666666668,11.71063144706078
483,4,83,8.0,3.1622776601683795
484,4,84,5.333333333333333,2.1343747458109497
485,4,85,6.5,3.1490739379485304
486,4,86,6.833333333333333,2.3392781412697
487,4,87,5.166666666666667,2.608745973749755
488,4,88,8.666666666666666,4.533823502911815
489,4,89,8.166666666666666,3.7601713908928263
490,4,90,4.0,0.5773502691896257
491,4,91,4.666666666666667,0.4714045207910317
492,4,92,5.5,0.9574271077563381
493,4,93,3.1666666666666665,0.3726779962499649
494,4,94,5.833333333333333,2.5440562537456244
495,4,95,5.0,1.5275252316519468
496,4,96,4.666666666666667,1.699673171197595
497,4,97,4.333333333333333,1.247219128924647
498,4,98,4.5,0.9574271077563381
499,4,99,8.5,2.753785273643051
