,Replay type,Trial,Mean,STD,Q1,Q2,Q3
0,0,0,111.43,86.46354781062364,45.0,83.0,153.5
1,0,1,81.92,68.58289582687509,34.75,52.5,109.75
2,0,2,73.4,65.14537589115592,30.0,56.0,89.75
3,0,3,68.53,58.22825001663711,25.0,48.5,98.25
4,0,4,50.78,44.09956462370122,23.0,37.5,65.25
5,0,5,44.39,37.76450582226649,21.75,30.0,49.75
6,0,6,37.8,30.769140384482633,16.0,26.0,49.25
7,0,7,34.79,29.673319665989514,14.0,24.5,40.5
8,0,8,27.7,22.231734075415712,12.0,24.0,34.25
9,0,9,25.75,24.5496944991175,10.75,18.5,31.0
10,0,10,19.17,14.092590251618045,9.0,15.0,24.0
11,0,11,17.32,15.785993791966346,9.0,12.0,20.0
12,0,12,14.01,9.03160561583598,7.0,11.0,21.0
13,0,13,13.66,9.140262578285157,7.0,11.0,17.25
14,0,14,11.38,7.735347438867889,7.0,8.0,12.0
15,0,15,10.0,6.769047200308179,6.0,7.5,11.0
16,0,16,9.01,4.811434297587363,6.0,7.0,9.25
17,0,17,7.9,3.0903074280724887,6.0,7.0,8.0
18,0,18,8.06,5.883570344612187,6.0,7.0,8.0
19,0,19,7.68,3.4318508126082636,6.0,7.0,7.25
20,0,20,7.16,1.6596385148579795,6.0,7.0,7.25
21,0,21,7.26,2.2521989254948154,6.0,7.0,7.0
22,0,22,7.4,2.956349099818897,6.0,7.0,7.0
23,0,23,7.06,1.6782133356638544,6.0,7.0,7.0
24,0,24,6.91,1.068597211300872,6.0,7.0,7.0
25,0,25,615.07,439.7940257666081,301.0,551.0,846.25
26,0,26,187.42,219.19403185305939,39.75,86.5,248.0
27,0,27,84.64,120.76576667251364,11.75,34.5,109.75
28,0,28,50.74,69.2320186041112,11.0,26.0,64.5
29,0,29,35.68,43.194184793789084,8.0,19.5,45.25
30,0,30,23.61,28.841946882968912,8.0,15.0,26.5
31,0,31,18.06,20.602825049007237,7.0,12.0,18.0
32,0,32,18.11,19.874554083048,7.0,11.0,21.25
33,0,33,14.33,13.12025533288129,6.0,10.0,17.0
34,0,34,13.1,12.64317997973611,6.0,8.0,15.0
35,0,35,10.93,10.341426400647059,6.0,8.0,12.0
36,0,36,9.39,6.112110928312738,6.0,7.0,10.0
37,0,37,9.93,16.125293795773146,6.0,7.0,9.0
38,0,38,8.3,5.284884104689525,6.0,7.0,8.0
39,0,39,7.64,4.926499771643148,6.0,6.0,8.0
40,0,40,7.14,2.969915823722955,6.0,6.0,7.0
41,0,41,7.06,2.610823624835657,6.0,6.0,7.0
42,0,42,7.24,4.081960313378855,6.0,6.0,7.0
43,0,43,7.13,5.452806616780022,6.0,6.0,7.0
44,0,44,6.81,3.5005570985201766,6.0,6.0,7.0
45,0,45,6.62,1.7651062290978408,6.0,6.0,7.0
46,0,46,6.75,2.93385412043612,6.0,6.0,7.0
47,0,47,6.53,1.8025260053602554,6.0,6.0,7.0
48,0,48,6.56,1.4987995196156156,6.0,6.0,7.0
49,0,49,6.61,2.226634231300687,6.0,6.0,7.0
50,1,0,111.43,86.46354781062364,45.0,83.0,153.5
51,1,1,18.22,15.707055739380312,9.0,12.5,19.0
52,1,2,10.73,4.453885943757428,8.0,10.0,12.0
53,1,3,9.62,2.969107610040431,8.0,9.0,11.0
54,1,4,9.44,2.9062690859588343,8.0,9.0,10.25
55,1,5,9.42,2.409066209135814,8.0,9.0,11.0
56,1,6,9.45,2.6995369973386176,8.0,9.0,10.0
57,1,7,9.38,2.221621029788834,8.0,9.0,10.0
58,1,8,9.39,2.4078828875175806,8.0,9.0,11.0
59,1,9,9.34,2.446303333603582,8.0,9.0,11.0
60,1,10,9.46,2.6397727174891403,8.0,9.0,11.0
61,1,11,9.49,2.4798991914995256,8.0,9.0,11.0
62,1,12,9.74,3.4514344843847176,8.0,9.0,11.0
63,1,13,9.79,2.9471850976821936,8.0,9.0,11.0
64,1,14,9.71,2.8010533732865572,8.0,9.0,11.0
65,1,15,9.56,2.487247474619282,8.0,9.0,11.0
66,1,16,9.89,3.3463263439180584,8.0,9.0,11.0
67,1,17,9.8,3.361547262794322,8.0,9.0,10.0
68,1,18,9.71,2.977566120172649,8.0,9.0,11.0
69,1,19,9.67,2.6117235688334244,8.0,9.0,11.0
70,1,20,9.96,3.081947436281158,8.0,9.0,11.0
71,1,21,9.89,3.104496738603537,8.0,9.0,11.0
72,1,22,9.86,3.0562067992856763,8.0,9.0,11.0
73,1,23,9.92,4.396998976574818,8.0,9.0,11.0
74,1,24,9.55,2.4794152536434875,8.0,9.0,11.0
75,1,25,724.69,616.1436958210317,276.0,561.0,941.0
76,1,26,20.61,46.69901390821866,8.0,10.0,14.25
77,1,27,12.04,8.852028016223176,7.0,9.0,13.0
78,1,28,10.26,5.29078444089343,7.0,9.0,11.0
79,1,29,9.85,4.52852072977479,7.0,8.0,11.0
80,1,30,9.65,4.332147273581544,7.0,9.0,11.0
81,1,31,9.81,4.460257840080549,7.0,9.0,11.0
82,1,32,9.89,4.507538130731675,7.0,9.0,11.0
83,1,33,9.94,4.896570228231186,7.0,8.5,11.0
84,1,34,9.97,6.472178922125068,7.0,8.0,11.0
85,1,35,9.55,3.9303307748839664,7.0,8.5,10.0
86,1,36,9.64,4.596781482733326,7.0,8.0,10.0
87,1,37,10.13,5.550954872812424,7.0,8.0,11.0
88,1,38,9.67,4.305937760813549,7.0,8.0,11.25
89,1,39,9.55,4.639773701378118,7.0,8.0,11.0
90,1,40,10.03,6.274480058140275,7.0,9.0,10.0
91,1,41,9.74,4.288636146842023,7.0,8.0,11.0
92,1,42,9.65,3.581549943809244,7.0,9.0,11.0
93,1,43,9.9,3.642801120017397,7.0,9.0,12.0
94,1,44,9.64,3.74571755475503,7.0,9.0,11.0
95,1,45,9.73,3.972039778249961,7.0,9.0,11.0
96,1,46,9.94,4.478437227426549,7.0,8.5,11.0
97,1,47,9.82,4.203284430061806,7.0,9.0,11.0
98,1,48,9.59,3.6635911343925924,7.0,8.5,11.25
99,1,49,10.03,5.010898123091309,7.0,8.5,11.0
100,2,0,111.43,86.46354781062364,45.0,83.0,153.5
101,2,1,26.88,22.446059787855866,12.0,19.0,32.0
102,2,2,14.49,11.966198226671661,8.0,10.0,15.0
103,2,3,9.44,3.2134716429431895,7.0,9.0,10.25
104,2,4,8.56,1.9200000000000002,7.0,8.0,10.0
105,2,5,8.5,1.9621416870348585,7.0,8.0,10.0
106,2,6,8.6,1.944222209522358,7.0,8.0,10.0
107,2,7,8.65,1.9202864369671517,7.0,8.0,10.0
108,2,8,8.76,2.3286047324524617,7.0,8.0,10.0
109,2,9,8.83,2.3666643192476617,7.0,8.0,10.0
110,2,10,8.57,1.8507025692963197,7.0,8.0,10.0
111,2,11,8.61,2.063467954682117,7.0,8.0,10.0
112,2,12,8.82,2.2644204556574734,7.0,8.0,10.0
113,2,13,8.77,2.1718885790942406,7.0,8.0,10.0
114,2,14,8.88,2.384449622030208,7.0,8.0,10.0
115,2,15,8.95,2.4015619917045656,7.0,8.0,10.0
116,2,16,8.9,2.41039415863879,7.0,8.0,10.0
117,2,17,9.05,2.5273503912200224,7.0,8.0,10.0
118,2,18,9.13,3.1293929123713435,7.0,8.5,10.0
119,2,19,8.98,2.6114363863590473,7.0,8.0,10.0
120,2,20,9.01,2.2737414100992224,7.0,8.0,10.0
121,2,21,8.96,2.2668039174132373,7.0,9.0,10.0
122,2,22,8.9,2.0223748416156684,7.0,9.0,10.0
123,2,23,8.84,2.5562472493872734,7.0,8.0,10.0
124,2,24,9.07,2.3801470542804704,7.0,8.0,10.0
125,2,25,738.43,608.0451834362311,259.0,586.5,1000.75
126,2,26,37.64,86.5934778144405,8.0,11.5,22.25
127,2,27,13.23,13.232426081410768,6.75,9.0,13.0
128,2,28,10.82,8.158896984274284,6.0,8.0,11.0
129,2,29,9.02,4.503287687900919,6.0,8.0,10.0
130,2,30,8.4,3.5468295701936396,6.0,8.0,9.0
131,2,31,8.68,4.223458298598437,6.0,8.0,9.25
132,2,32,8.49,3.251138262209099,6.0,8.0,10.0
133,2,33,8.4,2.814249455894058,6.0,8.0,9.0
134,2,34,8.32,3.298120676991671,6.0,8.0,9.0
135,2,35,8.35,2.4834451876375288,6.0,8.0,10.0
136,2,36,8.53,3.2937972008003165,6.0,8.0,9.0
137,2,37,8.41,2.8322958884975273,6.0,8.0,9.25
138,2,38,8.4,2.709243436828813,6.0,8.0,10.0
139,2,39,8.69,3.45454772727198,6.0,8.0,10.0
140,2,40,8.98,3.6138068570414776,6.0,8.0,10.0
141,2,41,8.54,2.87200278551397,6.0,8.0,10.0
142,2,42,8.54,3.380591664191344,6.0,8.0,10.0
143,2,43,8.5,2.515949125081825,6.0,8.0,10.0
144,2,44,8.64,2.920684851195007,6.0,8.0,10.0
145,2,45,8.73,3.174444833352755,7.0,8.0,10.0
146,2,46,8.64,3.0676375274794117,6.0,8.0,10.0
147,2,47,8.82,3.9277983654968844,6.0,8.0,10.0
148,2,48,8.98,3.7039978401721565,7.0,8.0,10.0
149,2,49,8.62,2.748745168254053,6.0,8.0,10.0
150,3,0,111.43,86.46354781062364,45.0,83.0,153.5
151,3,1,48.8,47.980621088101806,20.0,32.5,51.5
152,3,2,23.49,18.301636538845372,10.0,18.0,28.25
153,3,3,12.06,6.426227509200091,8.0,9.0,14.0
154,3,4,10.61,4.653804894922004,8.0,9.0,11.0
155,3,5,10.32,3.0979993544221407,8.0,10.0,12.0
156,3,6,10.55,3.2105295513357297,8.0,10.5,13.0
157,3,7,10.1,2.9916550603303182,8.0,10.0,11.0
158,3,8,10.16,2.9282076429105914,8.0,9.5,12.0
159,3,9,10.6,3.3376638536557275,8.0,10.0,12.25
160,3,10,10.61,3.316308188332321,8.0,10.0,12.0
161,3,11,10.88,3.7504133105565844,8.0,10.0,12.0
162,3,12,10.81,3.629586753337079,8.0,10.0,12.25
163,3,13,11.01,3.848363288464331,9.0,10.0,13.0
164,3,14,10.54,3.1793710069760652,8.0,10.0,12.0
165,3,15,10.63,3.2944043467674087,8.0,10.0,12.25
166,3,16,10.92,3.7408020530362203,8.0,10.0,13.0
167,3,17,10.8,3.4756294393965534,8.0,10.0,13.25
168,3,18,10.84,3.489183285526858,8.0,10.0,13.0
169,3,19,10.05,2.9474565306378993,8.0,9.5,12.0
170,3,20,10.6,3.1559467676119,8.0,10.0,13.0
171,3,21,10.53,3.519815336065232,8.0,9.0,12.25
172,3,22,10.92,3.0320949853195565,9.0,10.0,13.0
173,3,23,10.67,3.614014388460566,8.0,11.0,12.0
174,3,24,10.87,3.3901474894169428,9.0,10.0,13.0
175,3,25,816.63,709.4698958377303,365.25,644.0,1006.0
176,3,26,188.39,241.01007841996983,21.75,101.0,256.5
177,3,27,61.61,77.39623957273376,8.75,28.0,83.75
178,3,28,66.72,70.66782577665737,9.75,45.5,98.0
179,3,29,63.32,63.63786294337672,9.0,38.5,92.25
180,3,30,64.28,64.69251579587858,10.0,45.0,107.5
181,3,31,66.72,66.5027939262705,10.0,48.0,97.25
182,3,32,67.38,66.99563866402052,10.0,46.0,106.25
183,3,33,63.16,74.45948159905494,9.0,32.5,99.25
184,3,34,68.27,69.06979875459317,10.75,47.5,96.5
185,3,35,62.24,70.28899202577882,8.75,33.5,92.25
186,3,36,64.02,69.68801618642907,9.75,44.5,100.5
187,3,37,65.28,66.01652520392147,10.75,42.5,97.25
188,3,38,68.08,71.68370526137723,11.0,45.0,96.5
189,3,39,62.7,69.58613367618581,10.0,35.0,96.5
190,3,40,66.32,73.05968518957634,9.0,37.0,101.0
191,3,41,62.68,69.30149781931124,9.75,29.0,95.0
192,3,42,58.35,61.72914627629318,9.0,28.0,91.0
193,3,43,72.39,88.89846961562387,11.75,44.0,114.25
194,3,44,54.99,66.47397911965253,9.0,24.0,74.5
195,3,45,61.78,67.34650399241225,9.75,30.5,93.0
196,3,46,60.6,65.8792835419451,9.75,33.5,95.75
197,3,47,57.42,61.441708960607535,9.0,32.0,88.75
198,3,48,60.32,67.76870664252048,9.75,31.5,87.0
199,3,49,71.45,81.70720592456946,10.75,43.5,103.75
200,4,0,111.43,86.46354781062364,45.0,83.0,153.5
201,4,1,57.79,53.09807811964573,22.75,41.5,64.75
202,4,2,40.35,34.070038156714766,13.0,31.5,50.25
203,4,3,26.2,32.079276799828264,9.0,13.0,36.0
204,4,4,18.46,17.232771106238253,8.0,11.0,20.25
205,4,5,14.98,13.544725910848104,8.0,10.0,14.25
206,4,6,14.52,16.904129672952703,8.0,9.0,14.0
207,4,7,11.91,11.174162160985494,8.0,9.0,11.0
208,4,8,10.61,7.81011523602565,8.0,9.0,10.0
209,4,9,9.49,4.577106072618374,7.75,8.0,10.0
210,4,10,9.07,4.322626516367103,7.0,8.0,10.0
211,4,11,8.88,2.3760471375795555,7.0,8.0,10.0
212,4,12,8.74,2.326456533013243,7.0,8.0,9.25
213,4,13,8.41,1.7725405496066935,7.0,8.0,9.0
214,4,14,8.58,2.789910392826264,7.0,8.0,9.0
215,4,15,8.5,1.7804493814764855,7.0,8.0,9.0
216,4,16,8.59,1.9803787516533295,7.0,8.0,10.0
217,4,17,8.66,2.4092322428524815,7.0,8.0,9.0
218,4,18,8.69,2.248088076566397,7.0,8.0,10.0
219,4,19,8.76,2.2983472322519063,7.0,8.0,10.0
220,4,20,8.54,1.763065512112355,7.0,8.0,10.0
221,4,21,8.68,2.05854317418897,7.0,8.0,9.25
222,4,22,8.92,3.6212704952820074,7.0,8.0,9.0
223,4,23,8.6,2.130727575266252,7.0,8.0,9.0
224,4,24,8.45,1.82414363469547,7.0,8.0,9.0
225,4,25,461.61,597.7938423068608,119.5,238.5,591.25
226,4,26,77.44,103.11317277632376,9.75,36.0,96.25
227,4,27,42.78,57.47426902536473,7.0,15.0,55.5
228,4,28,29.69,85.81744519618374,6.0,9.0,20.0
229,4,29,18.51,32.78337841040791,6.0,8.5,16.25
230,4,30,15.62,25.429423902243634,6.0,8.0,15.5
231,4,31,12.1,17.179930151196775,6.0,7.0,10.0
232,4,32,9.28,7.195943301610985,6.0,7.0,9.0
233,4,33,9.23,8.144759051070817,6.0,7.0,9.0
234,4,34,8.77,16.047962487493546,6.0,7.0,8.0
235,4,35,7.41,3.8212432531834457,6.0,6.5,8.0
236,4,36,7.44,4.028200590834572,6.0,7.0,8.0
237,4,37,7.66,5.018406121469246,6.0,7.0,8.0
238,4,38,6.91,1.5562454819211524,6.0,7.0,8.0
239,4,39,6.96,2.024450542739931,6.0,6.0,8.0
240,4,40,6.88,1.4579437574886076,6.0,7.0,8.0
241,4,41,6.79,1.4162979912433682,6.0,6.5,8.0
242,4,42,6.9,1.5524174696260025,6.0,7.0,8.0
243,4,43,6.88,1.4783774890061063,6.0,7.0,8.0
244,4,44,6.99,1.6822306619485927,6.0,7.0,8.0
245,4,45,6.87,1.4605136082899057,6.0,7.0,8.0
246,4,46,7.02,1.593612248948909,6.0,7.0,8.0
247,4,47,6.82,1.402711659607918,6.0,7.0,8.0
248,4,48,6.94,1.5608971779076288,6.0,7.0,8.0
249,4,49,6.92,1.6951696080333671,6.0,6.5,8.0
