,Replay type,Individual,Mean,STD
0,0,0,44.0,138.0683888513225
1,0,1,22.72,70.16239448593524
2,0,2,37.72,84.30825345124872
3,0,3,31.56,68.77446037592736
4,0,4,39.48,122.3035960223574
5,0,5,35.76,37.447862422306564
6,0,6,32.32,46.71849312638414
7,0,7,34.44,103.54596274119045
8,0,8,59.72,241.94321978513875
9,0,9,10.52,15.380819223955537
10,0,10,31.28,61.90219382219019
11,0,11,58.6,166.18736414059887
12,0,12,45.56,175.44231644617562
13,0,13,28.8,90.83963892486582
14,0,14,115.56,513.33849105634
15,0,15,27.88,111.88469779196807
16,0,16,33.8,72.92023038910393
17,0,17,28.08,109.45096436304252
18,0,18,45.0,112.68398289020494
19,0,19,23.72,50.30429007549952
20,0,20,45.08,143.6743317367441
21,0,21,36.56,121.99445233288283
22,0,22,18.6,25.75732905407701
23,0,23,102.84,346.1608504727246
24,0,24,74.0,196.80508123521608
25,0,25,86.64,145.94625860226768
26,0,26,63.08,179.02422629353828
27,0,27,72.52,172.6942083568526
28,0,28,26.24,55.49002072445098
29,0,29,49.08,146.37401955265148
30,0,30,50.96,112.94086240152406
31,0,31,25.76,100.8893572186879
32,0,32,71.0,175.90110858092964
33,0,33,36.12,113.2781779514484
34,0,34,38.84,98.92610575576094
35,0,35,39.12,98.2125531691341
36,0,36,31.64,82.56337202416087
37,0,37,21.44,62.77902834545945
38,0,38,62.12,134.27682450817787
39,0,39,26.12,65.06385786287191
40,0,40,50.64,106.68528670814922
41,0,41,37.36,139.27982768513178
42,0,42,62.76,173.39579695021453
43,0,43,69.36,230.14862676105625
44,0,44,42.36,164.91182613748478
45,0,45,25.16,63.11366254623476
46,0,46,49.32,159.78303289148064
47,0,47,89.32,218.83522933933648
48,0,48,28.8,69.66893138264719
49,0,49,41.36,126.60896650711592
50,0,50,44.64,110.83605189648357
51,0,51,46.8,161.00782589675572
52,0,52,27.72,103.55733484403696
53,0,53,20.84,64.78066378171812
54,0,54,37.16,109.27531468726146
55,0,55,102.12,375.6849020123114
56,0,56,49.16,120.58845052491553
57,0,57,70.28,188.39692566493756
58,0,58,111.48,326.3292962637588
59,0,59,52.68,181.167484941421
60,0,60,58.2,164.32626083496214
61,0,61,21.0,71.86876929515351
62,0,62,19.96,44.03042584395479
63,0,63,78.6,215.15612935726466
64,0,64,45.96,181.11973498213817
65,0,65,40.68,96.9625577220403
66,0,66,20.16,35.59851682303633
67,0,67,29.92,100.97600507051163
68,0,68,26.32,67.80425945322318
69,0,69,39.68,70.34356829163558
70,0,70,54.2,144.0910823056028
71,0,71,60.12,228.3166783220183
72,0,72,64.64,170.8095735021898
73,0,73,103.56,312.27066208659437
74,0,74,113.48,327.37380713795653
75,0,75,71.16,235.19705440332356
76,0,76,18.32,43.87502250711671
77,0,77,63.16,200.49492362650977
78,0,78,80.24,187.32822104530862
79,0,79,80.04,214.56159581807736
80,0,80,30.2,76.54802414171117
81,0,81,41.52,87.4931403025403
82,0,82,36.76,121.43320139072343
83,0,83,17.4,58.529308897337884
84,0,84,28.72,91.01363414346224
85,0,85,22.24,54.71254335159346
86,0,86,37.36,123.82467605449246
87,0,87,41.92,164.36396685405228
88,0,88,61.04,171.03507944278564
89,0,89,54.4,222.1761463343895
90,0,90,46.2,119.57658633695809
91,0,91,12.72,24.317105090861457
92,0,92,51.24,82.82670100879307
93,0,93,40.08,110.48182474959397
94,0,94,27.92,84.16788936405618
95,0,95,73.56,175.63145048652314
96,0,96,62.64,217.76315207123548
97,0,97,29.32,48.363391113527186
98,0,98,41.32,81.52630005096519
99,0,99,32.04,112.09298996815107
100,1,0,29.84,106.38897687260655
101,1,1,37.92,22.305012889482935
102,1,2,11.0,13.51147660324363
103,1,3,90.92,395.4146097452647
104,1,4,23.92,52.502891348953355
105,1,5,13.44,11.859443494532115
106,1,6,84.32,380.42331369147195
107,1,7,76.16,333.91767608199484
108,1,8,58.4,247.12037552577485
109,1,9,20.96,44.546137879730935
110,1,10,5.44,1.3879481258317987
111,1,11,25.88,74.55699564762516
112,1,12,18.96,45.375306059573845
113,1,13,108.64,434.5505153604125
114,1,14,11.96,8.529853457123398
115,1,15,22.16,16.880000000000003
116,1,16,17.28,55.47937995327635
117,1,17,16.28,37.96158057826362
118,1,18,17.32,47.911351473319954
119,1,19,96.52,430.19317707281255
120,1,20,16.0,13.714226190347015
121,1,21,89.0,387.64003921163766
122,1,22,11.64,8.15784285212702
123,1,23,112.12,480.3028477950137
124,1,24,44.16,152.49962098313566
125,1,25,5.68,1.3775340286178055
126,1,26,17.96,52.89421896578112
127,1,27,24.72,74.58660469548138
128,1,28,31.96,85.13165333763935
129,1,29,11.36,15.249603273528134
130,1,30,81.96,336.2239111068694
131,1,31,64.44,268.7619139684788
132,1,32,16.28,43.01768938471707
133,1,33,21.08,58.854342235726335
134,1,34,27.16,25.83900926893289
135,1,35,9.88,13.297578726971304
136,1,36,58.48,251.5957265137863
137,1,37,66.96,283.9720380600879
138,1,38,15.2,42.91479931212542
139,1,39,54.04,223.51438074540084
140,1,40,69.44,297.34183425814797
141,1,41,37.32,22.795999649061237
142,1,42,108.4,491.87217851795583
143,1,43,21.48,24.97217651707596
144,1,44,17.36,46.89893815429086
145,1,45,81.56,279.17966688138307
146,1,46,13.96,37.591999148755
147,1,47,12.4,23.256826954681497
148,1,48,19.48,45.873844399614036
149,1,49,61.12,192.12898167637283
150,1,50,17.32,11.20614117348162
151,1,51,43.6,160.38478730852253
152,1,52,10.68,14.438060811618717
153,1,53,25.92,78.40812202826949
154,1,54,14.2,37.32988079273758
155,1,55,100.92,452.3616181773163
156,1,56,24.68,75.02517977319356
157,1,57,53.24,196.779730663501
158,1,58,16.0,25.155516293648198
159,1,59,14.52,24.42641193462518
160,1,60,40.36,152.01496768410672
161,1,61,21.88,72.10232728560153
162,1,62,18.56,26.80459662072907
163,1,63,29.2,99.58915603618702
164,1,64,28.88,23.588675248940962
165,1,65,26.88,36.18211712987509
166,1,66,33.28,86.93377709498192
167,1,67,55.52,208.15515751477307
168,1,68,36.12,136.34289713806146
169,1,69,20.32,48.13125387936614
170,1,70,23.16,85.90863984489569
171,1,71,30.8,38.378118765775895
172,1,72,12.44,10.89249282763133
173,1,73,35.44,94.85276168884067
174,1,74,15.48,46.864161146872135
175,1,75,28.24,103.8600134796833
176,1,76,137.68,624.8973496503243
177,1,77,52.0,198.06887690901868
178,1,78,37.6,111.62401175374407
179,1,79,18.92,12.155393864453755
180,1,80,14.96,36.024969118654354
181,1,81,45.96,35.11863323080782
182,1,82,41.2,165.11353669520855
183,1,83,156.64,724.3112524322675
184,1,84,9.76,22.098470535310817
185,1,85,25.4,98.71575355534699
186,1,86,76.8,324.21375664829526
187,1,87,152.16,700.7305148200695
188,1,88,110.92,489.5150187685767
189,1,89,95.96,406.841834623727
190,1,90,14.76,38.04132489806317
191,1,91,9.4,12.831211945876353
192,1,92,16.48,2.5474693324945052
193,1,93,30.76,120.28808087254534
194,1,94,8.28,10.164723311531906
195,1,95,6.4,0.8944271909999157
196,1,96,18.36,60.15970744609717
197,1,97,32.68,22.739780122068023
198,1,98,61.96,267.8286735956403
199,1,99,50.88,188.87526465898068
200,2,0,29.84,106.38897687260655
201,2,1,37.92,22.305012889482935
202,2,2,11.0,13.51147660324363
203,2,3,30.48,96.47263653492632
204,2,4,23.92,52.502891348953355
205,2,5,34.0,23.916521486202797
206,2,6,84.32,380.42331369147195
207,2,7,45.8,183.7670264220434
208,2,8,96.6,431.60713617826116
209,2,9,20.96,44.546137879730935
210,2,10,5.44,1.3879481258317987
211,2,11,25.88,74.55699564762516
212,2,12,18.96,45.375306059573845
213,2,13,108.64,434.5505153604125
214,2,14,11.96,8.529853457123398
215,2,15,36.76,48.07351037733775
216,2,16,17.28,55.47937995327635
217,2,17,16.28,37.96158057826362
218,2,18,17.32,47.911351473319954
219,2,19,116.12,496.6847144819339
220,2,20,16.0,13.714226190347015
221,2,21,89.0,387.64003921163766
222,2,22,11.64,8.15784285212702
223,2,23,77.8,290.59676529514223
224,2,24,44.16,152.49962098313566
225,2,25,5.68,1.3775340286178055
226,2,26,17.96,52.89421896578112
227,2,27,24.72,74.58660469548138
228,2,28,31.96,85.13165333763935
229,2,29,11.36,15.249603273528134
230,2,30,81.96,336.2239111068694
231,2,31,64.44,268.7619139684788
232,2,32,16.28,43.01768938471707
233,2,33,21.08,58.854342235726335
234,2,34,27.16,25.83900926893289
235,2,35,9.88,13.297578726971304
236,2,36,103.2,468.02341821750764
237,2,37,66.96,283.9720380600879
238,2,38,15.2,42.91479931212542
239,2,39,109.96,505.82996985153005
240,2,40,69.44,297.34183425814797
241,2,41,37.32,22.795999649061237
242,2,42,108.4,491.87217851795583
243,2,43,21.48,24.97217651707596
244,2,44,17.36,46.89893815429086
245,2,45,81.56,279.17966688138307
246,2,46,13.96,37.591999148755
247,2,47,16.28,45.277385083504974
248,2,48,19.48,45.873844399614036
249,2,49,61.12,192.12898167637283
250,2,50,26.52,87.29129166188345
251,2,51,43.6,160.38478730852253
252,2,52,10.68,14.438060811618717
253,2,53,73.8,308.27779680022377
254,2,54,14.2,37.32988079273758
255,2,55,100.92,452.3616181773163
256,2,56,23.88,75.16239485274534
257,2,57,21.24,51.775886279232346
258,2,58,16.0,25.155516293648198
259,2,59,14.52,24.42641193462518
260,2,60,28.2,66.4096378547572
261,2,61,21.88,72.10232728560153
262,2,62,18.56,26.80459662072907
263,2,63,29.2,99.58915603618702
264,2,64,28.88,23.588675248940962
265,2,65,26.88,36.18211712987509
266,2,66,33.28,86.93377709498192
267,2,67,55.52,208.15515751477307
268,2,68,36.12,136.34289713806146
269,2,69,20.32,48.13125387936614
270,2,70,23.16,85.90863984489569
271,2,71,22.8,14.783774890061062
272,2,72,12.44,10.89249282763133
273,2,73,35.44,94.85276168884067
274,2,74,15.48,46.864161146872135
275,2,75,28.24,103.8600134796833
276,2,76,118.16,539.2671827582316
277,2,77,106.88,476.25953596752265
278,2,78,37.6,111.62401175374407
279,2,79,18.92,12.155393864453755
280,2,80,14.96,36.024969118654354
281,2,81,45.96,35.11863323080782
282,2,82,41.2,165.11353669520855
283,2,83,156.64,724.3112524322675
284,2,84,9.76,22.098470535310817
285,2,85,25.4,98.71575355534699
286,2,86,76.8,324.21375664829526
287,2,87,57.76,209.8668682760573
288,2,88,110.92,489.5150187685767
289,2,89,36.16,115.30782453936074
290,2,90,12.28,26.908021108955595
291,2,91,9.4,12.831211945876353
292,2,92,16.48,2.5474693324945052
293,2,93,40.24,152.85556057926058
294,2,94,8.28,10.164723311531906
295,2,95,6.4,0.8944271909999157
296,2,96,18.36,60.15970744609717
297,2,97,32.68,22.739780122068023
298,2,98,66.52,284.05902485223027
299,2,99,50.56,188.9378903237782
300,3,0,5.52,2.35151015307185
301,3,1,102.48,79.98055763746586
302,3,2,90.16,314.1417106975768
303,3,3,211.44,107.32980201230225
304,3,4,208.36,108.31172789684412
305,3,5,160.84,428.1136933105503
306,3,6,58.56,225.24086307772836
307,3,7,113.56,293.10517975634616
308,3,8,217.24,48.45639689452777
309,3,9,258.88,237.74950178707002
310,3,10,229.52,109.40900145783255
311,3,11,274.28,216.41599201537764
312,3,12,16.72,40.27755702621497
313,3,13,114.28,155.09932817391572
314,3,14,107.08,154.97094437345342
315,3,15,48.36,182.62921562553998
316,3,16,137.32,13.451304769426647
317,3,17,15.92,2.5443270230062796
318,3,18,57.0,30.44995894906921
319,3,19,151.68,98.30919387320802
320,3,20,224.32,144.11321105297736
321,3,21,61.48,58.38364154452854
322,3,22,71.28,31.25062559373812
323,3,23,44.4,55.559697623367256
324,3,24,36.32,153.43603748793845
325,3,25,11.96,2.10675105316219
326,3,26,84.68,53.21106651815954
327,3,27,286.32,92.97084274115194
328,3,28,35.04,137.3737908045054
329,3,29,57.84,9.918386965631054
330,3,30,82.96,320.0794251431979
331,3,31,232.24,408.90392808091246
332,3,32,115.24,80.18193312710787
333,3,33,36.2,80.11192170956832
334,3,34,154.68,71.24252662560473
335,3,35,72.64,262.207838174224
336,3,36,298.88,183.81214758551732
337,3,37,80.68,111.32608679011403
338,3,38,179.64,77.19734710467712
339,3,39,101.44,50.27451044018231
340,3,40,180.88,279.1533370748055
341,3,41,25.12,8.081188031471612
342,3,42,90.64,272.4679621533512
343,3,43,140.88,349.2034730640575
344,3,44,161.36,161.41372432355308
345,3,45,146.68,94.2527325863818
346,3,46,24.12,88.76950827846234
347,3,47,67.64,35.33709665493191
348,3,48,219.4,200.14075047326068
349,3,49,113.4,63.3302455387629
350,3,50,169.32,81.5331687106542
351,3,51,38.32,87.52723918872343
352,3,52,142.04,98.74268783054269
353,3,53,105.92,59.453457426797314
354,3,54,148.64,87.01028904675584
355,3,55,52.36,167.32528320609535
356,3,56,77.0,99.90315310339308
357,3,57,126.6,156.13199543975603
358,3,58,290.08,221.37658774134184
359,3,59,22.52,75.42101563887888
360,3,60,189.68,95.0106183539503
361,3,61,128.64,63.50173540935712
362,3,62,80.76,21.407064254586615
363,3,63,489.44,276.30578423189047
364,3,64,128.28,49.091359728571376
365,3,65,72.4,314.68053641749117
366,3,66,89.04,116.8823271500016
367,3,67,253.56,148.92711774556037
368,3,68,454.32,114.06795167793624
369,3,69,278.08,57.151671891555374
370,3,70,148.8,96.34645816012129
371,3,71,448.8,196.49569969849213
372,3,72,6.8,0.9797958971132714
373,3,73,189.84,96.29026118980049
374,3,74,86.84,8.661085382329402
375,3,75,202.16,205.59001532175634
376,3,76,54.36,182.46224376566232
377,3,77,132.64,156.43832778446594
378,3,78,73.88,277.2029321634242
379,3,79,29.56,110.11306189548999
380,3,80,86.92,238.5722397933172
381,3,81,146.36,336.5819816924251
382,3,82,106.04,396.0665075463968
383,3,83,110.76,72.98234307008786
384,3,84,408.36,131.7621736311298
385,3,85,293.0,372.3933404345464
386,3,86,30.32,99.54726314670832
387,3,87,532.36,304.291292021313
388,3,88,94.52,114.57194071848481
389,3,89,98.64,128.5487860697253
390,3,90,176.28,161.31646413184242
391,3,91,9.48,11.946949401416244
392,3,92,23.04,83.47861043405074
393,3,93,31.4,121.79293903999525
394,3,94,89.2,114.50554571722714
395,3,95,243.2,40.35343851519967
396,3,96,27.64,91.40454255670225
397,3,97,41.4,60.087269866420144
398,3,98,172.24,85.17759329776815
399,3,99,304.92,298.36915658291485
400,4,0,36.56,140.73637198677525
401,4,1,14.24,28.25212204419343
402,4,2,10.64,14.80508020917145
403,4,3,36.04,87.98476231711942
404,4,4,11.28,25.561721381784896
405,4,5,24.52,72.47240578316686
406,4,6,26.44,86.55452847771744
407,4,7,96.56,366.6095557947174
408,4,8,27.76,100.94009312458554
409,4,9,9.6,22.535305633605237
410,4,10,26.84,74.51586676674977
411,4,11,30.12,100.44911945855972
412,4,12,21.48,70.54253752169677
413,4,13,38.56,130.745884830078
414,4,14,8.92,9.406040612287406
415,4,15,45.92,199.4472200859165
416,4,16,17.04,47.76147401410471
417,4,17,36.56,78.21819737120003
418,4,18,13.8,35.77708763999663
419,4,19,8.28,15.256526472300298
420,4,20,22.64,42.699770491186484
421,4,21,40.12,163.29098444188529
422,4,22,10.4,9.27793080379456
423,4,23,43.44,171.18483110369343
424,4,24,31.16,74.5968792912947
425,4,25,28.84,89.8539615153389
426,4,26,10.24,19.152608177478076
427,4,27,46.92,200.46624054937533
428,4,28,18.2,32.33079027799969
429,4,29,10.72,13.32522420074049
430,4,30,38.84,137.5013250845242
431,4,31,28.28,59.219267134945156
432,4,32,43.64,180.73181900263162
433,4,33,12.8,19.69162258423619
434,4,34,10.72,17.293975829750654
435,4,35,15.44,30.56020942336619
436,4,36,37.36,103.00597264236669
437,4,37,22.2,70.00857090385435
438,4,38,30.44,45.53862536353068
439,4,39,17.96,25.412563821857884
440,4,40,17.92,18.240438591218144
441,4,41,27.48,61.15365565524274
442,4,42,16.4,51.15388548292302
443,4,43,13.4,18.310652637194558
444,4,44,11.12,19.58432025881931
445,4,45,65.48,271.8958800717656
446,4,46,45.6,170.50348970035782
447,4,47,26.56,68.05531867532473
448,4,48,60.6,221.1848096049999
449,4,49,36.48,78.78330787673232
450,4,50,34.96,111.60375620918853
451,4,51,44.12,128.29133096199445
452,4,52,48.64,184.0617026977639
453,4,53,19.44,34.07882627086797
454,4,54,17.52,44.51886791013448
455,4,55,20.88,47.74374932910067
456,4,56,9.76,12.519680507105605
457,4,57,11.6,22.154006409676796
458,4,58,36.24,121.61686725121645
459,4,59,16.84,38.267145177031395
460,4,60,22.64,69.68665869447321
461,4,61,19.8,62.299919743126445
462,4,62,44.48,154.84472738843908
463,4,63,20.4,74.22182967294731
464,4,64,36.64,142.3519244689021
465,4,65,77.68,253.79656735267326
466,4,66,26.76,91.73626545701539
467,4,67,61.36,249.18521304443408
468,4,68,25.88,89.02912781781025
469,4,69,17.48,37.9685343409513
470,4,70,39.16,150.76436714290284
471,4,71,69.52,201.81637594605647
472,4,72,20.04,58.983713006218885
473,4,73,13.16,38.96119094688968
474,4,74,26.04,65.87350301904397
475,4,75,58.96,259.0420012276003
476,4,76,17.28,30.640522188761736
477,4,77,56.52,151.49841451315595
478,4,78,101.84,421.39726434802554
479,4,79,33.92,73.90421909471746
480,4,80,6.84,1.7590906741836825
481,4,81,20.88,32.68066094802857
482,4,82,13.0,15.967466924969658
483,4,83,7.92,14.30502009785375
484,4,84,5.12,0.32496153618543866
485,4,85,53.6,147.14102079297936
486,4,86,16.88,31.518020242394677
487,4,87,28.84,92.93898213344066
488,4,88,27.0,69.88905493709298
489,4,89,12.64,19.52
490,4,90,57.84,132.37814925432363
491,4,91,29.04,107.97350786188261
492,4,92,8.32,16.2646118920803
493,4,93,33.0,67.20654730009569
494,4,94,28.28,101.02693502229991
495,4,95,6.4,0.6928203230275508
496,4,96,21.84,59.288906213557404
497,4,97,17.0,35.712182795231094
498,4,98,23.0,71.34031118519178
499,4,99,17.32,30.96413409091237
