,Replay type,Individual,Mean,STD
0,0,0,37.8,86.53507959203598
1,0,1,31.2,23.19310242291876
2,0,2,45.52,76.60032375910693
3,0,3,20.8,17.18371321920847
4,0,4,29.28,28.660104675314777
5,0,5,40.0,52.76438192568923
6,0,6,26.24,23.56485518733353
7,0,7,35.8,48.466895918760876
8,0,8,25.64,21.493961942834087
9,0,9,50.76,78.66296714464819
10,0,10,30.72,34.230419220336756
11,0,11,37.84,43.393713830461664
12,0,12,29.08,27.54039941613048
13,0,13,38.72,43.473688594367054
14,0,14,38.24,71.38026618050678
15,0,15,35.24,64.27769753188115
16,0,16,37.28,51.31823847327576
17,0,17,28.0,33.370645783382734
18,0,18,43.24,48.26118937614364
19,0,19,33.4,70.37954248217304
20,0,20,40.96,31.83643196088406
21,0,21,32.08,30.041198378227186
22,0,22,33.32,31.974639951061214
23,0,23,26.8,39.05688159594925
24,0,24,30.92,47.56546646465269
25,0,25,40.4,41.208736937693196
26,0,26,39.12,48.89197889224776
27,0,27,33.72,34.38315866816195
28,0,28,32.08,36.92361845756724
29,0,29,39.96,42.14876510646545
30,0,30,32.88,40.11814552044997
31,0,31,45.8,53.1134634532526
32,0,32,38.72,39.49331082601204
33,0,33,25.08,14.488395356284283
34,0,34,36.28,45.88727056602953
35,0,35,23.44,19.762752844682343
36,0,36,31.12,31.11439538220211
37,0,37,48.4,48.78524367060188
38,0,38,31.8,30.10780629670651
39,0,39,39.68,58.81953417020571
40,0,40,33.0,47.83806016134015
41,0,41,39.76,36.17101602111835
42,0,42,23.44,28.031525110132698
43,0,43,21.52,11.31059680123025
44,0,44,38.52,38.508305597623995
45,0,45,35.72,29.70726510468441
46,0,46,34.08,36.07871394603749
47,0,47,41.44,54.40520563328476
48,0,48,31.8,29.505253769456047
49,0,49,27.6,29.671535181045154
50,0,50,24.24,24.219463247561865
51,0,51,43.4,51.42295207395235
52,0,52,28.88,30.828973385437273
53,0,53,40.76,51.80677947913768
54,0,54,39.56,54.14652712778539
55,0,55,42.6,44.7455025672972
56,0,56,32.92,48.5311611235503
57,0,57,49.32,89.60166069889553
58,0,58,36.52,51.53183093972113
59,0,59,35.68,61.07616228939079
60,0,60,26.44,20.40603832202616
61,0,61,45.28,41.91373999060452
62,0,62,30.6,57.6333236938492
63,0,63,29.12,31.219634847320044
64,0,64,38.12,42.01649200016583
65,0,65,41.64,54.28213702499194
66,0,66,23.68,16.93687102153169
67,0,67,23.04,19.200999973959693
68,0,68,26.88,15.523710896560784
69,0,69,51.28,55.230078761486475
70,0,70,33.88,49.59864514278591
71,0,71,27.16,24.31736827866042
72,0,72,38.12,38.337782930159115
73,0,73,37.36,72.161419054783
74,0,74,38.68,36.71590391097568
75,0,75,25.48,20.264491111301073
76,0,76,24.04,13.915401539301696
77,0,77,25.64,25.075693410153185
78,0,78,34.88,68.94944234727356
79,0,79,32.64,39.41358141554761
80,0,80,22.84,15.696318039591322
81,0,81,44.04,56.79540826510537
82,0,82,34.84,37.11461167788234
83,0,83,38.2,46.90927413635815
84,0,84,43.8,86.42823612685845
85,0,85,26.72,18.162642979478512
86,0,86,18.2,12.853015210447703
87,0,87,28.8,21.08838542895117
88,0,88,36.92,41.157181633343164
89,0,89,34.92,49.05989808387293
90,0,90,28.44,32.84397052732815
91,0,91,28.68,30.898181176244012
92,0,92,29.88,24.708411523203996
93,0,93,47.04,45.30207942247243
94,0,94,46.88,62.589660487975166
95,0,95,28.12,26.75416976846787
96,0,96,25.8,27.618834153526475
97,0,97,44.92,45.84837619807271
98,0,98,24.8,29.081953166869656
99,0,99,38.92,39.20706058862358
100,1,0,24.8,16.737980762326142
101,1,1,36.92,22.976370470550826
102,1,2,29.68,25.63547541981619
103,1,3,32.76,15.342177159712373
104,1,4,21.04,14.38465849438213
105,1,5,16.6,9.359487165438072
106,1,6,39.88,29.63959513893535
107,1,7,54.8,52.066880067851194
108,1,8,15.96,10.73118819143528
109,1,9,15.04,9.391400321570796
110,1,10,29.32,13.409608495403583
111,1,11,56.52,65.7693667295041
112,1,12,98.8,289.36993624079196
113,1,13,14.72,15.151290374090255
114,1,14,45.8,83.02722445077879
115,1,15,27.36,17.294808469595722
116,1,16,23.56,17.937848254459063
117,1,17,41.36,36.22692921018837
118,1,18,73.92,162.566151458414
119,1,19,37.68,66.26656472158491
120,1,20,62.68,49.140386648865515
121,1,21,19.72,16.62172072921453
122,1,22,24.76,12.853886571772758
123,1,23,24.64,10.792145291831464
124,1,24,15.56,5.664485854868029
125,1,25,47.96,44.722683282647516
126,1,26,38.68,62.42866008493215
127,1,27,24.68,19.140992659734238
128,1,28,24.76,20.59180419487326
129,1,29,56.8,94.10207224073231
130,1,30,61.04,57.16955833308493
131,1,31,75.44,61.15559173125545
132,1,32,57.76,63.50891590950046
133,1,33,38.04,23.872126005029383
134,1,34,20.44,17.550111110759385
135,1,35,39.16,39.794150323885546
136,1,36,33.48,19.337259371482816
137,1,37,23.0,21.55179806883871
138,1,38,69.4,56.00642820248404
139,1,39,40.12,52.14389321866943
140,1,40,17.8,8.059776671843954
141,1,41,54.52,46.05919669295155
142,1,42,30.76,30.110835259089036
143,1,43,17.68,7.656213163176688
144,1,44,16.56,15.289421179364506
145,1,45,53.76,47.60359650278538
146,1,46,40.48,34.398976728966815
147,1,47,39.28,56.88762255535029
148,1,48,65.2,40.54331017566277
149,1,49,23.8,13.722973438726758
150,1,50,16.44,9.191648383179157
151,1,51,68.04,142.00661393047864
152,1,52,88.96,134.6799108998814
153,1,53,40.32,33.56750809935108
154,1,54,33.56,41.1330329540626
155,1,55,36.8,83.20769195212665
156,1,56,25.72,44.936862373779505
157,1,57,113.16,112.76974062220769
158,1,58,28.28,11.364928508354112
159,1,59,36.04,61.541842676345
160,1,60,41.6,22.922478051031046
161,1,61,34.44,26.22072462766809
162,1,62,37.28,55.24021723346135
163,1,63,28.76,29.553043836464628
164,1,64,78.56,96.24139649859617
165,1,65,29.8,15.712415473121885
166,1,66,40.44,37.139822293597476
167,1,67,34.12,32.35097525577861
168,1,68,12.4,3.1368774282716245
169,1,69,26.92,23.31680938722106
170,1,70,61.64,54.5614369312246
171,1,71,24.24,11.2721958819034
172,1,72,30.52,20.044191178493584
173,1,73,52.08,72.97721288183045
174,1,74,41.32,15.886396696545127
175,1,75,24.76,13.606704229900787
176,1,76,16.4,5.761944116355173
177,1,77,23.0,24.68359779286642
178,1,78,66.08,82.71199187542277
179,1,79,16.36,11.858768907437229
180,1,80,41.88,47.53972654528
181,1,81,27.0,43.90535274883918
182,1,82,33.68,39.86348705269021
183,1,83,29.36,41.27748054326958
184,1,84,32.36,86.32398507946678
185,1,85,30.84,19.16805676118474
186,1,86,29.68,13.60505788300807
187,1,87,56.48,58.192178168547706
188,1,88,53.88,42.25950307327336
189,1,89,26.12,32.99008335848821
190,1,90,19.72,8.345154282576207
191,1,91,16.68,11.414797413883436
192,1,92,22.52,13.948820738686122
193,1,93,43.28,28.921300109089145
194,1,94,46.72,52.320183485916786
195,1,95,90.64,269.4383610401459
196,1,96,24.76,24.895429299371397
197,1,97,30.08,35.35072276488842
198,1,98,62.16,124.21938013047722
199,1,99,18.68,15.016577506209597
200,2,0,18.76,15.746186839993996
201,2,1,27.24,14.125947755814474
202,2,2,28.76,22.416565303364383
203,2,3,32.84,35.65465467509116
204,2,4,19.28,15.407842159108457
205,2,5,22.88,12.637468100849949
206,2,6,24.68,15.989296419792835
207,2,7,54.32,60.42431298740599
208,2,8,14.12,10.84922117020388
209,2,9,25.36,22.02158940676172
210,2,10,25.64,16.402146201031133
211,2,11,61.48,75.29681002539218
212,2,12,67.68,104.96655467338157
213,2,13,16.12,15.718320520971698
214,2,14,36.44,69.24049682086344
215,2,15,25.52,12.844049205760617
216,2,16,18.56,16.96839414912324
217,2,17,51.56,39.524250783537944
218,2,18,84.68,174.74592298534463
219,2,19,35.88,66.37669470529548
220,2,20,39.72,24.381173064477434
221,2,21,17.44,17.30451964083372
222,2,22,25.72,13.95283483740849
223,2,23,20.56,11.310455340082466
224,2,24,16.28,6.936973403437554
225,2,25,45.32,56.22435059651646
226,2,26,32.92,53.0810097869285
227,2,27,29.36,18.443166756281308
228,2,28,25.96,11.57058339065062
229,2,29,69.48,136.16552280221302
230,2,30,64.12,78.8483709406859
231,2,31,41.64,40.96328111858229
232,2,32,61.24,65.73783081301055
233,2,33,56.28,88.42557096225052
234,2,34,17.88,9.538637219225816
235,2,35,27.32,33.72918024500447
236,2,36,27.0,32.20310544031429
237,2,37,24.04,16.418233766151584
238,2,38,60.72,50.536735153747316
239,2,39,38.64,51.429859031500364
240,2,40,17.28,5.841369702390013
241,2,41,87.24,112.94220823058137
242,2,42,45.44,27.291141419882017
243,2,43,14.08,8.385320506695018
244,2,44,15.24,9.074271320607513
245,2,45,40.44,19.440329215319377
246,2,46,36.28,30.71484331719763
247,2,47,39.36,54.38005516731295
248,2,48,20.36,20.99881901441126
249,2,49,19.56,7.299753420493051
250,2,50,18.12,11.819712348445705
251,2,51,91.08,124.3150578168228
252,2,52,26.32,27.784484879155126
253,2,53,52.6,46.786322787754976
254,2,54,35.44,48.00256659804765
255,2,55,42.12,82.646388910829
256,2,56,26.64,44.05712655178501
257,2,57,57.76,94.5774941516215
258,2,58,24.68,10.570600739787688
259,2,59,40.56,64.40501843800682
260,2,60,68.2,53.98073730507949
261,2,61,33.28,28.410589575015862
262,2,62,54.24,55.49434565791364
263,2,63,23.0,30.11843289415968
264,2,64,82.48,126.28542908823646
265,2,65,27.68,31.475349084640822
266,2,66,31.84,37.12754233719221
267,2,67,47.44,23.613690944026512
268,2,68,11.04,3.4232148632535475
269,2,69,28.28,21.864162458232883
270,2,70,44.68,49.241218506450465
271,2,71,39.44,33.517851959813896
272,2,72,21.12,15.756446299848198
273,2,73,41.24,72.54090156594417
274,2,74,22.8,12.46755790040696
275,2,75,21.2,11.099549540409285
276,2,76,14.84,5.341760009584855
277,2,77,30.16,21.286014187724295
278,2,78,56.88,73.04208102183289
279,2,79,16.72,12.258939595250478
280,2,80,42.6,34.018818321628984
281,2,81,29.0,43.50999885083887
282,2,82,44.84,52.3852498323717
283,2,83,35.44,47.13137383951374
284,2,84,34.6,86.06416211176403
285,2,85,32.6,36.04996532591952
286,2,86,28.6,13.676256797823008
287,2,87,32.2,16.70209567689037
288,2,88,44.0,37.722142038860945
289,2,89,24.76,33.96737258016875
290,2,90,19.28,9.905634760074692
291,2,91,32.28,26.68260856812917
292,2,92,23.56,17.35990783385672
293,2,93,40.84,28.85505848200624
294,2,94,75.24,148.8215790804546
295,2,95,69.16,48.59356335977019
296,2,96,28.24,22.475373189337706
297,2,97,28.84,35.40585262354234
298,2,98,61.64,55.76441876322213
299,2,99,28.76,26.794447185937607
300,3,0,23.16,23.84563691747402
301,3,1,53.64,53.15252016602788
302,3,2,20.84,18.733243178905244
303,3,3,19.04,16.21969173566502
304,3,4,24.24,17.335005047590844
305,3,5,13.92,9.511761140819296
306,3,6,16.84,9.665112518744932
307,3,7,15.76,19.104512555938193
308,3,8,14.52,10.15133488758991
309,3,9,17.0,10.213716267842964
310,3,10,23.92,12.939613595467213
311,3,11,73.28,117.79355500196095
312,3,12,47.76,67.24776873621906
313,3,13,29.08,29.783109307122388
314,3,14,38.68,68.87653882128515
315,3,15,19.04,10.470835687756734
316,3,16,22.64,21.868479599642953
317,3,17,39.96,32.99391459042106
318,3,18,20.16,28.814829515372818
319,3,19,29.6,67.50525905438775
320,3,20,20.76,24.99324708796358
321,3,21,31.0,46.06864443414848
322,3,22,15.36,9.882833601756127
323,3,23,24.52,12.322726970926524
324,3,24,15.52,7.283515634636889
325,3,25,68.8,66.6093086587753
326,3,26,20.96,40.6915027984959
327,3,27,23.8,12.537942414925983
328,3,28,13.24,5.101215541417554
329,3,29,29.64,15.05424856975598
330,3,30,28.84,41.27341032674668
331,3,31,28.44,33.28913336210483
332,3,32,28.64,37.09865765765657
333,3,33,21.48,17.50227413795133
334,3,34,23.76,11.215275297557344
335,3,35,19.52,10.064273446205643
336,3,36,22.88,13.653776034489507
337,3,37,16.64,9.515797391706068
338,3,38,18.72,27.50639198440973
339,3,39,27.36,52.40448835739169
340,3,40,29.68,17.14110848224233
341,3,41,23.24,20.384857124836564
342,3,42,18.36,16.744861898504865
343,3,43,12.08,6.24128191960594
344,3,44,21.72,12.561910682694732
345,3,45,21.32,11.206141173481619
346,3,46,24.8,30.262848511004385
347,3,47,25.36,37.792994059746036
348,3,48,30.44,23.688106720462063
349,3,49,20.12,18.44845793013606
350,3,50,25.6,20.105720578979508
351,3,51,49.72,108.80938194843317
352,3,52,23.96,28.345694558433383
353,3,53,28.48,32.83792928916195
354,3,54,29.24,44.96601383267144
355,3,55,28.72,49.287337116139675
356,3,56,25.8,43.83058293018699
357,3,57,36.36,87.7837707096249
358,3,58,20.24,13.288431058631414
359,3,59,45.2,60.981964546905175
360,3,60,28.44,14.527436112404692
361,3,61,27.0,13.867948658687773
362,3,62,25.24,56.302951965238904
363,3,63,27.48,29.16041151972997
364,3,64,40.64,53.39204435119525
365,3,65,23.72,16.66498124811426
366,3,66,10.6,8.034923770640265
367,3,67,17.84,14.309940600855057
368,3,68,13.4,5.782732917920384
369,3,69,32.6,40.47616582632304
370,3,70,39.36,46.46192419605541
371,3,71,14.64,11.206712274347012
372,3,72,37.12,47.62715191988704
373,3,73,35.56,71.59110559280393
374,3,74,35.08,36.120819481290845
375,3,75,19.36,14.031051279216392
376,3,76,27.56,19.343381296970804
377,3,77,16.36,8.192093749463563
378,3,78,34.88,67.42244136784132
379,3,79,22.6,10.654576481493763
380,3,80,16.6,10.237187113655784
381,3,81,25.32,43.66666463104322
382,3,82,16.2,9.431860898041277
383,3,83,19.96,40.186047329888005
384,3,84,37.6,85.79044235810885
385,3,85,26.2,28.077036880696653
386,3,86,16.88,8.339400458066516
387,3,87,23.32,14.234380913829726
388,3,88,24.36,32.911858045391476
389,3,89,17.2,33.752036975566384
390,3,90,25.0,11.740528097151337
391,3,91,19.44,10.954743264905845
392,3,92,24.44,15.041489287966135
393,3,93,28.48,29.98682377311742
394,3,94,35.6,41.672052985184216
395,3,95,19.92,17.05032551008924
396,3,96,25.04,16.997599830564315
397,3,97,28.88,33.6443992367229
398,3,98,27.4,49.954379187414595
399,3,99,28.2,17.26962651593832
400,4,0,20.24,14.072043206300927
401,4,1,23.16,22.363684848432293
402,4,2,19.72,17.69637250964163
403,4,3,20.12,8.659422613546473
404,4,4,29.6,17.749366185867032
405,4,5,26.64,27.712639715480005
406,4,6,14.56,10.264813685596053
407,4,7,18.32,23.859119849650785
408,4,8,15.6,13.108775686539152
409,4,9,13.76,6.008527273800129
410,4,10,25.64,21.756617384143148
411,4,11,22.08,31.04180407128426
412,4,12,53.4,30.883005035132186
413,4,13,106.8,191.44586702250845
414,4,14,30.56,69.88967305689732
415,4,15,21.56,15.33383187595325
416,4,16,34.8,44.55827644781606
417,4,17,27.48,23.313721281683023
418,4,18,84.72,200.19520873387555
419,4,19,27.4,67.59704135537294
420,4,20,31.16,28.232860287261015
421,4,21,23.48,21.980209280168378
422,4,22,17.88,15.190312702508795
423,4,23,24.72,31.242944803587257
424,4,24,27.0,13.401492454200763
425,4,25,21.24,28.966573839513707
426,4,26,44.64,52.30057743467084
427,4,27,13.44,10.08
428,4,28,15.4,5.761944116355173
429,4,29,54.96,83.87394351048482
430,4,30,31.08,41.710353630723404
431,4,31,21.72,32.72982737504125
432,4,32,44.4,61.68435782270899
433,4,33,27.88,19.033276123673506
434,4,34,26.96,14.681907233053883
435,4,35,26.6,33.59404709170957
436,4,36,24.92,21.57205599844392
437,4,37,21.4,17.545369759569045
438,4,38,19.32,22.030379025336806
439,4,39,35.0,53.82044221297331
440,4,40,25.56,16.77636432603918
441,4,41,28.68,22.871327027525098
442,4,42,30.64,19.750199998987352
443,4,43,15.16,8.711739206381237
444,4,44,36.6,26.34236132164313
445,4,45,18.84,18.158590253651298
446,4,46,20.2,30.93089070815777
447,4,47,22.84,35.68941579796453
448,4,48,22.08,24.498032574066027
449,4,49,14.32,5.951268772287132
450,4,50,20.24,17.951668446136143
451,4,51,21.68,15.59415275030997
452,4,52,23.28,27.48748078671452
453,4,53,23.36,32.55380776499117
454,4,54,32.52,43.33970004510876
455,4,55,42.2,60.283994559086736
456,4,56,23.12,44.654513769606766
457,4,57,35.48,87.07519509022073
458,4,58,27.88,21.94597001729475
459,4,59,40.56,63.75897113348049
460,4,60,23.6,26.05379051117131
461,4,61,20.36,9.41861985643332
462,4,62,24.24,57.13232360056784
463,4,63,59.28,64.02157136465803
464,4,64,25.24,25.74378371568562
465,4,65,21.08,23.770435418813854
466,4,66,49.16,106.33294127409437
467,4,67,26.32,29.785526686630867
468,4,68,12.72,3.388450973527579
469,4,69,25.84,28.018108430084997
470,4,70,39.16,63.223210927633225
471,4,71,18.72,11.847430101080995
472,4,72,25.56,30.787114187594778
473,4,73,41.6,76.3544366752843
474,4,74,42.08,47.94907298373973
475,4,75,17.16,10.953282612988675
476,4,76,38.96,38.394249569434216
477,4,77,24.08,10.997890706858291
478,4,78,27.16,68.12675245452407
479,4,79,14.52,7.894909752492423
480,4,80,24.88,12.179720850659919
481,4,81,25.08,43.8441968794047
482,4,82,29.36,32.43933414853024
483,4,83,23.96,40.10534129015734
484,4,84,33.32,86.33039789089356
485,4,85,25.64,22.680176366157298
486,4,86,34.32,36.84749109505287
487,4,87,20.48,18.54533903707344
488,4,88,34.88,35.862314481918204
489,4,89,21.6,33.14573879098186
490,4,90,39.84,28.62681260636608
491,4,91,19.32,17.222589816865526
492,4,92,24.6,19.281078807992046
493,4,93,25.16,28.441772096689057
494,4,94,160.04,407.3589552225408
495,4,95,24.36,19.611996328777952
496,4,96,29.0,17.267310155319503
497,4,97,19.64,32.78033556875219
498,4,98,34.16,56.4989769818888
499,4,99,26.76,26.40648405221717
