,Replay type,Individual,Mean,STD
0,0,0,19.32,25.03073310951958
1,0,1,24.08,27.734339725329676
2,0,2,38.24,79.05860105010714
3,0,3,19.0,16.639711535961194
4,0,4,26.6,55.60071941980608
5,0,5,23.36,31.659286157460958
6,0,6,19.76,28.164204231612853
7,0,7,28.2,40.200497509359266
8,0,8,31.72,38.3505097749691
9,0,9,9.28,7.835917304310961
10,0,10,32.36,56.130476570219855
11,0,11,41.44,76.72969698884516
12,0,12,31.76,29.57874912838608
13,0,13,26.52,28.628824635321656
14,0,14,27.96,51.08383697413498
15,0,15,26.56,27.28381205037156
16,0,16,27.24,42.86283238424639
17,0,17,33.36,36.69973296905578
18,0,18,24.04,34.717695776073604
19,0,19,24.0,40.69201395851525
20,0,20,31.84,54.90623279737917
21,0,21,24.2,32.85848444466057
22,0,22,19.12,23.97385242300452
23,0,23,29.84,44.10231739942925
24,0,24,18.32,19.35297393167262
25,0,25,41.48,57.95247708251997
26,0,26,32.92,37.10301335471285
27,0,27,15.32,21.473183275890886
28,0,28,22.56,33.422244089827366
29,0,29,42.52,58.171553185384354
30,0,30,26.36,35.19190816082583
31,0,31,23.92,31.76780760455465
32,0,32,34.96,65.4617323327148
33,0,33,34.04,37.74385247957606
34,0,34,26.24,30.19308530110826
35,0,35,33.44,32.87927006489043
36,0,36,35.08,49.89983567107209
37,0,37,18.68,21.272931156754122
38,0,38,25.52,50.05446633418442
39,0,39,32.32,69.43412417536497
40,0,40,17.52,25.923147956990103
41,0,41,29.4,42.81401639650269
42,0,42,31.0,54.63771591126408
43,0,43,18.92,16.756897087468197
44,0,44,36.36,47.03860542150457
45,0,45,24.08,21.820944067569577
46,0,46,35.0,46.01304162952064
47,0,47,27.44,27.529010152927764
48,0,48,25.84,50.58353882440412
49,0,49,22.6,45.977385745603236
50,0,50,27.72,46.14457281197865
51,0,51,50.68,69.39148074511742
52,0,52,43.64,70.96076662494566
53,0,53,27.92,48.68586653229044
54,0,54,36.08,49.55717506073162
55,0,55,44.88,44.36874575644436
56,0,56,21.8,19.301813386311665
57,0,57,25.12,27.270966246174698
58,0,58,35.4,60.02199596814487
59,0,59,33.84,62.69652621956016
60,0,60,28.88,38.386789394269485
61,0,61,34.44,44.08544430988532
62,0,62,22.44,41.237924293058214
63,0,63,28.88,30.908018377113724
64,0,64,45.2,47.58150901348127
65,0,65,43.32,64.55677811043546
66,0,66,24.0,29.336666477294244
67,0,67,19.84,20.05528359310832
68,0,68,17.68,14.564944215478475
69,0,69,33.12,35.317213933151635
70,0,70,23.24,50.379583166199396
71,0,71,25.68,25.607373937989035
72,0,72,19.48,15.814221447798179
73,0,73,37.6,48.88762624632128
74,0,74,29.76,29.38473072873052
75,0,75,17.04,18.023273842451594
76,0,76,30.56,40.81184141888235
77,0,77,29.48,31.593822180926445
78,0,78,26.68,35.948540999601086
79,0,79,26.68,25.690029194222415
80,0,80,20.68,23.23225344214375
81,0,81,33.92,40.29185525636664
82,0,82,26.64,25.417914942024648
83,0,83,24.36,48.619238990342076
84,0,84,29.6,62.13726740049
85,0,85,22.32,31.123907209731865
86,0,86,26.08,33.76260653444872
87,0,87,31.72,25.235720714891425
88,0,88,26.4,43.27123756030098
89,0,89,29.8,47.30327684209624
90,0,90,29.92,35.047305174577986
91,0,91,26.12,31.70024605582739
92,0,92,21.28,17.752791329816283
93,0,93,27.28,61.99130261577019
94,0,94,44.6,80.71728439436005
95,0,95,25.76,36.578988504331285
96,0,96,27.48,24.978582826093234
97,0,97,29.0,49.07219171791698
98,0,98,25.72,44.09491580670044
99,0,99,30.48,41.24960121019354
100,1,0,14.8,14.28005602229907
101,1,1,15.4,10.866462165764903
102,1,2,13.16,18.211381056910536
103,1,3,24.64,8.162744636456539
104,1,4,19.24,51.81449990108946
105,1,5,22.2,10.635788640246664
106,1,6,15.6,22.652152215628426
107,1,7,15.52,9.381343187411918
108,1,8,11.4,8.993330862366847
109,1,9,10.6,2.8565713714171403
110,1,10,26.96,26.092880254966097
111,1,11,16.56,19.768823940740635
112,1,12,17.8,8.442748367682174
113,1,13,15.4,11.644741302407711
114,1,14,23.72,45.51704735590832
115,1,15,18.48,8.872970190415383
116,1,16,22.2,10.434557968596465
117,1,17,15.2,19.97598558269404
118,1,18,17.24,22.781185219386632
119,1,19,18.52,34.76908972061246
120,1,20,20.56,26.753810943489903
121,1,21,13.08,7.182868507775986
122,1,22,17.68,23.41404706581073
123,1,23,19.92,31.63026398878137
124,1,24,11.84,4.805663325702291
125,1,25,24.12,29.16617218628458
126,1,26,8.88,5.354026522160682
127,1,27,14.48,6.027404084678578
128,1,28,17.88,6.06181490974444
129,1,29,24.96,13.799942028863743
130,1,30,11.8,1.8973665961010278
131,1,31,16.28,23.660126795940887
132,1,32,21.48,64.22530342474063
133,1,33,17.92,11.246048194810477
134,1,34,11.08,5.999466642960855
135,1,35,20.12,22.022388607959858
136,1,36,22.28,39.250498086011596
137,1,37,8.72,4.878688348316585
138,1,38,22.72,48.365706859302705
139,1,39,30.72,59.9676712904545
140,1,40,10.8,1.574801574802362
141,1,41,11.68,15.011249115246867
142,1,42,17.32,18.30130050023768
143,1,43,13.48,6.1261407101045275
144,1,44,13.68,4.514155513493082
145,1,45,15.76,9.07867831790509
146,1,46,21.88,26.503313000453364
147,1,47,19.96,16.227088463430523
148,1,48,18.36,51.27485153562123
149,1,49,19.12,30.060365932569752
150,1,50,19.4,30.656810010175548
151,1,51,23.8,14.905032707109367
152,1,52,22.04,47.02720914534478
153,1,53,17.48,6.145697682118767
154,1,54,20.68,32.43173754210526
155,1,55,15.0,19.425756098540926
156,1,56,13.0,5.169139193328034
157,1,57,19.0,7.694153624668538
158,1,58,15.68,6.416977481649753
159,1,59,25.16,61.274255605433524
160,1,60,13.76,4.9338017795610725
161,1,61,10.76,8.453543635659548
162,1,62,13.92,8.26520417170683
163,1,63,9.84,4.670588827974477
164,1,64,18.52,10.338742670170294
165,1,65,15.04,5.716502427183951
166,1,66,12.4,10.788883167408944
167,1,67,18.76,14.940629170152107
168,1,68,9.76,2.2852570971337123
169,1,69,11.92,19.927709351553673
170,1,70,28.12,48.1483706889444
171,1,71,14.12,8.994754026653538
172,1,72,17.28,13.334226636742006
173,1,73,11.56,4.5876355565803175
174,1,74,12.76,23.207378137135613
175,1,75,11.88,13.137183868698799
176,1,76,13.0,22.387496510329154
177,1,77,16.76,7.590941970533038
178,1,78,24.36,27.182170627085686
179,1,79,12.56,5.154260373710273
180,1,80,15.56,6.299714279235208
181,1,81,22.72,31.08507037148219
182,1,82,14.64,8.24077666242691
183,1,83,21.52,39.75034087904153
184,1,84,27.12,58.99852201538611
185,1,85,20.64,28.856721920550857
186,1,86,13.92,8.118719110795741
187,1,87,20.52,12.595618285737308
188,1,88,24.72,30.11912349322271
189,1,89,18.04,33.064155818650505
190,1,90,15.36,16.84964094572938
191,1,91,18.32,8.412942410357983
192,1,92,12.52,6.43192039751737
193,1,93,22.76,58.907575064672294
194,1,94,27.56,75.08879010877722
195,1,95,22.52,18.22332571184525
196,1,96,24.04,19.416446636807677
197,1,97,15.6,21.883326986543885
198,1,98,23.32,42.22958204860663
199,1,99,14.36,15.288897932813862
200,2,0,14.8,14.28005602229907
201,2,1,15.4,10.866462165764903
202,2,2,13.16,18.211381056910536
203,2,3,23.72,9.552046901057386
204,2,4,19.24,51.81449990108946
205,2,5,19.28,7.011533355835942
206,2,6,15.6,22.652152215628426
207,2,7,15.52,9.440847419591103
208,2,8,11.4,8.993330862366847
209,2,9,10.6,2.8565713714171403
210,2,10,26.96,26.092880254966097
211,2,11,16.56,19.768823940740635
212,2,12,17.8,8.485281374238571
213,2,13,15.4,11.644741302407711
214,2,14,23.72,45.51704735590832
215,2,15,16.36,8.23592132065381
216,2,16,22.2,10.434557968596465
217,2,17,15.2,19.97598558269404
218,2,18,17.24,22.781185219386632
219,2,19,18.52,34.76908972061246
220,2,20,20.56,26.753810943489903
221,2,21,13.08,7.182868507775986
222,2,22,17.68,23.41404706581073
223,2,23,19.92,31.63026398878137
224,2,24,11.84,4.805663325702291
225,2,25,24.12,29.188107167132305
226,2,26,8.88,5.354026522160682
227,2,27,14.48,6.027404084678578
228,2,28,17.88,6.06181490974444
229,2,29,24.96,13.799942028863743
230,2,30,11.8,1.8973665961010278
231,2,31,16.28,23.660126795940887
232,2,32,21.48,64.22530342474063
233,2,33,17.92,11.246048194810477
234,2,34,11.08,5.999466642960855
235,2,35,20.12,22.022388607959858
236,2,36,22.28,39.250498086011596
237,2,37,8.72,4.878688348316585
238,2,38,22.72,48.365706859302705
239,2,39,30.72,59.9676712904545
240,2,40,10.8,1.574801574802362
241,2,41,11.68,15.011249115246867
242,2,42,17.32,18.30130050023768
243,2,43,13.48,6.1261407101045275
244,2,44,13.68,4.514155513493082
245,2,45,15.76,9.07867831790509
246,2,46,21.88,26.503313000453364
247,2,47,22.84,17.030983530025505
248,2,48,18.36,51.27485153562123
249,2,49,19.12,30.060365932569752
250,2,50,36.28,29.147240006559795
251,2,51,23.8,14.905032707109367
252,2,52,22.04,47.02720914534478
253,2,53,18.08,6.638795071396617
254,2,54,20.68,32.43173754210526
255,2,55,15.0,19.425756098540926
256,2,56,13.0,4.907137658554118
257,2,57,20.44,8.055209494482437
258,2,58,15.68,6.416977481649753
259,2,59,25.16,61.274255605433524
260,2,60,13.4,4.534313619501853
261,2,61,10.76,8.453543635659548
262,2,62,13.92,8.26520417170683
263,2,63,9.84,4.670588827974477
264,2,64,18.52,10.194586798884986
265,2,65,15.04,5.53158205218001
266,2,66,12.4,10.788883167408944
267,2,67,18.76,14.940629170152107
268,2,68,9.76,2.2852570971337123
269,2,69,11.92,19.927709351553673
270,2,70,28.12,48.1483706889444
271,2,71,14.88,9.118420915926178
272,2,72,17.28,13.334226636742006
273,2,73,11.56,4.5876355565803175
274,2,74,12.76,23.207378137135613
275,2,75,11.88,13.137183868698799
276,2,76,13.0,22.387496510329154
277,2,77,16.76,7.590941970533038
278,2,78,24.36,27.182170627085686
279,2,79,12.56,5.154260373710273
280,2,80,15.56,6.299714279235208
281,2,81,22.72,31.08507037148219
282,2,82,14.64,8.24077666242691
283,2,83,21.52,39.75034087904153
284,2,84,27.12,58.99852201538611
285,2,85,20.64,28.856721920550857
286,2,86,13.92,8.118719110795741
287,2,87,20.52,12.598793593038978
288,2,88,24.72,30.11912349322271
289,2,89,18.04,33.064155818650505
290,2,90,15.36,16.84964094572938
291,2,91,18.32,8.412942410357983
292,2,92,12.52,6.43192039751737
293,2,93,22.76,58.907575064672294
294,2,94,27.56,75.08879010877722
295,2,95,22.52,18.22332571184525
296,2,96,24.04,19.416446636807677
297,2,97,15.6,21.883326986543885
298,2,98,23.32,42.22958204860663
299,2,99,14.36,15.288897932813862
300,3,0,20.96,16.113298855293415
301,3,1,25.2,22.857821418499185
302,3,2,15.76,18.339640127330743
303,3,3,13.12,9.309436073146431
304,3,4,20.48,51.60396883961543
305,3,5,14.12,6.877906658279105
306,3,6,13.56,24.182770726283632
307,3,7,17.0,8.471127433818948
308,3,8,10.04,9.145403216917229
309,3,9,10.08,2.018316129846859
310,3,10,21.92,52.93537191708395
311,3,11,18.16,18.888472675152958
312,3,12,11.4,8.009993757800313
313,3,13,10.8,11.475190630224843
314,3,14,22.32,46.86211262843363
315,3,15,17.28,8.151171694916014
316,3,16,14.24,11.710781357364679
317,3,17,13.12,20.223392395935953
318,3,18,18.72,26.69160167543342
319,3,19,19.92,34.52757738388258
320,3,20,14.08,28.017023396499507
321,3,21,10.88,7.35565088894246
322,3,22,14.28,23.715851239202852
323,3,23,16.76,31.902702079917926
324,3,24,14.68,5.984780697736552
325,3,25,19.68,29.816398172817593
326,3,26,7.68,3.6956190279843524
327,3,27,13.64,5.774980519447663
328,3,28,14.96,4.024723592993686
329,3,29,17.12,15.068696028522176
330,3,30,14.32,2.2929457036746426
331,3,31,16.28,23.93745182762777
332,3,32,22.24,64.59057516387354
333,3,33,14.4,10.928860873851404
334,3,34,10.16,5.554673707788787
335,3,35,21.68,21.811409858145343
336,3,36,20.16,39.08419629466619
337,3,37,7.12,4.311101947298391
338,3,38,21.28,48.58519939240755
339,3,39,24.6,61.01278554532649
340,3,40,10.8,1.574801574802362
341,3,41,18.12,16.434889716697217
342,3,42,18.16,18.231138198148795
343,3,43,10.4,4.127953488110059
344,3,44,12.48,4.0803921380181105
345,3,45,11.96,8.68322520726026
346,3,46,22.68,26.163669467412255
347,3,47,19.04,16.12074439968577
348,3,48,21.72,50.97648085146719
349,3,49,17.88,30.363557103870424
350,3,50,24.08,29.437282483272824
351,3,51,19.32,27.6603976833306
352,3,52,21.76,47.038095199529494
353,3,53,15.24,5.928102563215317
354,3,54,21.36,36.43391826306909
355,3,55,18.64,18.842250396383125
356,3,56,13.24,4.5279575969746
357,3,57,14.52,8.466971123134885
358,3,58,12.16,7.406375631845852
359,3,59,21.68,61.95270454144837
360,3,60,10.72,3.682607771674848
361,3,61,10.6,8.352245207128439
362,3,62,15.44,25.08398692393217
363,3,63,9.6,4.5077710678338585
364,3,64,17.36,12.765202701093315
365,3,65,13.48,4.8671963182103095
366,3,66,15.84,9.241991127457329
367,3,67,18.8,15.099668870541496
368,3,68,10.16,2.257077756746541
369,3,69,15.32,19.346772340625712
370,3,70,21.76,49.30986108274897
371,3,71,15.84,11.259413839094824
372,3,72,18.36,12.344650663344023
373,3,73,10.36,5.761111003964426
374,3,74,13.84,22.951566395346536
375,3,75,10.84,13.40948917744445
376,3,76,11.28,22.40985497498812
377,3,77,12.4,6.841052550594828
378,3,78,19.72,26.6300882461925
379,3,79,13.48,7.5425194729612715
380,3,80,15.12,5.5231874855014675
381,3,81,20.76,31.220864818258963
382,3,82,12.08,7.888827542797474
383,3,83,16.96,40.47960474115329
384,3,84,21.04,60.01965011560794
385,3,85,20.8,29.74962184633613
386,3,86,17.2,12.63645519914505
387,3,87,16.32,17.13644070395016
388,3,88,17.76,31.09634062072255
389,3,89,13.88,33.70497886069653
390,3,90,16.2,16.90443728729235
391,3,91,17.48,10.096019017414736
392,3,92,16.48,10.143451089249655
393,3,93,22.4,58.98610005755593
394,3,94,24.24,75.85052669560052
395,3,95,14.52,19.98823654052552
396,3,96,16.68,17.8879177100075
397,3,97,10.96,22.27551121747826
398,3,98,19.84,42.71175950484831
399,3,99,13.6,16.223439832538595
400,4,0,12.44,14.486076073250477
401,4,1,18.52,24.311511676570003
402,4,2,13.68,17.690042396783564
403,4,3,19.04,6.884649591664052
404,4,4,20.64,52.594205003973585
405,4,5,12.52,11.2999823008711
406,4,6,15.64,23.640439928224676
407,4,7,13.28,9.378784569441823
408,4,8,11.52,8.537540629478729
409,4,9,13.84,7.928076689840984
410,4,10,16.96,27.63835016783742
411,4,11,14.36,20.083585337284777
412,4,12,20.4,18.201098867925534
413,4,13,10.48,10.94392982433641
414,4,14,21.24,46.904396382428814
415,4,15,14.32,7.998599877478557
416,4,16,14.32,7.867502780425312
417,4,17,13.48,20.995466177248847
418,4,18,13.96,23.083292659410613
419,4,19,15.68,35.203090773396596
420,4,20,24.04,34.56064814207047
421,4,21,10.72,7.04
422,4,22,15.72,23.20606817192434
423,4,23,24.76,42.35590159588151
424,4,24,17.84,18.591783131265274
425,4,25,21.04,29.545192502334466
426,4,26,6.96,3.538135101999358
427,4,27,11.32,6.685626373048375
428,4,28,16.68,19.899185912996536
429,4,29,15.84,17.405010772763102
430,4,30,14.56,29.7443507241291
431,4,31,14.68,24.205321728909126
432,4,32,23.6,64.29681174055212
433,4,33,12.96,11.162365340733114
434,4,34,9.96,5.392439151256135
435,4,35,16.96,22.37763168880925
436,4,36,19.24,39.37845095988415
437,4,37,7.12,4.311101947298391
438,4,38,19.76,49.37471417638792
439,4,39,22.8,61.627915752522405
440,4,40,10.12,1.451068571777364
441,4,41,9.64,15.075490041786372
442,4,42,28.12,54.91689721752315
443,4,43,11.56,3.80610036651689
444,4,44,12.52,4.070577354626735
445,4,45,14.92,16.304404312945632
446,4,46,24.92,47.280372248957605
447,4,47,16.84,16.335678743168277
448,4,48,20.28,51.43502308738666
449,4,49,15.2,30.403947112176084
450,4,50,25.32,37.419481557071315
451,4,51,15.08,19.485214907719122
452,4,52,27.84,57.007143412032136
453,4,53,13.68,5.766940263259194
454,4,54,19.12,35.16625655369079
455,4,55,39.28,44.85489493912565
456,4,56,10.32,4.921138079753502
457,4,57,20.32,16.634229768762964
458,4,58,14.08,6.8054096129476305
459,4,59,24.4,61.99483849482956
460,4,60,12.96,13.177192417203292
461,4,61,11.56,8.362200667288482
462,4,62,17.72,26.44166409286677
463,4,63,9.84,8.469616284106381
464,4,64,21.28,38.08151257500152
465,4,65,20.56,27.00382195171638
466,4,66,14.44,20.058075680383705
467,4,67,12.52,16.439270056787805
468,4,68,12.72,8.595440651880509
469,4,69,10.32,20.146900506033166
470,4,70,17.48,50.12394238285731
471,4,71,10.2,11.953242237987146
472,4,72,10.92,12.705652285498772
473,4,73,9.6,4.947726750741188
474,4,74,11.2,23.467424230196222
475,4,75,12.76,16.41774649578925
476,4,76,13.16,22.028490642801646
477,4,77,13.64,11.750336165403946
478,4,78,22.84,30.032888638957136
479,4,79,12.52,8.02555917055005
480,4,80,17.4,16.216041440499584
481,4,81,20.68,35.02424303250537
482,4,82,9.52,8.395808478044271
483,4,83,19.72,41.124707901698194
484,4,84,29.76,59.656536942735784
485,4,85,19.2,31.315172041679727
486,4,86,25.12,28.484831050929543
487,4,87,12.84,16.289088372281608
488,4,88,15.44,32.499944615337434
489,4,89,15.16,33.456455281455014
490,4,90,14.68,25.789486229857324
491,4,91,13.84,10.53254005451677
492,4,92,14.52,13.109141848343853
493,4,93,19.6,59.50462166924511
494,4,94,22.64,76.00993619257943
495,4,95,18.32,19.147260900713707
496,4,96,17.0,18.273478048800673
497,4,97,13.4,21.76051469979514
498,4,98,15.0,43.684322130485214
499,4,99,11.4,15.455743269089336
