,Replay type,Trial,Mean,STD,Q1,Q2,Q3
0,0,0,14.78,12.30169094067966,7.0,11.0,19.0
1,0,1,11.86,8.287363875201812,6.0,9.0,15.0
2,0,2,11.51,9.429204632417306,5.0,8.0,16.0
3,0,3,8.86,8.14618929316033,4.0,6.0,10.25
4,0,4,7.57,4.9279914772653575,4.0,6.0,9.0
5,0,5,7.28,5.374160399541495,4.0,6.0,8.0
6,1,0,6.51,4.794778409895498,4.0,5.0,7.0
7,1,1,6.25,3.5815499438092444,4.0,5.0,7.0
8,1,2,5.77,3.249169124560924,4.0,5.0,7.0
9,1,3,5.8,3.655133376499413,4.0,5.0,6.25
10,1,4,5.64,2.744157429886267,4.0,5.0,7.0
11,1,5,5.49,2.4718211909440373,4.0,5.0,7.0
12,2,0,5.6,2.870540018881465,4.0,5.0,7.0
13,2,1,5.37,2.3309011133036077,4.0,5.0,6.0
14,2,2,5.46,2.769187606501228,4.0,5.0,6.0
15,2,3,5.35,2.3425413550244953,4.0,5.0,6.0
16,2,4,5.39,2.336214887376587,4.0,5.0,6.0
17,2,5,5.29,2.201340500694974,4.0,5.0,6.0
18,3,0,5.62,2.8975161776942677,4.0,5.0,7.0
19,3,1,5.39,2.8527004749885676,4.0,5.0,6.0
20,3,2,5.38,2.7451047338853947,4.0,5.0,6.0
21,3,3,5.41,2.888234755001747,4.0,5.0,6.0
22,3,4,5.45,2.9677432503503405,4.0,5.0,6.0
23,3,5,5.37,2.862359166841226,4.0,5.0,6.0
24,4,0,5.51,2.632470322719707,4.0,5.0,6.25
25,4,1,5.39,2.5957465207527486,4.0,5.0,6.0
26,4,2,5.55,3.8945474705028307,4.0,5.0,6.0
27,4,3,5.29,2.0894736179239017,4.0,5.0,6.0
28,4,4,5.55,3.5815499438092444,4.0,5.0,6.0
29,4,5,5.29,2.2329128957485107,4.0,5.0,6.0
