,Replay type,Trial,Mean,STD,Q1,Q2,Q3
0,0,0,114.6,100.63518271459539,43.75,82.5,164.5
1,0,1,91.58,78.52683363029482,31.75,72.5,115.75
2,0,2,83.12,70.06301163952345,33.0,62.5,112.75
3,0,3,63.23,49.156658755452455,29.75,46.0,81.5
4,0,4,53.09,41.97191799286757,26.0,40.0,66.0
5,0,5,49.27,38.880291922772386,24.5,36.5,65.0
6,0,6,43.77,31.150555372256207,21.0,32.5,55.75
7,0,7,38.79,28.71421076749281,19.75,30.5,47.25
8,0,8,34.32,22.69443984768075,17.0,29.0,45.5
9,0,9,28.02,22.48598674730553,16.0,21.5,33.0
10,0,10,29.35,18.298292270045316,16.0,24.5,37.0
11,0,11,24.27,13.325055346976987,13.0,21.5,31.0
12,0,12,21.12,13.57002579216414,12.0,17.0,26.25
13,0,13,20.58,14.470093296174701,11.0,16.0,25.25
14,0,14,19.01,10.814337705102426,12.0,17.0,23.0
15,0,15,19.73,12.07713128188975,10.0,17.0,26.25
16,0,16,17.49,10.247433825109582,10.0,14.0,22.0
17,0,17,16.01,10.818035866089554,9.0,13.0,18.25
18,0,18,14.98,9.613511325213072,8.75,12.0,18.0
19,0,19,13.61,6.891872024348682,8.0,12.0,18.25
20,0,20,13.27,7.416002966558199,8.0,12.0,15.0
21,0,21,13.04,6.805762264434455,8.0,11.0,16.0
22,0,22,11.07,4.960352810032771,8.0,10.0,13.25
23,0,23,11.47,5.198951817433972,8.0,10.0,13.25
24,0,24,11.42,5.535666174906141,8.0,10.0,13.25
25,0,25,726.61,495.5495312277068,321.0,586.5,931.5
26,0,26,180.41,239.09132543862813,31.25,113.0,228.5
27,0,27,104.78,142.28074922490393,24.75,45.5,104.5
28,0,28,62.17,99.12961767302444,15.75,32.5,63.25
29,0,29,38.97,47.26869048323636,12.75,20.5,46.75
30,0,30,37.67,39.32710388523416,12.0,23.5,42.5
31,0,31,28.14,27.535075812497777,12.0,16.0,35.0
32,0,32,29.07,31.19751752944455,11.75,17.5,34.25
33,0,33,25.57,25.29674089680329,12.0,18.0,29.0
34,0,34,22.77,21.80085090082495,9.0,17.0,27.0
35,0,35,21.11,19.294504398921468,9.0,14.5,26.5
36,0,36,16.58,11.778098318489281,8.0,13.0,21.0
37,0,37,16.62,17.12353935376679,7.0,11.0,18.0
38,0,38,15.67,14.429868329267595,7.0,10.5,16.25
39,0,39,15.51,12.430201124680165,8.0,10.0,21.0
40,0,40,14.44,14.940093707872117,7.0,9.0,15.25
41,0,41,12.7,8.798295289429651,7.0,10.0,14.0
42,0,42,13.64,15.161477500560427,7.0,10.0,14.0
43,0,43,15.2,20.21682467649161,7.0,10.0,17.25
44,0,44,12.45,10.11965908516685,6.0,9.0,15.0
45,0,45,13.47,16.330006123697565,7.0,11.0,15.0
46,0,46,12.57,13.990178697929489,7.0,9.0,14.0
47,0,47,10.87,7.7351858413356815,7.0,9.0,12.25
48,0,48,10.3,5.229722745997153,7.0,8.0,12.25
49,0,49,10.32,5.466040614558219,6.75,8.0,13.0
50,1,0,114.6,100.63518271459539,43.75,82.5,164.5
51,1,1,47.26,100.44098964068405,16.0,24.5,35.5
52,1,2,75.36,205.26614528460362,16.0,23.0,49.5
53,1,3,40.59,84.42275700307351,15.0,25.0,39.25
54,1,4,36.81,43.068247004028386,12.75,21.0,43.25
55,1,5,38.95,61.951493121635096,15.75,22.5,42.25
56,1,6,35.15,43.4845662275709,14.0,20.0,38.25
57,1,7,41.01,63.28435746691279,12.75,20.0,37.5
58,1,8,31.99,30.10896710284164,15.75,21.5,35.25
59,1,9,31.72,33.70580958825941,15.0,23.0,35.5
60,1,10,31.59,26.46019463269308,13.75,21.0,43.0
61,1,11,32.42,36.74185079714956,13.0,19.5,41.0
62,1,12,44.41,67.3183622795445,13.0,24.5,40.5
63,1,13,32.83,34.21404828429398,12.0,20.5,40.0
64,1,14,31.39,35.41945651756955,13.0,19.5,33.5
65,1,15,29.54,33.143150121857765,13.0,20.0,29.25
66,1,16,24.89,21.029453155039484,13.75,19.5,28.0
67,1,17,27.42,33.096277736325575,13.0,18.0,29.25
68,1,18,28.08,35.96127917635856,12.0,19.0,29.25
69,1,19,27.46,23.17301016268711,14.0,20.5,30.0
70,1,20,32.44,37.17184956388368,13.0,21.0,35.0
71,1,21,34.9,37.7068959210381,13.0,23.0,38.0
72,1,22,34.71,35.940588475983525,13.75,19.5,43.0
73,1,23,28.53,25.552868723491695,13.0,21.0,35.25
74,1,24,25.71,23.483736925796112,11.75,20.0,31.25
75,1,25,690.59,828.4578817900159,97.0,339.0,875.75
76,1,26,76.73,155.25056231782222,10.0,22.5,52.75
77,1,27,68.03,132.8139642507519,9.0,18.5,46.5
78,1,28,44.44,72.17649478881611,10.0,17.0,38.75
79,1,29,45.35,84.66692093137674,9.0,17.0,38.5
80,1,30,36.83,65.920414895539,8.0,16.0,37.25
81,1,31,25.64,39.646820805709,8.0,13.0,26.25
82,1,32,31.16,44.49825165104805,9.0,15.0,31.25
83,1,33,28.68,61.092042034949195,8.0,14.0,24.0
84,1,34,24.45,40.16027265843697,7.75,12.0,21.25
85,1,35,30.45,66.46057101770944,8.0,13.0,22.5
86,1,36,49.63,222.4830625013958,9.0,14.0,29.25
87,1,37,29.24,52.651518496620774,8.0,13.0,25.25
88,1,38,21.56,21.080474377964077,9.0,14.0,24.0
89,1,39,22.33,28.610506811309723,8.75,13.0,21.0
90,1,40,31.65,52.123579117324624,9.0,16.0,27.5
91,1,41,25.75,42.93259251431248,8.75,12.0,25.25
92,1,42,32.02,66.9333967463179,8.0,12.0,22.0
93,1,43,24.72,31.736754717519563,8.0,13.0,28.25
94,1,44,30.4,61.22238152832672,8.0,17.5,30.0
95,1,45,26.87,39.02887520797903,8.0,12.0,28.25
96,1,46,40.81,107.37613282289504,8.0,12.0,23.0
97,1,47,24.95,33.235936875617035,8.0,13.0,22.25
98,1,48,29.44,51.702479631058324,9.0,14.5,28.0
99,1,49,28.05,49.07593605831681,9.0,14.0,25.25
100,2,0,114.6,100.63518271459539,43.75,82.5,164.5
101,2,1,46.4,85.55582972539042,16.0,24.5,39.25
102,2,2,45.9,65.96173132961263,15.0,22.0,43.0
103,2,3,48.55,94.2689105697101,14.75,27.0,49.0
104,2,4,59.1,99.3621155169313,14.0,31.0,55.0
105,2,5,31.51,33.626624867803784,13.75,22.0,36.25
106,2,6,33.53,34.963253567138175,13.0,21.5,40.0
107,2,7,27.59,29.179477377088162,13.0,17.0,29.25
108,2,8,30.66,33.738767019557784,14.0,21.0,34.25
109,2,9,36.18,42.46607587239489,13.75,22.5,42.0
110,2,10,32.91,28.7635515887729,14.75,22.0,40.0
111,2,11,28.52,26.58438639502518,12.0,17.5,34.75
112,2,12,23.76,16.900366859923484,13.0,18.0,30.0
113,2,13,31.09,42.12317533140159,12.0,20.5,32.25
114,2,14,32.56,33.71596654405743,14.75,21.0,37.25
115,2,15,37.85,62.65019952083152,14.0,21.0,32.0
116,2,16,31.71,35.458791575574026,14.0,19.0,35.0
117,2,17,30.88,35.29285480093669,12.0,16.0,33.5
118,2,18,26.17,32.26857759492972,12.0,18.5,28.0
119,2,19,25.5,32.361242250568814,10.0,17.5,28.0
120,2,20,32.17,41.42416082433053,12.0,19.0,30.0
121,2,21,27.01,25.208528318805126,12.0,18.5,30.0
122,2,22,28.1,32.015152662450326,12.0,19.0,29.0
123,2,23,29.44,72.86649710257794,13.0,16.0,29.5
124,2,24,22.58,18.55703640132228,12.0,17.0,26.0
125,2,25,580.37,630.0163911359767,121.75,339.5,824.75
126,2,26,70.24,136.71942948974004,11.0,22.0,59.5
127,2,27,80.13,235.80694031346917,10.0,19.5,68.0
128,2,28,44.89,89.62610055112295,10.0,19.0,39.0
129,2,29,42.52,64.73924312192722,8.0,16.0,40.5
130,2,30,55.68,137.5452565521618,10.0,16.5,43.5
131,2,31,39.11,77.01699747458348,8.0,14.0,33.25
132,2,32,30.75,48.38230564989643,8.75,15.5,29.0
133,2,33,44.25,89.2060956437395,9.0,16.0,37.25
134,2,34,37.43,126.06563806208256,8.0,14.5,31.0
135,2,35,30.58,72.73832277417455,8.0,14.0,27.0
136,2,36,53.53,238.97508050003879,9.0,14.5,32.0
137,2,37,31.1,44.63933243228443,9.0,15.0,32.0
138,2,38,28.76,57.74861383617792,8.0,15.5,31.0
139,2,39,37.76,76.00304204438136,9.0,15.0,29.0
140,2,40,39.41,70.683391967279,9.0,14.5,35.0
141,2,41,41.77,122.75511028059077,9.0,14.5,30.25
142,2,42,26.03,41.93863493248201,8.0,12.0,23.25
143,2,43,21.38,26.816330845214452,8.75,12.0,22.25
144,2,44,30.21,54.481243561431306,8.0,12.0,26.0
145,2,45,38.63,167.637505051823,9.0,13.0,21.0
146,2,46,18.69,17.59925850710762,8.0,12.0,22.0
147,2,47,33.22,83.23299586101656,8.0,12.5,26.25
148,2,48,23.97,37.12800964231721,8.0,13.0,21.25
149,2,49,26.45,40.72723290379547,8.0,12.0,22.0
150,3,0,114.6,100.63518271459539,43.75,82.5,164.5
151,3,1,45.91,39.3207566051316,18.75,30.0,56.0
152,3,2,37.58,41.77443715958361,15.0,21.0,40.25
153,3,3,30.62,58.9662242304864,11.75,18.5,28.25
154,3,4,30.92,47.6461289088631,12.0,17.0,26.25
155,3,5,32.58,61.16063766835659,12.0,16.5,28.0
156,3,6,21.07,18.353885147292385,10.75,16.0,23.0
157,3,7,17.92,9.98767240151578,11.0,14.5,21.25
158,3,8,20.14,14.144270925007058,11.0,15.5,25.0
159,3,9,20.21,17.19784579533146,11.0,14.5,23.25
160,3,10,20.75,19.052755706196415,11.0,15.0,22.25
161,3,11,17.91,10.806567447621841,11.0,15.0,20.25
162,3,12,19.38,17.398149326868072,11.0,15.0,20.25
163,3,13,20.03,15.548926007927363,11.0,15.0,23.0
164,3,14,18.05,10.959356732947423,11.0,14.5,21.0
165,3,15,18.49,15.382779332747383,10.0,15.0,20.0
166,3,16,18.91,13.544072504235942,11.0,14.0,23.0
167,3,17,22.41,35.529451163788046,11.0,15.0,21.0
168,3,18,17.33,10.040971068576983,11.0,15.0,20.0
169,3,19,21.41,18.146126308388798,11.0,16.0,25.5
170,3,20,16.95,10.02733763269194,10.0,14.0,19.25
171,3,21,16.87,10.911145677700393,11.0,14.0,19.0
172,3,22,19.08,19.52110652601435,11.0,15.0,21.0
173,3,23,18.69,13.537869108541418,11.0,14.0,21.25
174,3,24,16.92,10.80248119646593,11.0,14.0,18.25
175,3,25,668.83,576.143142890723,203.75,546.0,911.0
176,3,26,267.22,382.4366765884256,34.75,116.5,348.25
177,3,27,189.88,231.9830717961981,28.5,94.5,260.75
178,3,28,191.32,241.22142856719842,18.25,115.5,258.0
179,3,29,207.63,278.8562229895542,21.75,96.0,269.25
180,3,30,184.81,332.8123704131203,16.0,73.0,224.5
181,3,31,177.93,234.77211312249162,13.0,82.5,273.75
182,3,32,150.96,213.89595227586707,17.75,85.5,189.5
183,3,33,171.76,188.05707218820567,18.25,105.5,256.0
184,3,34,162.79,210.67825208122454,12.75,87.5,194.0
185,3,35,158.69,220.23122825793803,13.75,76.5,211.75
186,3,36,168.97,220.60904129250912,14.75,86.0,237.5
187,3,37,136.03,149.20827423437348,12.75,84.5,210.0
188,3,38,145.6,163.81373568782323,20.0,90.5,199.75
189,3,39,136.11,147.29126891978356,19.75,86.5,199.5
190,3,40,150.45,159.34148078890195,16.75,96.5,229.0
191,3,41,148.2,173.72294033892013,17.75,90.5,205.25
192,3,42,145.92,186.04277357640098,14.0,90.0,187.5
193,3,43,145.23,191.8330448593255,12.5,79.0,152.0
194,3,44,169.61,212.8811356132807,17.0,83.0,268.0
195,3,45,154.66,202.75054722490887,18.75,86.5,172.0
196,3,46,152.89,201.03611093532425,13.75,95.0,207.25
197,3,47,138.3,210.27413060098476,15.5,63.5,168.0
198,3,48,144.8,205.49880778242974,12.0,65.5,189.5
199,3,49,134.43,188.68975886359067,12.0,58.0,158.5
200,4,0,114.6,100.63518271459539,43.75,82.5,164.5
201,4,1,47.85,50.25144276535749,17.75,31.5,65.25
202,4,2,45.35,42.91465367447348,18.75,29.0,57.25
203,4,3,31.36,28.02089220563828,13.0,25.5,35.5
204,4,4,36.4,102.06929019053673,13.0,21.0,34.25
205,4,5,51.95,121.93009267609042,13.0,20.5,34.25
206,4,6,48.05,201.98442390441892,12.0,18.0,28.5
207,4,7,24.36,20.552138574853956,11.0,17.0,29.25
208,4,8,22.06,25.026713727535224,10.75,14.0,23.0
209,4,9,23.31,21.915608592964055,11.0,16.5,25.0
210,4,10,20.85,20.743854511637903,10.0,15.0,21.0
211,4,11,27.11,63.72674399339732,10.75,14.0,24.25
212,4,12,23.61,25.438512142025917,11.75,16.0,24.0
213,4,13,20.66,27.16807685501497,10.0,14.0,21.0
214,4,14,18.13,19.084367948664166,10.0,13.0,19.25
215,4,15,15.68,8.983184290662193,9.0,13.0,19.0
216,4,16,21.35,23.675039598699726,11.0,14.5,21.0
217,4,17,16.66,10.21197336463428,10.0,13.0,18.25
218,4,18,20.22,18.096728986200795,10.0,14.0,23.0
219,4,19,19.02,17.004693469745348,11.0,15.0,21.0
220,4,20,19.06,26.011082253531853,11.0,14.0,18.25
221,4,21,18.96,19.557566310765765,10.0,13.0,19.25
222,4,22,17.08,13.312159854809437,9.75,13.0,18.0
223,4,23,21.96,39.57699331682486,10.0,13.0,18.0
224,4,24,16.32,9.054148220567189,10.0,13.0,20.0
225,4,25,657.79,615.7771560394231,228.25,394.0,940.75
226,4,26,128.98,203.56816941751967,14.75,49.5,131.0
227,4,27,103.0,281.2623686169197,11.75,30.5,69.25
228,4,28,46.61,64.40666036987169,11.0,25.0,55.75
229,4,29,40.16,71.41704558437013,8.0,13.0,39.25
230,4,30,39.47,72.06864158564389,8.0,14.0,31.0
231,4,31,46.25,121.5347995431761,7.0,13.0,29.75
232,4,32,54.15,237.85644304916357,7.0,11.0,31.0
233,4,33,21.51,29.109275154149753,7.0,11.5,21.75
234,4,34,28.76,59.071841007370004,6.75,10.0,21.25
235,4,35,18.99,51.18095251165222,6.75,9.0,15.0
236,4,36,27.33,54.1948438506838,6.0,11.0,21.5
237,4,37,21.9,35.123354053962444,7.0,10.0,18.25
238,4,38,17.67,40.761269607312286,6.0,9.0,15.0
239,4,39,22.61,64.02357300244965,6.0,8.5,18.5
240,4,40,14.92,14.462143686189815,6.0,9.0,18.25
241,4,41,14.35,15.591904950967345,6.75,9.0,14.25
242,4,42,13.52,12.868939350233958,6.0,9.0,14.25
243,4,43,25.67,115.81338912232901,6.0,9.0,15.0
244,4,44,21.31,50.4168017629044,6.0,9.0,14.0
245,4,45,18.1,31.82310481395554,6.0,8.5,14.25
246,4,46,12.08,10.024649619812157,6.0,8.0,13.0
247,4,47,14.52,20.479492181204105,6.0,9.0,14.0
248,4,48,21.36,61.27977154004411,6.0,9.0,13.25
249,4,49,15.74,25.26247018800814,6.0,8.5,14.0
