,Replay type,Individual,Mean,STD
0,0,0,5.0,2.23606797749979
1,0,1,8.0,6.708203932499369
2,0,2,9.833333333333334,2.4094720491334933
3,0,3,6.333333333333333,0.7453559924999298
4,0,4,14.0,10.488088481701515
5,0,5,13.333333333333334,3.815174380753199
6,0,6,14.0,7.461009761866464
7,0,7,6.0,0.0
8,0,8,6.333333333333333,0.4714045207910317
9,0,9,7.166666666666667,3.531603350069515
10,0,10,7.5,1.5
11,0,11,8.5,5.346338310781813
12,0,12,6.166666666666667,0.372677996249965
13,0,13,7.833333333333333,6.335525936249405
14,0,14,20.0,7.505553499465135
15,0,15,8.666666666666666,1.3743685418725535
16,0,16,6.166666666666667,0.372677996249965
17,0,17,8.333333333333334,0.74535599249993
18,0,18,5.166666666666667,2.192157739660984
19,0,19,9.0,3.4641016151377544
20,0,20,13.5,7.952986860293433
21,0,21,13.833333333333334,12.785625609340444
22,0,22,15.833333333333334,11.852097798374016
23,0,23,5.166666666666667,0.372677996249965
24,0,24,5.833333333333333,1.8633899812498245
25,0,25,15.0,7.54983443527075
26,0,26,6.833333333333333,1.8633899812498247
27,0,27,12.333333333333334,4.921607686744467
28,0,28,6.666666666666667,1.699673171197595
29,0,29,8.0,3.366501646120693
30,0,30,12.833333333333334,3.131382371342656
31,0,31,4.166666666666667,0.372677996249965
32,0,32,5.0,1.5275252316519468
33,0,33,7.166666666666667,1.3437096247164249
34,0,34,5.333333333333333,0.7453559924999298
35,0,35,11.666666666666666,6.315765107165472
36,0,36,9.333333333333334,2.134374745810949
37,0,37,12.0,4.932882862316247
38,0,38,21.666666666666668,8.825468196582484
39,0,39,4.166666666666667,0.372677996249965
40,0,40,9.5,7.455423082115014
41,0,41,6.0,0.0
42,0,42,15.5,6.726812023536855
43,0,43,8.166666666666666,6.202598021976131
44,0,44,8.5,2.140872096444188
45,0,45,7.333333333333333,0.4714045207910317
46,0,46,9.333333333333334,1.1055415967851332
47,0,47,15.5,3.304037933599835
48,0,48,6.166666666666667,0.37267799624996495
49,0,49,11.333333333333334,11.352924243950936
50,0,50,23.0,11.916375287812984
51,0,51,8.833333333333334,3.6704525909242065
52,0,52,5.166666666666667,0.372677996249965
53,0,53,9.166666666666666,8.050189783822216
54,0,54,7.666666666666667,1.699673171197595
55,0,55,11.0,1.9148542155126762
56,0,56,6.833333333333333,2.6087459737497545
57,0,57,9.333333333333334,2.68741924943285
58,0,58,11.0,4.546060565661952
59,0,59,9.666666666666666,5.343739847293799
60,0,60,10.0,5.656854249492381
61,0,61,6.166666666666667,0.8975274678557507
62,0,62,5.666666666666667,1.972026594366539
63,0,63,8.333333333333334,4.189935029992178
64,0,64,11.5,2.9297326385411577
65,0,65,12.833333333333334,2.544056253745625
66,0,66,16.666666666666668,5.436502143433364
67,0,67,4.333333333333333,0.7453559924999298
68,0,68,8.166666666666666,1.6749792701868151
69,0,69,24.333333333333332,7.110243002567181
70,0,70,11.166666666666666,6.79256129077161
71,0,71,11.0,4.123105625617661
72,0,72,12.5,10.388294694831615
73,0,73,16.666666666666668,7.340905181848413
74,0,74,19.5,13.889444433333777
75,0,75,13.166666666666666,4.775516260631468
76,0,76,10.5,4.573474244670748
77,0,77,5.0,0.0
78,0,78,16.166666666666668,10.221165404307976
79,0,79,5.833333333333333,2.1147629234082532
80,0,80,7.5,3.8188130791298667
81,0,81,7.833333333333333,2.1921577396609844
82,0,82,10.0,2.516611478423583
83,0,83,10.833333333333334,4.94694069321861
84,0,84,6.0,0.0
85,0,85,10.833333333333334,9.598900399987953
86,0,86,10.833333333333334,7.1278015934477
87,0,87,7.166666666666667,0.372677996249965
88,0,88,18.166666666666668,2.608745973749755
89,0,89,7.666666666666667,0.9428090415820634
90,0,90,16.833333333333332,9.65084912786895
91,0,91,5.333333333333333,2.560381915956203
92,0,92,10.666666666666666,12.801909579781016
93,0,93,19.0,11.51810169544733
94,0,94,8.0,1.5275252316519468
95,0,95,15.0,12.027745701779143
96,0,96,6.166666666666667,1.8633899812498247
97,0,97,13.666666666666666,8.919392106839767
98,0,98,13.833333333333334,5.177408189003023
99,0,99,6.166666666666667,1.462494064565354
100,1,0,13.666666666666666,2.748737083745107
101,1,1,22.833333333333332,11.305111921407747
102,1,2,14.166666666666666,3.5316033500695148
103,1,3,25.666666666666668,8.137703743822469
104,1,4,16.666666666666668,8.749603165604459
105,1,5,64.0,22.263572639328725
106,1,6,12.5,2.753785273643051
107,1,7,22.333333333333332,4.714045207910317
108,1,8,23.333333333333332,8.096638534327413
109,1,9,18.333333333333332,9.877021593352703
110,1,10,13.166666666666666,10.745800213209916
111,1,11,13.0,6.27162924074226
112,1,12,10.166666666666666,4.2196629670573875
113,1,13,32.833333333333336,23.03198259425841
114,1,14,12.333333333333334,3.091206165165235
115,1,15,27.666666666666668,10.79608982713443
116,1,16,9.333333333333334,2.494438257849294
117,1,17,12.833333333333334,6.718548123582125
118,1,18,9.0,4.358898943540674
119,1,19,19.166666666666668,10.761298971571952
120,1,20,36.166666666666664,15.181311610734504
121,1,21,8.166666666666666,2.1921577396609844
122,1,22,7.0,4.242640687119285
123,1,23,11.5,1.9790570145063195
124,1,24,11.333333333333334,7.5203427817856525
125,1,25,21.666666666666668,7.7387911774959335
126,1,26,5.666666666666667,1.247219128924647
127,1,27,9.0,3.6514837167011076
128,1,28,7.833333333333333,1.2133516482134197
129,1,29,8.666666666666666,3.9015666369065416
130,1,30,16.5,7.065172798075547
131,1,31,7.666666666666667,1.7950549357115013
132,1,32,11.666666666666666,2.5603819159562025
133,1,33,6.666666666666667,3.7267799624996485
134,1,34,14.333333333333334,5.70574758954123
135,1,35,12.5,3.095695936834452
136,1,36,6.666666666666667,2.4267032964268394
137,1,37,8.666666666666666,3.3499585403736303
138,1,38,24.0,8.717797887081348
139,1,39,7.666666666666667,3.858612300930075
140,1,40,16.166666666666668,5.335936864527374
141,1,41,24.166666666666668,11.696390706348499
142,1,42,21.0,4.509249752822894
143,1,43,13.5,8.098353742170895
144,1,44,13.5,4.856267428111155
145,1,45,10.666666666666666,6.2360956446232345
146,1,46,15.333333333333334,12.023125864580955
147,1,47,8.5,3.685557397915997
148,1,48,24.833333333333332,12.30740517827467
149,1,49,14.0,7.593857166596345
150,1,50,18.833333333333332,4.2196629670573875
151,1,51,26.166666666666668,14.276048317218443
152,1,52,15.833333333333334,11.610579466829188
153,1,53,10.666666666666666,2.2110831935702664
154,1,54,13.5,2.9860788111948193
155,1,55,24.333333333333332,8.919392106839767
156,1,56,6.333333333333333,1.3743685418725535
157,1,57,12.166666666666666,8.820745748266162
158,1,58,7.833333333333333,3.8042374035044424
159,1,59,14.5,7.58836829188814
160,1,60,9.333333333333334,2.0548046676563256
161,1,61,10.833333333333334,5.899623340142619
162,1,62,14.833333333333334,3.7155828016013257
163,1,63,5.0,1.5275252316519468
164,1,64,25.666666666666668,3.9015666369065416
165,1,65,12.0,2.6457513110645907
166,1,66,22.333333333333332,6.497862896539309
167,1,67,20.333333333333332,5.153208277913436
168,1,68,11.333333333333334,2.9249881291307074
169,1,69,11.333333333333334,5.587684871413403
170,1,70,6.0,1.5275252316519468
171,1,71,5.666666666666667,1.1055415967851332
172,1,72,9.5,4.425306015783918
173,1,73,16.166666666666668,5.520165053893065
174,1,74,34.5,10.950646860650135
175,1,75,9.666666666666666,3.0368111930480994
176,1,76,35.333333333333336,7.2264944628929335
177,1,77,8.166666666666666,4.412734098291242
178,1,78,40.166666666666664,24.781825777954474
179,1,79,23.833333333333332,7.403077438170937
180,1,80,21.833333333333332,8.112062349091971
181,1,81,17.666666666666668,4.784233364802441
182,1,82,16.333333333333332,9.585869229698938
183,1,83,17.166666666666668,5.145116346811044
184,1,84,7.333333333333333,1.8856180831641267
185,1,85,8.5,3.0413812651491097
186,1,86,10.166666666666666,2.1147629234082532
187,1,87,18.666666666666668,9.72396809720988
188,1,88,30.333333333333332,5.7638721552635275
189,1,89,12.5,3.0413812651491097
190,1,90,15.5,9.742518497116988
191,1,91,8.5,1.8027756377319946
192,1,92,10.833333333333334,5.398044913567215
193,1,93,21.333333333333332,6.368324391514267
194,1,94,15.0,7.234178138070235
195,1,95,19.166666666666668,10.430990152212567
196,1,96,11.5,3.095695936834452
197,1,97,21.5,9.196919774214264
198,1,98,15.666666666666666,7.110243002567181
199,1,99,19.5,6.525590650150631
200,2,0,13.666666666666666,2.748737083745107
201,2,1,22.833333333333332,11.305111921407747
202,2,2,10.166666666666666,1.7716909687891083
203,2,3,29.833333333333332,18.506005031400548
204,2,4,13.666666666666666,3.7712361663282534
205,2,5,64.0,22.263572639328725
206,2,6,15.333333333333334,6.0461190490723515
207,2,7,22.333333333333332,4.714045207910317
208,2,8,23.333333333333332,8.096638534327413
209,2,9,18.333333333333332,9.877021593352703
210,2,10,11.833333333333334,5.955856128401879
211,2,11,18.833333333333332,9.494150245750744
212,2,12,10.166666666666666,4.2196629670573875
213,2,13,32.833333333333336,23.03198259425841
214,2,14,8.0,0.816496580927726
215,2,15,27.666666666666668,10.79608982713443
216,2,16,9.333333333333334,2.494438257849294
217,2,17,14.0,6.757711644237764
218,2,18,9.0,4.358898943540674
219,2,19,12.0,8.981462390204987
220,2,20,27.666666666666668,11.571036638473188
221,2,21,8.166666666666666,2.1921577396609844
222,2,22,8.166666666666666,3.9334745737353156
223,2,23,11.5,1.9790570145063195
224,2,24,11.333333333333334,7.5203427817856525
225,2,25,19.5,8.770214744615247
226,2,26,5.666666666666667,1.247219128924647
227,2,27,9.0,3.6514837167011076
228,2,28,7.833333333333333,1.2133516482134197
229,2,29,8.666666666666666,3.9015666369065416
230,2,30,16.5,7.065172798075547
231,2,31,9.333333333333334,1.4907119849998596
232,2,32,10.333333333333334,1.4907119849998596
233,2,33,6.666666666666667,3.7267799624996485
234,2,34,14.333333333333334,5.70574758954123
235,2,35,15.5,6.576473218982953
236,2,36,6.666666666666667,2.4267032964268394
237,2,37,8.666666666666666,3.3499585403736303
238,2,38,18.166666666666668,7.335227028221795
239,2,39,7.666666666666667,3.858612300930075
240,2,40,16.166666666666668,5.335936864527374
241,2,41,24.166666666666668,11.696390706348499
242,2,42,21.0,4.509249752822894
243,2,43,13.5,8.098353742170895
244,2,44,13.5,4.856267428111155
245,2,45,10.666666666666666,6.2360956446232345
246,2,46,20.166666666666668,19.299539430313413
247,2,47,8.833333333333334,3.1841621957571333
248,2,48,26.333333333333332,10.842303978193728
249,2,49,14.0,7.593857166596345
250,2,50,18.0,4.08248290463863
251,2,51,24.333333333333332,15.118053960598088
252,2,52,15.833333333333334,11.610579466829188
253,2,53,10.666666666666666,2.2110831935702664
254,2,54,17.666666666666668,9.843215373488935
255,2,55,25.333333333333332,10.418999738725189
256,2,56,6.333333333333333,1.3743685418725535
257,2,57,12.166666666666666,8.820745748266162
258,2,58,7.833333333333333,3.8042374035044424
259,2,59,23.0,9.201449161228174
260,2,60,9.333333333333334,2.0548046676563256
261,2,61,10.833333333333334,5.899623340142619
262,2,62,14.833333333333334,3.7155828016013257
263,2,63,5.0,1.5275252316519468
264,2,64,25.666666666666668,3.9015666369065416
265,2,65,12.0,2.6457513110645907
266,2,66,22.333333333333332,6.497862896539309
267,2,67,20.333333333333332,5.153208277913436
268,2,68,11.333333333333334,2.9249881291307074
269,2,69,10.333333333333334,5.734883511361751
270,2,70,9.666666666666666,2.2110831935702664
271,2,71,5.666666666666667,1.1055415967851332
272,2,72,9.5,4.425306015783918
273,2,73,16.166666666666668,5.520165053893065
274,2,74,31.5,12.526638282742368
275,2,75,9.666666666666666,3.0368111930480994
276,2,76,35.333333333333336,7.2264944628929335
277,2,77,8.166666666666666,4.412734098291242
278,2,78,49.166666666666664,15.399314559060377
279,2,79,23.833333333333332,7.403077438170937
280,2,80,21.833333333333332,8.112062349091971
281,2,81,27.5,9.12414379544733
282,2,82,16.333333333333332,9.585869229698938
283,2,83,12.666666666666666,3.986086914367133
284,2,84,8.333333333333334,2.1343747458109497
285,2,85,8.5,3.0413812651491097
286,2,86,10.166666666666666,2.1147629234082532
287,2,87,18.666666666666668,9.72396809720988
288,2,88,28.666666666666668,12.56538454998051
289,2,89,10.0,1.7320508075688772
290,2,90,15.5,9.742518497116988
291,2,91,8.5,1.8027756377319946
292,2,92,10.833333333333334,5.398044913567215
293,2,93,16.0,3.2145502536643185
294,2,94,15.0,7.234178138070235
295,2,95,17.0,8.306623862918075
296,2,96,11.5,3.095695936834452
297,2,97,15.833333333333334,4.913134324327892
298,2,98,15.5,7.88986691902975
299,2,99,19.5,6.525590650150631
300,3,0,11.833333333333334,3.9756201472921875
301,3,1,9.833333333333334,3.131382371342656
302,3,2,5.0,1.0
303,3,3,16.5,4.349329450233296
304,3,4,19.833333333333332,8.6874750199481
305,3,5,12.833333333333334,3.531603350069515
306,3,6,13.333333333333334,4.14996653266291
307,3,7,17.333333333333332,4.642796092394707
308,3,8,18.166666666666668,12.588575067187795
309,3,9,18.333333333333332,9.89388138643722
310,3,10,9.166666666666666,2.4094720491334933
311,3,11,25.666666666666668,15.456030825826172
312,3,12,9.166666666666666,1.2133516482134197
313,3,13,15.0,5.196152422706632
314,3,14,10.666666666666666,4.384315479321969
315,3,15,16.833333333333332,3.435921354681384
316,3,16,9.666666666666666,2.494438257849294
317,3,17,13.5,4.425306015783918
318,3,18,21.333333333333332,7.06320670013903
319,3,19,12.666666666666666,1.3743685418725535
320,3,20,5.166666666666667,0.372677996249965
321,3,21,20.0,10.311805532172013
322,3,22,7.5,0.7637626158259734
323,3,23,5.166666666666667,0.372677996249965
324,3,24,11.333333333333334,7.039570693980959
325,3,25,6.5,2.565800719723442
326,3,26,5.666666666666667,1.247219128924647
327,3,27,9.0,3.6514837167011076
328,3,28,7.833333333333333,1.2133516482134197
329,3,29,9.666666666666666,4.109609335312651
330,3,30,16.5,7.065172798075547
331,3,31,9.333333333333334,1.4907119849998596
332,3,32,10.0,1.5275252316519468
333,3,33,9.833333333333334,1.2133516482134195
334,3,34,13.333333333333334,4.384315479321969
335,3,35,7.666666666666667,0.7453559924999298
336,3,36,37.833333333333336,16.547070905618178
337,3,37,8.666666666666666,3.3499585403736303
338,3,38,16.5,7.251436639269031
339,3,39,16.666666666666668,10.842303978193728
340,3,40,16.166666666666668,5.335936864527374
341,3,41,17.166666666666668,2.793842435706702
342,3,42,15.333333333333334,1.5986105077709065
343,3,43,13.166666666666666,8.314979788844282
344,3,44,11.5,3.947573094109004
345,3,45,15.5,8.674675786448736
346,3,46,16.666666666666668,9.620579793107874
347,3,47,16.666666666666668,4.955356249106169
348,3,48,9.0,1.0
349,3,49,6.833333333333333,4.099457958749615
350,3,50,6.666666666666667,1.5986105077709065
351,3,51,20.5,9.776672917374976
352,3,52,7.166666666666667,2.1147629234082537
353,3,53,11.5,10.161200716450788
354,3,54,8.833333333333334,3.337497399083464
355,3,55,14.333333333333334,2.9249881291307074
356,3,56,6.333333333333333,1.3743685418725535
357,3,57,6.0,1.5275252316519468
358,3,58,10.833333333333334,5.4594464513864
359,3,59,5.333333333333333,0.4714045207910317
360,3,60,9.333333333333334,2.0548046676563256
361,3,61,10.833333333333334,5.899623340142619
362,3,62,14.666666666666666,11.08552609887726
363,3,63,4.166666666666667,0.372677996249965
364,3,64,21.333333333333332,3.9440531887330774
365,3,65,10.833333333333334,1.2133516482134197
366,3,66,21.666666666666668,8.881941729649485
367,3,67,12.333333333333334,6.209312003399052
368,3,68,11.333333333333334,2.9249881291307074
369,3,69,13.333333333333334,6.69991708074726
370,3,70,11.0,2.7688746209726918
371,3,71,19.333333333333332,12.995725793078618
372,3,72,7.833333333333333,1.5723301886761007
373,3,73,14.5,7.274384280931732
374,3,74,16.5,5.469613027140647
375,3,75,11.0,2.160246899469287
376,3,76,10.333333333333334,4.678556282539399
377,3,77,8.166666666666666,4.412734098291242
378,3,78,11.666666666666666,2.6874192494328497
379,3,79,6.666666666666667,1.8856180831641267
380,3,80,19.0,3.265986323710904
381,3,81,27.333333333333332,7.01585505994973
382,3,82,16.666666666666668,12.498888839501785
383,3,83,13.0,5.32290647422377
384,3,84,9.166666666666666,2.4094720491334933
385,3,85,10.166666666666666,4.412734098291242
386,3,86,17.666666666666668,3.6817870057290865
387,3,87,21.0,6.582805886043833
388,3,88,19.5,7.522189397597839
389,3,89,12.0,1.1547005383792515
390,3,90,16.5,11.884864324004713
391,3,91,8.5,1.5
392,3,92,8.666666666666666,6.262764742685312
393,3,93,10.0,2.516611478423583
394,3,94,8.833333333333334,2.852873794770615
395,3,95,10.833333333333334,2.5440562537456244
396,3,96,9.5,0.7637626158259734
397,3,97,35.5,26.31697804333418
398,3,98,13.833333333333334,4.810289896553937
399,3,99,15.666666666666666,5.9907335852038095
400,4,0,13.666666666666666,2.748737083745107
401,4,1,22.833333333333332,11.305111921407747
402,4,2,7.5,2.8722813232690143
403,4,3,29.333333333333332,11.981467170407619
404,4,4,16.333333333333332,7.542472332656508
405,4,5,63.666666666666664,23.949019928914744
406,4,6,22.5,10.3400515794974
407,4,7,22.333333333333332,4.714045207910317
408,4,8,23.333333333333332,8.096638534327413
409,4,9,18.333333333333332,9.877021593352703
410,4,10,11.833333333333334,3.8042374035044424
411,4,11,16.5,7.910962857537212
412,4,12,10.166666666666666,4.2196629670573875
413,4,13,32.833333333333336,23.03198259425841
414,4,14,6.333333333333333,3.4960294939005054
415,4,15,27.666666666666668,10.79608982713443
416,4,16,9.333333333333334,2.494438257849294
417,4,17,9.5,4.112987559751022
418,4,18,16.666666666666668,7.4981479194679945
419,4,19,10.0,2.581988897471611
420,4,20,12.166666666666666,6.517071598672384
421,4,21,8.166666666666666,2.1921577396609844
422,4,22,12.0,5.259911279353167
423,4,23,7.833333333333333,3.2360813064912666
424,4,24,11.333333333333334,7.5203427817856525
425,4,25,12.333333333333334,9.3392838174146
426,4,26,5.666666666666667,1.247219128924647
427,4,27,9.0,3.6514837167011076
428,4,28,7.833333333333333,1.2133516482134197
429,4,29,8.666666666666666,3.9015666369065416
430,4,30,16.5,7.065172798075547
431,4,31,21.166666666666668,8.629728977333079
432,4,32,12.5,5.220153254455275
433,4,33,6.666666666666667,3.7267799624996485
434,4,34,14.333333333333334,5.70574758954123
435,4,35,9.833333333333334,2.733536577809454
436,4,36,18.666666666666668,7.086763875156433
437,4,37,8.666666666666666,3.3499585403736303
438,4,38,21.5,5.852349955359813
439,4,39,7.833333333333333,4.4503433076062295
440,4,40,16.166666666666668,5.335936864527374
441,4,41,24.166666666666668,11.696390706348499
442,4,42,21.0,4.43471156521669
443,4,43,13.5,8.098353742170895
444,4,44,13.5,4.856267428111155
445,4,45,10.666666666666666,6.2360956446232345
446,4,46,10.166666666666666,3.6704525909242065
447,4,47,13.166666666666666,3.2871804872193366
448,4,48,21.666666666666668,10.370899457402697
449,4,49,14.0,9.183318209303941
450,4,50,24.0,12.909944487358056
451,4,51,26.833333333333332,13.87343584777117
452,4,52,10.833333333333334,3.7155828016013257
453,4,53,10.666666666666666,2.2110831935702664
454,4,54,13.333333333333334,6.599663291074443
455,4,55,25.333333333333332,9.637888196533973
456,4,56,6.333333333333333,1.3743685418725535
457,4,57,12.166666666666666,8.820745748266162
458,4,58,7.833333333333333,3.8042374035044424
459,4,59,14.166666666666666,8.454124568648265
460,4,60,9.333333333333334,2.0548046676563256
461,4,61,10.833333333333334,5.899623340142619
462,4,62,14.833333333333334,3.7155828016013257
463,4,63,5.0,1.5275252316519468
464,4,64,25.666666666666668,3.9015666369065416
465,4,65,12.0,2.6457513110645907
466,4,66,22.333333333333332,6.497862896539309
467,4,67,20.333333333333332,5.153208277913436
468,4,68,11.333333333333334,2.9249881291307074
469,4,69,16.5,8.460693430998036
470,4,70,15.333333333333334,4.714045207910317
471,4,71,5.666666666666667,1.1055415967851332
472,4,72,9.5,4.425306015783918
473,4,73,16.166666666666668,5.520165053893065
474,4,74,17.833333333333332,8.914719413544221
475,4,75,9.666666666666666,3.0368111930480994
476,4,76,10.166666666666666,4.179978734661484
477,4,77,8.166666666666666,4.412734098291242
478,4,78,14.0,6.0553007081949835
479,4,79,23.833333333333332,7.403077438170937
480,4,80,21.833333333333332,8.112062349091971
481,4,81,28.833333333333332,10.884494578170465
482,4,82,16.333333333333332,9.585869229698938
483,4,83,19.666666666666668,5.374838498865699
484,4,84,17.0,3.1622776601683795
485,4,85,15.0,6.3508529610858835
486,4,86,10.166666666666666,2.1147629234082532
487,4,87,18.666666666666668,9.72396809720988
488,4,88,27.666666666666668,13.262310842718508
489,4,89,32.333333333333336,13.695092389449425
490,4,90,15.5,9.742518497116988
491,4,91,8.5,1.8027756377319946
492,4,92,10.833333333333334,5.398044913567215
493,4,93,18.833333333333332,12.33445940805226
494,4,94,16.5,8.361618663073955
495,4,95,10.833333333333334,2.5440562537456244
496,4,96,10.666666666666666,3.815174380753199
497,4,97,26.333333333333332,11.070481270277076
498,4,98,21.0,9.695359714832659
499,4,99,19.5,6.525590650150631
