,Replay type,Individual,Mean,STD
0,0,0,9.833333333333334,4.258977446393546
1,0,1,8.666666666666666,2.357022603955158
2,0,2,7.833333333333333,0.372677996249965
3,0,3,7.166666666666667,0.8975274678557505
4,0,4,7.833333333333333,1.462494064565354
5,0,5,8.333333333333334,1.5986105077709065
6,0,6,7.333333333333333,0.7453559924999298
7,0,7,10.666666666666666,5.055250296034367
8,0,8,5.0,0.0
9,0,9,9.166666666666666,2.6087459737497545
10,0,10,5.0,0.0
11,0,11,7.166666666666667,1.8633899812498247
12,0,12,18.166666666666668,6.6687496745808525
13,0,13,6.5,1.8929694486000912
14,0,14,6.166666666666667,1.8633899812498247
15,0,15,5.166666666666667,0.372677996249965
16,0,16,9.833333333333334,1.0671873729054748
17,0,17,9.0,1.7320508075688772
18,0,18,7.166666666666667,0.37267799624996495
19,0,19,6.666666666666667,1.1055415967851332
20,0,20,6.833333333333333,1.462494064565354
21,0,21,10.166666666666666,2.6087459737497545
22,0,22,7.166666666666667,3.2360813064912666
23,0,23,5.666666666666667,0.9428090415820634
24,0,24,8.333333333333334,1.795054935711501
25,0,25,7.333333333333333,0.7453559924999298
26,0,26,12.333333333333334,6.674994798166928
27,0,27,6.0,0.0
28,0,28,12.5,4.425306015783918
29,0,29,10.0,1.8257418583505538
30,0,30,6.0,0.0
31,0,31,8.0,2.23606797749979
32,0,32,8.333333333333334,2.134374745810949
33,0,33,12.166666666666666,5.367080729368206
34,0,34,6.5,1.118033988749895
35,0,35,6.5,0.7637626158259734
36,0,36,7.833333333333333,2.034425935955617
37,0,37,7.5,2.565800719723442
38,0,38,6.0,0.0
39,0,39,8.0,1.8257418583505538
40,0,40,8.5,0.7637626158259734
41,0,41,8.166666666666666,2.793842435706702
42,0,42,6.166666666666667,0.372677996249965
43,0,43,6.166666666666667,2.608745973749755
44,0,44,6.833333333333333,1.462494064565354
45,0,45,6.0,2.23606797749979
46,0,46,8.833333333333334,4.017323597731317
47,0,47,6.166666666666667,0.372677996249965
48,0,48,13.166666666666666,3.3870669054835956
49,0,49,9.833333333333334,2.9107081994288304
50,0,50,6.666666666666667,1.1055415967851332
51,0,51,6.0,0.0
52,0,52,7.0,0.0
53,0,53,11.0,3.958114029012639
54,0,54,5.0,0.0
55,0,55,10.666666666666666,0.4714045207910317
56,0,56,6.0,0.0
57,0,57,13.833333333333334,5.639641438562877
58,0,58,7.0,2.886751345948129
59,0,59,7.5,0.7637626158259734
60,0,60,13.0,6.324555320336759
61,0,61,10.0,3.2145502536643185
62,0,62,5.5,0.5
63,0,63,8.5,2.140872096444188
64,0,64,11.666666666666666,2.4267032964268394
65,0,65,8.5,1.118033988749895
66,0,66,6.0,0.0
67,0,67,14.166666666666666,11.006311320732706
68,0,68,9.833333333333334,0.8975274678557508
69,0,69,6.666666666666667,1.4907119849998596
70,0,70,7.666666666666667,0.9428090415820634
71,0,71,14.0,13.012814197295423
72,0,72,11.5,0.7637626158259734
73,0,73,8.666666666666666,2.924988129130708
74,0,74,6.166666666666667,0.372677996249965
75,0,75,7.166666666666667,1.462494064565354
76,0,76,5.5,1.118033988749895
77,0,77,12.666666666666666,7.039570693980958
78,0,78,7.166666666666667,0.372677996249965
79,0,79,8.666666666666666,1.4907119849998596
80,0,80,9.166666666666666,2.3392781412697
81,0,81,8.0,2.309401076758503
82,0,82,16.333333333333332,13.719410418171117
83,0,83,12.0,4.509249752822894
84,0,84,10.666666666666666,1.4907119849998596
85,0,85,8.333333333333334,1.5986105077709065
86,0,86,10.833333333333334,3.077697552103231
87,0,87,11.166666666666666,5.42883249163411
88,0,88,6.0,0.0
89,0,89,12.5,11.206396982676159
90,0,90,8.666666666666666,1.9720265943665385
91,0,91,8.833333333333334,2.034425935955617
92,0,92,10.666666666666666,2.054804667656325
93,0,93,7.333333333333333,0.4714045207910317
94,0,94,10.333333333333334,3.34995854037363
95,0,95,7.666666666666667,0.7453559924999298
96,0,96,6.833333333333333,1.0671873729054746
97,0,97,6.0,0.0
98,0,98,9.833333333333334,2.91070819942883
99,0,99,7.333333333333333,2.748737083745107
100,1,0,17.0,12.179217270963408
101,1,1,21.166666666666668,6.618576550554926
102,1,2,7.333333333333333,0.7453559924999298
103,1,3,16.5,6.2915286960589585
104,1,4,10.333333333333334,4.027681991198191
105,1,5,16.0,5.41602560309064
106,1,6,6.833333333333333,0.8975274678557507
107,1,7,8.333333333333334,4.384315479321968
108,1,8,20.333333333333332,9.60324019392529
109,1,9,10.166666666666666,2.544056253745625
110,1,10,9.333333333333334,2.808716591058786
111,1,11,9.5,2.9860788111948193
112,1,12,20.0,7.302967433402215
113,1,13,14.0,8.406346808612328
114,1,14,18.333333333333332,9.637888196533975
115,1,15,13.666666666666666,3.7712361663282534
116,1,16,40.333333333333336,13.021349989749739
117,1,17,27.0,14.977761292440647
118,1,18,18.333333333333332,6.420453428086074
119,1,19,8.5,1.118033988749895
120,1,20,10.5,1.8929694486000912
121,1,21,10.833333333333334,6.568020165079344
122,1,22,12.333333333333334,3.72677996249965
123,1,23,16.833333333333332,3.8477987935383986
124,1,24,14.833333333333334,7.819136070493266
125,1,25,17.5,6.751543033509698
126,1,26,10.333333333333334,4.496912521077347
127,1,27,14.5,2.753785273643051
128,1,28,17.5,5.5901699437494745
129,1,29,15.0,2.943920288775949
130,1,30,6.333333333333333,0.7453559924999298
131,1,31,10.833333333333334,3.077697552103231
132,1,32,11.333333333333334,3.901566636906542
133,1,33,19.0,4.320493798938574
134,1,34,13.166666666666666,6.309164410249233
135,1,35,12.0,3.696845502136472
136,1,36,10.833333333333334,3.435921354681384
137,1,37,9.666666666666666,3.2489314482696545
138,1,38,11.333333333333334,4.4969125210773475
139,1,39,10.833333333333334,2.1147629234082532
140,1,40,10.166666666666666,1.5723301886761007
141,1,41,10.166666666666666,2.9674156357941426
142,1,42,13.333333333333334,7.564537145273478
143,1,43,6.5,2.140872096444188
144,1,44,15.666666666666666,2.5603819159562025
145,1,45,9.166666666666666,2.6087459737497545
146,1,46,32.833333333333336,13.158225142050462
147,1,47,22.5,7.7190241179396075
148,1,48,9.833333333333334,4.374801582802229
149,1,49,17.0,5.972157622389639
150,1,50,7.0,1.1547005383792515
151,1,51,11.666666666666666,5.405758246742285
152,1,52,16.166666666666668,6.7679801680823175
153,1,53,16.833333333333332,2.6718699236468995
154,1,54,13.333333333333334,3.39934634239519
155,1,55,16.833333333333332,8.64902049688608
156,1,56,21.166666666666668,3.531603350069515
157,1,57,21.333333333333332,8.319989316232457
158,1,58,16.0,1.9148542155126762
159,1,59,12.833333333333334,6.8170537787391865
160,1,60,10.833333333333334,6.439893028787219
161,1,61,15.666666666666666,4.346134936801766
162,1,62,22.833333333333332,11.275588183721897
163,1,63,17.166666666666668,2.3392781412697
164,1,64,13.666666666666666,2.054804667656325
165,1,65,11.333333333333334,5.312459150169743
166,1,66,9.166666666666666,3.531603350069515
167,1,67,11.5,4.387482193696061
168,1,68,12.5,3.685557397915997
169,1,69,18.5,5.795112883571237
170,1,70,16.0,9.39858145324779
171,1,71,9.833333333333334,2.544056253745625
172,1,72,7.833333333333333,1.6749792701868151
173,1,73,7.666666666666667,1.9720265943665387
174,1,74,9.333333333333334,1.5986105077709065
175,1,75,16.333333333333332,9.826268648655782
176,1,76,20.666666666666668,3.34995854037363
177,1,77,8.333333333333334,1.247219128924647
178,1,78,6.333333333333333,1.7950549357115015
179,1,79,13.5,1.8929694486000912
180,1,80,12.333333333333334,5.647024782032472
181,1,81,10.333333333333334,5.962847939999438
182,1,82,10.5,2.6299556396765835
183,1,83,11.833333333333334,5.335936864527374
184,1,84,24.666666666666668,5.374838498865699
185,1,85,12.5,1.8929694486000912
186,1,86,13.166666666666666,5.42883249163411
187,1,87,14.833333333333334,5.727613425813194
188,1,88,19.166666666666668,7.197607627229727
189,1,89,35.833333333333336,16.004339689249566
190,1,90,22.166666666666668,6.86577664134866
191,1,91,13.833333333333334,10.683580340358231
192,1,92,10.833333333333334,1.4624940645653537
193,1,93,10.0,2.70801280154532
194,1,94,25.333333333333332,18.07084822457307
195,1,95,8.0,0.816496580927726
196,1,96,27.0,8.504900548115382
197,1,97,13.833333333333334,11.171640683245927
198,1,98,22.833333333333332,16.025153838748494
199,1,99,10.333333333333334,4.14996653266291
200,2,0,17.0,12.179217270963408
201,2,1,21.166666666666668,6.618576550554926
202,2,2,7.333333333333333,0.7453559924999298
203,2,3,19.5,10.719919153924002
204,2,4,12.666666666666666,9.01233722306385
205,2,5,16.0,5.41602560309064
206,2,6,8.833333333333334,2.4094720491334933
207,2,7,8.333333333333334,4.384315479321968
208,2,8,20.333333333333332,9.60324019392529
209,2,9,10.166666666666666,2.544056253745625
210,2,10,11.0,4.0
211,2,11,9.5,2.9860788111948193
212,2,12,20.0,7.302967433402215
213,2,13,14.0,8.406346808612328
214,2,14,18.333333333333332,9.637888196533975
215,2,15,13.666666666666666,3.7712361663282534
216,2,16,40.333333333333336,13.021349989749739
217,2,17,25.333333333333332,14.243907079480998
218,2,18,18.333333333333332,5.9907335852038095
219,2,19,19.166666666666668,11.567435132973754
220,2,20,9.5,1.8027756377319946
221,2,21,10.833333333333334,6.568020165079344
222,2,22,14.166666666666666,4.258977446393546
223,2,23,16.833333333333332,3.387066905483596
224,2,24,14.833333333333334,7.819136070493266
225,2,25,17.5,6.751543033509698
226,2,26,10.333333333333334,4.496912521077347
227,2,27,14.5,2.753785273643051
228,2,28,17.5,5.5901699437494745
229,2,29,15.0,2.7688746209726918
230,2,30,6.333333333333333,0.7453559924999298
231,2,31,26.0,13.576941236277534
232,2,32,12.0,2.516611478423583
233,2,33,19.0,4.320493798938574
234,2,34,13.166666666666666,6.309164410249233
235,2,35,10.333333333333334,1.8856180831641267
236,2,36,10.166666666666666,2.3392781412697
237,2,37,9.666666666666666,3.2489314482696545
238,2,38,11.5,5.024937810560445
239,2,39,10.833333333333334,2.1147629234082532
240,2,40,10.166666666666666,1.5723301886761007
241,2,41,10.166666666666666,2.9674156357941426
242,2,42,13.333333333333334,7.564537145273478
243,2,43,6.5,2.140872096444188
244,2,44,15.666666666666666,2.5603819159562025
245,2,45,9.166666666666666,2.6087459737497545
246,2,46,27.166666666666668,16.816823586978472
247,2,47,10.5,4.645786621588784
248,2,48,12.166666666666666,3.1841621957571333
249,2,49,17.0,5.972157622389639
250,2,50,12.0,1.0
251,2,51,11.666666666666666,5.405758246742285
252,2,52,16.166666666666668,6.7679801680823175
253,2,53,16.833333333333332,2.6718699236468995
254,2,54,21.0,11.647603473104098
255,2,55,13.0,9.219544457292887
256,2,56,21.166666666666668,3.531603350069515
257,2,57,21.333333333333332,8.319989316232457
258,2,58,16.0,1.9148542155126762
259,2,59,11.5,1.707825127659933
260,2,60,10.833333333333334,6.439893028787219
261,2,61,15.666666666666666,4.346134936801766
262,2,62,22.833333333333332,11.275588183721897
263,2,63,17.166666666666668,2.3392781412697
264,2,64,13.666666666666666,2.054804667656325
265,2,65,11.333333333333334,5.312459150169743
266,2,66,9.166666666666666,3.531603350069515
267,2,67,11.5,4.387482193696061
268,2,68,12.5,3.685557397915997
269,2,69,24.0,16.881943016134134
270,2,70,14.333333333333334,8.339997335464535
271,2,71,9.833333333333334,2.544056253745625
272,2,72,7.833333333333333,1.6749792701868151
273,2,73,7.666666666666667,1.9720265943665387
274,2,74,9.333333333333334,1.5986105077709065
275,2,75,16.333333333333332,9.826268648655782
276,2,76,16.833333333333332,4.740487551109298
277,2,77,8.333333333333334,1.247219128924647
278,2,78,7.0,2.886751345948129
279,2,79,13.5,1.8929694486000912
280,2,80,12.333333333333334,5.647024782032472
281,2,81,13.166666666666666,8.47381587925744
282,2,82,10.5,2.6299556396765835
283,2,83,11.666666666666666,6.674994798166929
284,2,84,30.833333333333332,8.782874750836932
285,2,85,19.666666666666668,11.352924243950934
286,2,86,13.166666666666666,5.42883249163411
287,2,87,14.833333333333334,5.727613425813194
288,2,88,18.666666666666668,8.517954892787092
289,2,89,31.166666666666668,8.782874750836932
290,2,90,22.166666666666668,6.86577664134866
291,2,91,13.833333333333334,10.683580340358231
292,2,92,10.833333333333334,1.4624940645653537
293,2,93,11.833333333333334,2.6087459737497545
294,2,94,27.666666666666668,11.382247385975916
295,2,95,8.0,0.816496580927726
296,2,96,27.0,8.504900548115382
297,2,97,14.333333333333334,4.14996653266291
298,2,98,15.666666666666666,7.4535599249993
299,2,99,10.333333333333334,4.14996653266291
300,3,0,21.5,5.9651767227244274
301,3,1,26.166666666666668,8.214147686901072
302,3,2,7.0,0.0
303,3,3,10.5,1.118033988749895
304,3,4,7.666666666666667,1.8856180831641267
305,3,5,19.0,13.391539617733779
306,3,6,12.166666666666666,1.674979270186815
307,3,7,9.666666666666666,0.9428090415820634
308,3,8,12.166666666666666,3.3870669054835956
309,3,9,10.166666666666666,2.544056253745625
310,3,10,7.0,1.1547005383792515
311,3,11,14.333333333333334,5.878397362849467
312,3,12,13.666666666666666,4.459696053419884
313,3,13,12.666666666666666,4.818944098266987
314,3,14,15.333333333333334,4.606758320361751
315,3,15,10.0,2.70801280154532
316,3,16,14.5,2.362907813126304
317,3,17,8.0,2.581988897471611
318,3,18,12.166666666666666,2.852873794770615
319,3,19,17.5,3.0413812651491097
320,3,20,11.0,3.7416573867739413
321,3,21,10.5,5.220153254455275
322,3,22,9.666666666666666,2.924988129130708
323,3,23,19.0,6.506407098647712
324,3,24,15.166666666666666,9.316949906249125
325,3,25,16.666666666666668,3.681787005729087
326,3,26,10.333333333333334,4.496912521077347
327,3,27,12.833333333333334,6.593346814950827
328,3,28,15.333333333333334,4.533823502911814
329,3,29,15.0,3.8297084310253524
330,3,30,6.333333333333333,0.7453559924999298
331,3,31,10.0,1.9148542155126762
332,3,32,12.5,1.707825127659933
333,3,33,14.666666666666666,3.34995854037363
334,3,34,5.666666666666667,1.4907119849998596
335,3,35,5.666666666666667,0.9428090415820634
336,3,36,6.5,0.7637626158259734
337,3,37,8.0,1.0
338,3,38,17.5,7.065172798075547
339,3,39,9.5,2.140872096444188
340,3,40,10.166666666666666,1.5723301886761007
341,3,41,11.666666666666666,2.2110831935702664
342,3,42,14.833333333333334,3.131382371342656
343,3,43,6.5,2.140872096444188
344,3,44,15.666666666666666,4.853406592853679
345,3,45,7.0,1.0
346,3,46,24.833333333333332,12.667763110439909
347,3,47,5.333333333333333,0.4714045207910317
348,3,48,9.166666666666666,1.9507833184532708
349,3,49,13.833333333333334,3.975620147292188
350,3,50,10.0,2.3804761428476167
351,3,51,15.5,5.123475382979799
352,3,52,20.166666666666668,4.705198071164368
353,3,53,16.333333333333332,3.197221015541813
354,3,54,15.166666666666666,3.3374973990834644
355,3,55,13.0,6.557438524302
356,3,56,12.166666666666666,1.950783318453271
357,3,57,11.333333333333334,3.72677996249965
358,3,58,10.333333333333334,2.6246692913372702
359,3,59,10.666666666666666,1.5986105077709065
360,3,60,15.166666666666666,5.520165053893065
361,3,61,12.333333333333334,3.1446603773522015
362,3,62,18.333333333333332,5.7638721552635275
363,3,63,13.666666666666666,4.955356249106169
364,3,64,13.666666666666666,2.054804667656325
365,3,65,10.666666666666666,3.72677996249965
366,3,66,10.5,2.0615528128088303
367,3,67,8.166666666666666,2.793842435706702
368,3,68,12.5,3.685557397915997
369,3,69,7.166666666666667,1.8633899812498247
370,3,70,14.0,2.943920288775949
371,3,71,9.833333333333334,2.544056253745625
372,3,72,8.333333333333334,0.4714045207910317
373,3,73,7.0,3.2145502536643185
374,3,74,9.5,2.753785273643051
375,3,75,10.833333333333334,3.8477987935383986
376,3,76,11.333333333333334,2.494438257849294
377,3,77,8.0,1.5275252316519468
378,3,78,19.0,9.327379053088816
379,3,79,14.666666666666666,3.2489314482696545
380,3,80,12.333333333333334,5.647024782032472
381,3,81,9.833333333333334,2.91070819942883
382,3,82,12.833333333333334,7.104380495315706
383,3,83,9.166666666666666,2.1921577396609844
384,3,84,15.666666666666666,1.247219128924647
385,3,85,15.666666666666666,2.9249881291307074
386,3,86,14.166666666666666,1.863389981249825
387,3,87,6.0,0.0
388,3,88,11.5,2.4324199198877374
389,3,89,7.333333333333333,1.1055415967851332
390,3,90,11.0,2.516611478423583
391,3,91,14.5,8.958236433584458
392,3,92,21.166666666666668,3.8477987935383986
393,3,93,5.166666666666667,0.372677996249965
394,3,94,7.166666666666667,1.2133516482134197
395,3,95,8.666666666666666,1.247219128924647
396,3,96,8.166666666666666,3.2360813064912666
397,3,97,7.5,3.640054944640259
398,3,98,12.5,1.8929694486000912
399,3,99,12.833333333333334,1.950783318453271
400,4,0,17.0,12.179217270963408
401,4,1,21.166666666666668,6.618576550554926
402,4,2,12.333333333333334,1.9720265943665387
403,4,3,16.5,6.2915286960589585
404,4,4,21.5,12.579745625409124
405,4,5,19.166666666666668,12.455476261022254
406,4,6,22.5,14.930394055974098
407,4,7,8.333333333333334,4.384315479321968
408,4,8,20.333333333333332,9.60324019392529
409,4,9,10.166666666666666,2.544056253745625
410,4,10,17.833333333333332,9.753916592266355
411,4,11,9.0,3.1622776601683795
412,4,12,20.0,7.302967433402215
413,4,13,14.0,8.406346808612328
414,4,14,17.666666666666668,8.615231988880057
415,4,15,13.666666666666666,3.7712361663282534
416,4,16,40.333333333333336,13.021349989749739
417,4,17,16.5,7.251436639269031
418,4,18,14.0,5.163977794943222
419,4,19,18.5,5.993051532121734
420,4,20,12.666666666666666,2.8674417556808756
421,4,21,10.833333333333334,6.568020165079344
422,4,22,8.166666666666666,2.852873794770615
423,4,23,21.333333333333332,6.046119049072351
424,4,24,14.833333333333334,7.819136070493266
425,4,25,26.333333333333332,10.241527663824812
426,4,26,10.333333333333334,4.496912521077347
427,4,27,14.5,2.753785273643051
428,4,28,17.5,5.5901699437494745
429,4,29,15.0,2.943920288775949
430,4,30,6.333333333333333,0.7453559924999298
431,4,31,12.666666666666666,7.4981479194679945
432,4,32,31.5,18.76832437912346
433,4,33,19.0,4.320493798938574
434,4,34,13.166666666666666,6.309164410249233
435,4,35,5.666666666666667,0.9428090415820634
436,4,36,21.333333333333332,18.95315863443933
437,4,37,9.666666666666666,3.2489314482696545
438,4,38,17.833333333333332,5.520165053893065
439,4,39,15.5,6.970174555442162
440,4,40,10.166666666666666,1.5723301886761007
441,4,41,10.166666666666666,2.9674156357941426
442,4,42,13.666666666666666,7.498147919467995
443,4,43,6.5,2.140872096444188
444,4,44,15.666666666666666,2.5603819159562025
445,4,45,9.166666666666666,2.6087459737497545
446,4,46,23.5,12.945398152754258
447,4,47,15.0,6.0
448,4,48,13.166666666666666,9.889669132764531
449,4,49,11.166666666666666,4.13991411612474
450,4,50,10.0,3.2145502536643185
451,4,51,11.666666666666666,5.405758246742285
452,4,52,19.333333333333332,10.466878978738388
453,4,53,16.833333333333332,2.6718699236468995
454,4,54,27.666666666666668,21.653842358548953
455,4,55,17.166666666666668,6.568020165079344
456,4,56,21.166666666666668,3.531603350069515
457,4,57,21.333333333333332,8.319989316232457
458,4,58,16.0,1.9148542155126762
459,4,59,22.333333333333332,9.516068282413464
460,4,60,10.833333333333334,6.439893028787219
461,4,61,15.666666666666666,4.346134936801766
462,4,62,22.833333333333332,11.275588183721897
463,4,63,17.166666666666668,2.3392781412697
464,4,64,13.666666666666666,2.054804667656325
465,4,65,11.333333333333334,5.312459150169743
466,4,66,9.166666666666666,3.531603350069515
467,4,67,11.5,4.387482193696061
468,4,68,12.5,3.685557397915997
469,4,69,10.0,1.632993161855452
470,4,70,13.666666666666666,5.821416398857661
471,4,71,9.833333333333334,2.544056253745625
472,4,72,7.833333333333333,1.6749792701868151
473,4,73,7.666666666666667,1.9720265943665387
474,4,74,9.5,2.753785273643051
475,4,75,16.333333333333332,9.826268648655782
476,4,76,17.166666666666668,5.785518319236594
477,4,77,8.333333333333334,1.247219128924647
478,4,78,18.833333333333332,9.788031240017348
479,4,79,13.5,1.8929694486000912
480,4,80,12.333333333333334,5.647024782032472
481,4,81,22.0,12.622730819174325
482,4,82,10.5,2.6299556396765835
483,4,83,13.0,5.131601439446884
484,4,84,27.5,6.422616289332565
485,4,85,19.666666666666668,3.5901098714230026
486,4,86,13.166666666666666,5.42883249163411
487,4,87,14.833333333333334,5.727613425813194
488,4,88,30.166666666666668,15.170329228098145
489,4,89,23.0,14.035668847618199
490,4,90,7.666666666666667,1.7950549357115013
491,4,91,13.833333333333334,10.683580340358231
492,4,92,10.833333333333334,1.4624940645653537
493,4,93,18.833333333333332,9.633564011078949
494,4,94,23.5,19.181153945127146
495,4,95,31.666666666666668,11.513277359447029
496,4,96,15.0,7.571877794400365
497,4,97,12.5,7.274384280931732
498,4,98,10.5,1.8929694486000912
499,4,99,10.333333333333334,4.14996653266291
