,Replay type,Individual,Mean,STD
0,0,0,13.833333333333334,9.007712744581106
1,0,1,15.5,12.84198842339716
2,0,2,5.0,0.0
3,0,3,7.5,0.7637626158259734
4,0,4,5.0,1.632993161855452
5,0,5,10.0,6.027713773341708
6,0,6,6.166666666666667,1.6749792701868151
7,0,7,4.166666666666667,0.372677996249965
8,0,8,6.333333333333333,0.7453559924999298
9,0,9,10.333333333333334,3.2489314482696545
10,0,10,4.0,0.0
11,0,11,9.333333333333334,6.342099196813482
12,0,12,6.166666666666667,2.608745973749755
13,0,13,7.0,2.886751345948129
14,0,14,4.333333333333333,0.7453559924999298
15,0,15,9.666666666666666,6.548960901462833
16,0,16,4.166666666666667,0.372677996249965
17,0,17,10.666666666666666,2.494438257849294
18,0,18,15.833333333333334,4.810289896553937
19,0,19,18.833333333333332,13.704216707114478
20,0,20,8.5,3.640054944640259
21,0,21,12.0,5.32290647422377
22,0,22,7.5,5.439056290693573
23,0,23,8.666666666666666,3.299831645537222
24,0,24,6.0,2.23606797749979
25,0,25,6.333333333333333,1.7950549357115015
26,0,26,15.166666666666666,14.276048317218445
27,0,27,11.666666666666666,6.182412330330469
28,0,28,8.0,8.32666399786453
29,0,29,7.833333333333333,4.258977446393546
30,0,30,4.0,0.5773502691896257
31,0,31,11.5,4.193248541803041
32,0,32,3.5,1.118033988749895
33,0,33,3.0,0.0
34,0,34,8.166666666666666,2.1921577396609844
35,0,35,8.0,5.0990195135927845
36,0,36,6.333333333333333,0.7453559924999298
37,0,37,12.666666666666666,9.775252199076787
38,0,38,10.166666666666666,2.9674156357941426
39,0,39,4.666666666666667,0.7453559924999298
40,0,40,6.166666666666667,1.674979270186815
41,0,41,7.166666666666667,1.6749792701868151
42,0,42,5.5,1.118033988749895
43,0,43,5.333333333333333,2.1343747458109497
44,0,44,9.666666666666666,1.8856180831641265
45,0,45,9.666666666666666,6.6248689714505975
46,0,46,4.833333333333333,1.8633899812498245
47,0,47,6.333333333333333,2.98142396999972
48,0,48,9.833333333333334,7.425556469981821
49,0,49,8.333333333333334,3.5901098714230026
50,0,50,10.333333333333334,5.312459150169743
51,0,51,6.166666666666667,0.372677996249965
52,0,52,23.5,11.786291472158096
53,0,53,6.166666666666667,0.372677996249965
54,0,54,4.0,0.0
55,0,55,4.0,0.0
56,0,56,7.333333333333333,0.7453559924999298
57,0,57,7.833333333333333,3.236081306491266
58,0,58,4.0,0.0
59,0,59,8.166666666666666,1.863389981249825
60,0,60,8.666666666666666,1.699673171197595
61,0,61,4.666666666666667,3.7267799624996485
62,0,62,11.333333333333334,6.968181653455623
63,0,63,8.833333333333334,2.1921577396609844
64,0,64,5.0,0.0
65,0,65,7.5,1.8929694486000912
66,0,66,14.833333333333334,5.398044913567215
67,0,67,15.5,12.658988901172163
68,0,68,14.166666666666666,9.906507401142388
69,0,69,4.833333333333333,1.2133516482134197
70,0,70,15.5,7.804912982645397
71,0,71,3.5,1.118033988749895
72,0,72,6.333333333333333,0.7453559924999298
73,0,73,6.0,2.309401076758503
74,0,74,5.833333333333333,2.733536577809454
75,0,75,10.833333333333334,9.940098367498962
76,0,76,12.5,6.970174555442162
77,0,77,12.0,12.68857754044952
78,0,78,3.3333333333333335,0.7453559924999298
79,0,79,3.3333333333333335,0.7453559924999298
80,0,80,7.333333333333333,5.497474167490215
81,0,81,6.0,2.23606797749979
82,0,82,4.666666666666667,1.4907119849998596
83,0,83,10.166666666666666,6.439893028787219
84,0,84,22.5,13.375973484822204
85,0,85,11.0,5.94418483337567
86,0,86,6.666666666666667,1.247219128924647
87,0,87,8.833333333333334,6.938219432166217
88,0,88,3.0,0.0
89,0,89,4.0,0.0
90,0,90,6.166666666666667,3.1841621957571333
91,0,91,7.666666666666667,4.988876515698588
92,0,92,14.166666666666666,4.412734098291242
93,0,93,7.5,0.9574271077563381
94,0,94,7.166666666666667,9.316949906249123
95,0,95,6.0,2.3804761428476167
96,0,96,5.166666666666667,0.372677996249965
97,0,97,10.333333333333334,3.636237371545238
98,0,98,6.833333333333333,2.3392781412697
99,0,99,5.0,2.23606797749979
100,1,0,7.5,1.707825127659933
101,1,1,12.5,6.922186552431729
102,1,2,6.666666666666667,1.4907119849998596
103,1,3,4.666666666666667,2.2110831935702664
104,1,4,7.333333333333333,3.197221015541813
105,1,5,7.833333333333333,1.343709624716425
106,1,6,6.833333333333333,1.950783318453271
107,1,7,4.166666666666667,0.372677996249965
108,1,8,15.5,2.8136571693556887
109,1,9,10.166666666666666,2.608745973749755
110,1,10,15.0,3.605551275463989
111,1,11,7.5,2.217355782608345
112,1,12,21.333333333333332,9.961035198322623
113,1,13,11.0,4.795831523312719
114,1,14,16.333333333333332,9.860132971832694
115,1,15,11.0,2.516611478423583
116,1,16,7.166666666666667,1.7716909687891083
117,1,17,9.833333333333334,8.896004096721677
118,1,18,15.0,10.923979738782625
119,1,19,8.166666666666666,1.863389981249825
120,1,20,9.333333333333334,2.3570226039551585
121,1,21,5.833333333333333,1.0671873729054746
122,1,22,8.833333333333334,3.2871804872193366
123,1,23,16.833333333333332,5.639641438562877
124,1,24,14.333333333333334,8.399735445569434
125,1,25,11.0,7.023769168568493
126,1,26,13.666666666666666,7.203394261658103
127,1,27,12.166666666666666,9.872802146413258
128,1,28,17.666666666666668,6.774133810967191
129,1,29,13.833333333333334,3.531603350069515
130,1,30,4.0,1.8257418583505538
131,1,31,44.666666666666664,22.058004342087603
132,1,32,8.166666666666666,4.597704741377907
133,1,33,18.333333333333332,4.921607686744467
134,1,34,6.666666666666667,3.39934634239519
135,1,35,17.833333333333332,6.568020165079344
136,1,36,10.333333333333334,2.357022603955158
137,1,37,18.166666666666668,9.822027398771713
138,1,38,4.0,0.0
139,1,39,7.666666666666667,2.8674417556808756
140,1,40,6.166666666666667,1.674979270186815
141,1,41,9.0,2.8284271247461903
142,1,42,10.333333333333334,2.2852182001336816
143,1,43,4.666666666666667,0.9428090415820634
144,1,44,24.5,15.713582235335986
145,1,45,8.666666666666666,2.6246692913372702
146,1,46,37.666666666666664,13.707256796634725
147,1,47,20.666666666666668,14.149990184527418
148,1,48,12.333333333333334,3.815174380753199
149,1,49,8.333333333333334,3.5901098714230026
150,1,50,11.666666666666666,5.055250296034367
151,1,51,4.666666666666667,0.7453559924999298
152,1,52,16.166666666666668,8.132581932503902
153,1,53,17.666666666666668,9.177266598624136
154,1,54,15.5,5.283622494715786
155,1,55,7.666666666666667,3.34995854037363
156,1,56,17.5,11.543396380615196
157,1,57,8.333333333333334,1.795054935711501
158,1,58,14.333333333333334,5.617433182117573
159,1,59,7.333333333333333,1.4907119849998596
160,1,60,14.666666666666666,6.69991708074726
161,1,61,27.333333333333332,8.219218670625303
162,1,62,24.333333333333332,10.54619467970425
163,1,63,14.666666666666666,7.086763875156433
164,1,64,6.166666666666667,0.372677996249965
165,1,65,9.166666666666666,6.148622248565572
166,1,66,7.166666666666667,3.387066905483596
167,1,67,11.5,3.4034296427770228
168,1,68,10.833333333333334,2.852873794770615
169,1,69,13.0,2.8284271247461903
170,1,70,16.333333333333332,6.289320754704403
171,1,71,5.5,2.565800719723442
172,1,72,12.0,7.023769168568493
173,1,73,4.666666666666667,1.1055415967851332
174,1,74,5.666666666666667,2.0548046676563256
175,1,75,23.166666666666668,12.225883290062205
176,1,76,13.5,7.740585679822081
177,1,77,8.833333333333334,1.2133516482134197
178,1,78,7.166666666666667,3.2360813064912666
179,1,79,7.166666666666667,3.131382371342656
180,1,80,7.0,6.027713773341708
181,1,81,11.333333333333334,11.08552609887726
182,1,82,8.666666666666666,1.5986105077709065
183,1,83,14.333333333333334,3.901566636906542
184,1,84,25.166666666666668,9.956851354162565
185,1,85,15.5,2.9860788111948193
186,1,86,13.166666666666666,4.487637339278753
187,1,87,10.833333333333334,2.1921577396609844
188,1,88,5.666666666666667,3.1446603773522015
189,1,89,34.833333333333336,15.678187253491888
190,1,90,30.166666666666668,13.409159390340452
191,1,91,7.666666666666667,4.988876515698588
192,1,92,10.833333333333334,2.1921577396609844
193,1,93,6.0,0.0
194,1,94,17.666666666666668,7.180219742846005
195,1,95,6.166666666666667,0.372677996249965
196,1,96,15.666666666666666,10.370899457402697
197,1,97,5.0,0.0
198,1,98,13.666666666666666,3.9015666369065416
199,1,99,4.333333333333333,1.7950549357115015
200,2,0,7.5,1.707825127659933
201,2,1,12.5,6.922186552431729
202,2,2,6.666666666666667,1.4907119849998596
203,2,3,4.666666666666667,2.2110831935702664
204,2,4,18.666666666666668,9.067647005823629
205,2,5,7.833333333333333,1.343709624716425
206,2,6,8.666666666666666,1.3743685418725535
207,2,7,4.166666666666667,0.372677996249965
208,2,8,15.5,2.8136571693556887
209,2,9,10.166666666666666,2.608745973749755
210,2,10,15.0,3.605551275463989
211,2,11,7.5,2.4324199198877374
212,2,12,21.333333333333332,9.961035198322623
213,2,13,11.0,4.795831523312719
214,2,14,16.333333333333332,9.860132971832694
215,2,15,11.0,2.516611478423583
216,2,16,7.166666666666667,1.7716909687891083
217,2,17,9.833333333333334,8.896004096721677
218,2,18,15.0,10.64581294844754
219,2,19,11.166666666666666,4.374801582802229
220,2,20,7.166666666666667,1.0671873729054746
221,2,21,5.833333333333333,1.0671873729054746
222,2,22,8.833333333333334,3.2871804872193366
223,2,23,11.0,4.43471156521669
224,2,24,14.333333333333334,8.399735445569434
225,2,25,11.0,7.023769168568493
226,2,26,13.666666666666666,7.203394261658103
227,2,27,12.166666666666666,9.872802146413258
228,2,28,17.666666666666668,6.774133810967191
229,2,29,13.833333333333334,3.531603350069515
230,2,30,4.0,1.8257418583505538
231,2,31,22.833333333333332,23.197820778876817
232,2,32,6.5,2.5
233,2,33,18.333333333333332,4.921607686744467
234,2,34,6.666666666666667,3.39934634239519
235,2,35,12.0,3.605551275463989
236,2,36,8.666666666666666,10.143416036468627
237,2,37,18.166666666666668,9.822027398771713
238,2,38,4.0,0.0
239,2,39,7.0,1.1547005383792515
240,2,40,6.166666666666667,1.674979270186815
241,2,41,9.0,2.8284271247461903
242,2,42,10.333333333333334,2.2110831935702664
243,2,43,4.666666666666667,0.9428090415820634
244,2,44,24.5,15.713582235335986
245,2,45,8.666666666666666,2.6246692913372702
246,2,46,10.166666666666666,16.025153838748494
247,2,47,9.0,8.32666399786453
248,2,48,12.166666666666666,3.4840908267278126
249,2,49,8.333333333333334,3.5901098714230026
250,2,50,11.333333333333334,4.714045207910317
251,2,51,4.666666666666667,0.7453559924999298
252,2,52,16.166666666666668,6.618576550554926
253,2,53,17.666666666666668,9.177266598624136
254,2,54,23.833333333333332,7.646713164636308
255,2,55,5.0,1.1547005383792515
256,2,56,17.5,11.543396380615196
257,2,57,8.333333333333334,1.795054935711501
258,2,58,14.333333333333334,5.617433182117573
259,2,59,7.333333333333333,1.4907119849998596
260,2,60,14.666666666666666,6.69991708074726
261,2,61,27.333333333333332,8.219218670625303
262,2,62,24.333333333333332,10.54619467970425
263,2,63,14.666666666666666,7.086763875156433
264,2,64,6.166666666666667,0.372677996249965
265,2,65,9.166666666666666,6.148622248565572
266,2,66,7.166666666666667,3.387066905483596
267,2,67,11.5,3.4034296427770228
268,2,68,10.833333333333334,2.852873794770615
269,2,69,13.666666666666666,3.4480268109295333
270,2,70,14.333333333333334,6.920179830675565
271,2,71,5.5,2.565800719723442
272,2,72,12.0,7.023769168568493
273,2,73,4.666666666666667,1.1055415967851332
274,2,74,5.666666666666667,2.0548046676563256
275,2,75,23.166666666666668,12.225883290062205
276,2,76,11.166666666666666,10.9911580625317
277,2,77,8.833333333333334,1.2133516482134197
278,2,78,6.833333333333333,4.775516260631468
279,2,79,7.166666666666667,3.131382371342656
280,2,80,7.0,6.027713773341708
281,2,81,10.333333333333334,7.06320670013903
282,2,82,8.666666666666666,1.5986105077709065
283,2,83,13.833333333333334,6.148622248565572
284,2,84,37.166666666666664,22.87222964402222
285,2,85,16.333333333333332,2.2852182001336816
286,2,86,13.166666666666666,4.487637339278753
287,2,87,10.833333333333334,2.1921577396609844
288,2,88,5.666666666666667,3.1446603773522015
289,2,89,34.666666666666664,13.224556283251582
290,2,90,30.166666666666668,13.409159390340452
291,2,91,7.666666666666667,4.988876515698588
292,2,92,10.833333333333334,2.1921577396609844
293,2,93,8.5,2.9860788111948193
294,2,94,22.0,13.589211407093005
295,2,95,6.166666666666667,0.372677996249965
296,2,96,15.666666666666666,10.370899457402697
297,2,97,6.5,2.140872096444188
298,2,98,17.5,8.32165848854662
299,2,99,4.333333333333333,1.7950549357115015
300,3,0,6.0,0.0
301,3,1,7.166666666666667,2.4094720491334933
302,3,2,6.666666666666667,1.4907119849998596
303,3,3,4.666666666666667,2.2110831935702664
304,3,4,6.166666666666667,2.192157739660984
305,3,5,7.833333333333333,1.343709624716425
306,3,6,5.666666666666667,0.7453559924999299
307,3,7,4.166666666666667,0.372677996249965
308,3,8,14.5,5.439056290693573
309,3,9,10.166666666666666,2.608745973749755
310,3,10,9.5,6.075908711186061
311,3,11,7.5,8.73212459828649
312,3,12,18.666666666666668,8.359957469322968
313,3,13,8.666666666666666,5.557777333511022
314,3,14,18.333333333333332,10.257788368952745
315,3,15,12.166666666666666,3.8042374035044424
316,3,16,7.166666666666667,1.7716909687891083
317,3,17,9.166666666666666,4.412734098291242
318,3,18,7.5,1.118033988749895
319,3,19,9.166666666666666,2.608745973749755
320,3,20,10.666666666666666,3.1446603773522015
321,3,21,5.833333333333333,0.6871842709362768
322,3,22,7.5,2.9297326385411577
323,3,23,19.333333333333332,13.211947455070943
324,3,24,14.0,8.640987597877148
325,3,25,11.0,2.516611478423583
326,3,26,13.666666666666666,7.203394261658103
327,3,27,12.166666666666666,9.872802146413258
328,3,28,17.666666666666668,6.774133810967191
329,3,29,19.0,6.97614984548545
330,3,30,4.0,1.8257418583505538
331,3,31,3.6666666666666665,0.7453559924999298
332,3,32,9.0,0.0
333,3,33,17.5,10.111874208078342
334,3,34,4.833333333333333,1.8633899812498245
335,3,35,12.166666666666666,8.414603707576225
336,3,36,6.666666666666667,0.9428090415820634
337,3,37,18.166666666666668,9.822027398771713
338,3,38,11.833333333333334,7.776388764858804
339,3,39,11.0,1.5275252316519468
340,3,40,6.166666666666667,1.674979270186815
341,3,41,7.5,1.707825127659933
342,3,42,9.0,1.4142135623730951
343,3,43,4.666666666666667,0.9428090415820634
344,3,44,24.5,13.961255912942311
345,3,45,8.666666666666666,1.3743685418725535
346,3,46,18.0,16.852299546352718
347,3,47,14.5,9.827681991870378
348,3,48,4.666666666666667,1.4907119849998596
349,3,49,8.5,3.095695936834452
350,3,50,4.0,0.0
351,3,51,4.666666666666667,0.7453559924999298
352,3,52,29.333333333333332,17.801373230424918
353,3,53,14.333333333333334,4.14996653266291
354,3,54,21.166666666666668,17.03346379597787
355,3,55,7.833333333333333,2.3392781412697
356,3,56,17.666666666666668,10.354816378006044
357,3,57,8.333333333333334,1.795054935711501
358,3,58,10.833333333333334,0.8975274678557507
359,3,59,12.166666666666666,2.733536577809454
360,3,60,9.5,4.8218253804964775
361,3,61,12.0,6.48074069840786
362,3,62,22.5,12.271240089466644
363,3,63,8.0,0.816496580927726
364,3,64,6.166666666666667,0.372677996249965
365,3,65,9.333333333333334,4.2295258468165065
366,3,66,9.333333333333334,6.046119049072351
367,3,67,4.666666666666667,1.1055415967851332
368,3,68,10.833333333333334,2.852873794770615
369,3,69,6.666666666666667,2.8674417556808756
370,3,70,16.333333333333332,5.497474167490214
371,3,71,5.5,2.565800719723442
372,3,72,5.0,0.0
373,3,73,4.666666666666667,1.1055415967851332
374,3,74,10.833333333333334,2.6718699236468995
375,3,75,27.166666666666668,14.61068862929541
376,3,76,12.333333333333334,4.384315479321969
377,3,77,8.833333333333334,1.2133516482134197
378,3,78,4.5,1.707825127659933
379,3,79,6.5,2.9860788111948193
380,3,80,7.0,6.027713773341708
381,3,81,4.333333333333333,0.4714045207910317
382,3,82,8.666666666666666,1.5986105077709065
383,3,83,9.333333333333334,3.72677996249965
384,3,84,19.166666666666668,9.3526585643988
385,3,85,11.0,3.8297084310253524
386,3,86,12.833333333333334,1.3437096247164249
387,3,87,6.5,3.547299442298794
388,3,88,5.666666666666667,1.699673171197595
389,3,89,5.833333333333333,2.6718699236468995
390,3,90,6.666666666666667,4.0276819911981905
391,3,91,4.666666666666667,1.247219128924647
392,3,92,7.5,1.118033988749895
393,3,93,12.833333333333334,6.094168432927407
394,3,94,7.833333333333333,1.0671873729054748
395,3,95,6.166666666666667,1.4624940645653537
396,3,96,5.333333333333333,1.4907119849998596
397,3,97,9.0,3.366501646120693
398,3,98,5.833333333333333,0.8975274678557507
399,3,99,4.333333333333333,1.7950549357115015
400,4,0,7.5,1.707825127659933
401,4,1,12.5,6.922186552431729
402,4,2,12.166666666666666,2.266911751455907
403,4,3,4.666666666666667,2.2110831935702664
404,4,4,6.0,2.3804761428476167
405,4,5,7.833333333333333,1.343709624716425
406,4,6,7.833333333333333,2.5440562537456244
407,4,7,4.166666666666667,0.372677996249965
408,4,8,15.5,2.8136571693556887
409,4,9,10.166666666666666,2.608745973749755
410,4,10,20.333333333333332,8.137703743822469
411,4,11,9.0,2.943920288775949
412,4,12,21.333333333333332,9.961035198322623
413,4,13,11.0,4.795831523312719
414,4,14,17.666666666666668,5.280993172584953
415,4,15,11.0,2.516611478423583
416,4,16,7.166666666666667,1.7716909687891083
417,4,17,17.5,8.958236433584458
418,4,18,9.833333333333334,3.6704525909242065
419,4,19,9.666666666666666,1.7950549357115013
420,4,20,11.0,2.7688746209726918
421,4,21,5.833333333333333,1.0671873729054746
422,4,22,6.166666666666667,1.0671873729054748
423,4,23,16.833333333333332,6.6687496745808525
424,4,24,14.333333333333334,8.399735445569434
425,4,25,24.333333333333332,11.599808427536876
426,4,26,13.666666666666666,7.203394261658103
427,4,27,12.166666666666666,9.872802146413258
428,4,28,17.666666666666668,6.774133810967191
429,4,29,13.833333333333334,3.531603350069515
430,4,30,4.0,1.8257418583505538
431,4,31,5.666666666666667,2.2110831935702664
432,4,32,14.666666666666666,4.422166387140533
433,4,33,18.333333333333332,4.921607686744467
434,4,34,6.666666666666667,3.39934634239519
435,4,35,15.5,11.996527275285406
436,4,36,10.0,5.627314338711377
437,4,37,18.166666666666668,9.822027398771713
438,4,38,26.0,10.246950765959598
439,4,39,8.333333333333334,3.4960294939005054
440,4,40,6.166666666666667,1.674979270186815
441,4,41,9.0,2.8284271247461903
442,4,42,10.333333333333334,2.2110831935702664
443,4,43,4.666666666666667,0.9428090415820634
444,4,44,24.5,15.713582235335986
445,4,45,8.666666666666666,2.6246692913372702
446,4,46,37.666666666666664,35.896456030582684
447,4,47,9.0,5.385164807134504
448,4,48,11.5,4.9916597106239795
449,4,49,11.833333333333334,2.1921577396609844
450,4,50,4.0,0.0
451,4,51,4.666666666666667,0.7453559924999298
452,4,52,19.333333333333332,11.294049564064943
453,4,53,17.666666666666668,9.177266598624136
454,4,54,36.0,20.848661028149188
455,4,55,8.666666666666666,3.0368111930480994
456,4,56,17.5,11.543396380615196
457,4,57,8.333333333333334,1.795054935711501
458,4,58,14.333333333333334,5.617433182117573
459,4,59,19.0,4.396968652757639
460,4,60,14.666666666666666,6.69991708074726
461,4,61,27.333333333333332,8.219218670625303
462,4,62,24.333333333333332,10.54619467970425
463,4,63,14.666666666666666,7.086763875156433
464,4,64,6.166666666666667,0.372677996249965
465,4,65,9.166666666666666,6.148622248565572
466,4,66,7.166666666666667,3.387066905483596
467,4,67,11.5,3.4034296427770228
468,4,68,10.833333333333334,2.852873794770615
469,4,69,8.333333333333334,2.494438257849294
470,4,70,6.0,0.816496580927726
471,4,71,5.5,2.565800719723442
472,4,72,12.0,7.023769168568493
473,4,73,4.666666666666667,1.1055415967851332
474,4,74,10.833333333333334,2.6718699236468995
475,4,75,23.166666666666668,12.225883290062205
476,4,76,10.0,7.416198487095663
477,4,77,8.833333333333334,1.2133516482134197
478,4,78,4.5,1.707825127659933
479,4,79,7.166666666666667,3.131382371342656
480,4,80,7.0,6.027713773341708
481,4,81,4.333333333333333,0.4714045207910317
482,4,82,8.666666666666666,1.5986105077709065
483,4,83,15.0,6.082762530298219
484,4,84,30.666666666666668,12.644717825593771
485,4,85,17.0,8.266397845091497
486,4,86,13.166666666666666,4.487637339278753
487,4,87,10.833333333333334,2.1921577396609844
488,4,88,10.333333333333334,5.467073155618908
489,4,89,18.5,11.543396380615196
490,4,90,10.833333333333334,4.13991411612474
491,4,91,7.666666666666667,4.988876515698588
492,4,92,10.833333333333334,2.1921577396609844
493,4,93,6.333333333333333,1.4907119849998596
494,4,94,22.166666666666668,19.91161023679959
495,4,95,37.666666666666664,22.395436042987768
496,4,96,5.333333333333333,1.4907119849998596
497,4,97,11.0,5.41602560309064
498,4,98,9.5,7.697402159170326
499,4,99,4.333333333333333,1.7950549357115015
