,Replay type,Individual,Mean,STD
0,0,0,6.0,0.0
1,0,1,6.0,0.0
2,0,2,6.0,0.0
3,0,3,9.0,0.0
4,0,4,6.0,0.0
5,0,5,6.0,0.0
6,0,6,7.0,0.0
7,0,7,7.0,0.0
8,0,8,7.0,0.0
9,0,9,8.0,0.0
10,0,10,10.6,0.7999999999999999
11,0,11,7.0,0.0
12,0,12,8.2,0.39999999999999997
13,0,13,9.0,0.0
14,0,14,6.0,0.0
15,0,15,6.0,0.0
16,0,16,8.0,0.0
17,0,17,6.0,0.0
18,0,18,6.0,0.0
19,0,19,7.4,0.48989794855663565
20,0,20,7.0,0.0
21,0,21,7.0,0.0
22,0,22,5.0,0.0
23,0,23,7.0,0.0
24,0,24,7.0,0.0
25,0,25,7.0,0.0
26,0,26,7.0,0.0
27,0,27,8.0,0.0
28,0,28,6.0,0.0
29,0,29,5.0,0.0
30,0,30,8.0,0.0
31,0,31,8.0,0.0
32,0,32,6.0,0.0
33,0,33,7.0,0.0
34,0,34,6.0,0.0
35,0,35,7.0,0.0
36,0,36,7.0,0.0
37,0,37,7.0,0.0
38,0,38,7.4,0.4898979485566356
39,0,39,6.0,0.0
40,0,40,10.8,0.7483314773547883
41,0,41,6.0,0.0
42,0,42,11.8,1.9390719429665315
43,0,43,8.4,0.7999999999999999
44,0,44,7.0,0.0
45,0,45,7.2,0.39999999999999997
46,0,46,6.0,0.0
47,0,47,5.0,0.0
48,0,48,8.0,1.5491933384829668
49,0,49,7.0,0.0
50,0,50,10.6,0.48989794855663565
51,0,51,6.0,0.0
52,0,52,8.0,0.0
53,0,53,6.0,0.0
54,0,54,6.0,0.0
55,0,55,7.0,0.0
56,0,56,7.0,0.0
57,0,57,5.0,0.0
58,0,58,7.0,0.0
59,0,59,5.0,0.0
60,0,60,6.0,0.0
61,0,61,5.0,0.0
62,0,62,5.0,0.0
63,0,63,7.0,0.0
64,0,64,5.0,0.0
65,0,65,9.0,0.0
66,0,66,10.6,0.48989794855663565
67,0,67,6.0,0.0
68,0,68,7.0,0.0
69,0,69,7.0,0.0
70,0,70,7.0,0.0
71,0,71,6.0,0.0
72,0,72,6.0,0.0
73,0,73,5.0,0.0
74,0,74,7.0,0.0
75,0,75,7.0,0.0
76,0,76,12.6,2.727636339397171
77,0,77,7.0,0.0
78,0,78,7.0,0.0
79,0,79,5.0,0.0
80,0,80,7.4,0.4898979485566356
81,0,81,6.0,0.0
82,0,82,9.0,1.0954451150103321
83,0,83,8.0,0.0
84,0,84,8.6,0.7999999999999999
85,0,85,8.4,1.4966629547095764
86,0,86,7.0,0.0
87,0,87,6.0,0.0
88,0,88,10.0,0.0
89,0,89,8.8,1.5999999999999999
90,0,90,5.0,0.0
91,0,91,5.0,0.0
92,0,92,9.0,2.0
93,0,93,7.0,0.0
94,0,94,7.0,0.0
95,0,95,11.2,1.469693845669907
96,0,96,6.0,0.0
97,0,97,6.0,0.0
98,0,98,6.0,0.0
99,0,99,7.0,0.0
100,1,0,8.2,0.7483314773547882
101,1,1,13.2,3.7629775444453557
102,1,2,6.0,0.0
103,1,3,12.4,5.571355310873648
104,1,4,7.4,0.7999999999999999
105,1,5,8.0,2.1908902300206643
106,1,6,9.0,1.6733200530681511
107,1,7,9.6,2.939387691339814
108,1,8,15.0,5.585696017507576
109,1,9,10.2,2.9257477676655586
110,1,10,5.2,0.39999999999999997
111,1,11,9.8,0.7483314773547883
112,1,12,8.6,0.8
113,1,13,10.4,3.006659275674582
114,1,14,6.2,0.39999999999999997
115,1,15,16.2,4.955804677345547
116,1,16,7.0,0.0
117,1,17,8.6,1.2
118,1,18,6.0,0.0
119,1,19,7.0,1.0954451150103321
120,1,20,8.6,1.2
121,1,21,9.6,3.3823069050575527
122,1,22,9.6,1.2
123,1,23,7.8,2.925747767665559
124,1,24,10.2,0.39999999999999997
125,1,25,5.4,0.7999999999999999
126,1,26,7.8,1.8330302779823362
127,1,27,7.2,2.4000000000000004
128,1,28,10.2,3.6
129,1,29,9.0,0.0
130,1,30,9.0,1.6733200530681511
131,1,31,10.2,1.9390719429665317
132,1,32,7.4,0.48989794855663565
133,1,33,6.4,0.48989794855663565
134,1,34,20.0,4.381780460041329
135,1,35,7.0,0.0
136,1,36,34.2,11.9565881421081
137,1,37,12.6,3.0724582991474434
138,1,38,6.4,0.7999999999999999
139,1,39,14.4,4.409081537009721
140,1,40,17.8,1.9390719429665317
141,1,41,7.6,2.0591260281974
142,1,42,8.6,3.2
143,1,43,10.8,4.833218389437829
144,1,44,9.0,1.7888543819998317
145,1,45,7.2,1.16619037896906
146,1,46,5.0,0.0
147,1,47,8.6,0.7999999999999999
148,1,48,10.0,1.4142135623730951
149,1,49,9.0,2.280350850198276
150,1,50,7.4,1.3564659966250536
151,1,51,12.4,5.499090833947008
152,1,52,7.2,0.39999999999999997
153,1,53,10.6,0.48989794855663565
154,1,54,5.0,0.0
155,1,55,10.4,2.4979991993593593
156,1,56,12.4,2.939387691339814
157,1,57,7.8,1.32664991614216
158,1,58,10.6,0.48989794855663565
159,1,59,7.4,1.7435595774162693
160,1,60,8.4,1.3564659966250536
161,1,61,7.6,1.3564659966250536
162,1,62,15.0,2.449489742783178
163,1,63,8.0,1.0954451150103321
164,1,64,22.0,6.841052550594828
165,1,65,8.4,2.244994432064365
166,1,66,18.8,6.584831053261731
167,1,67,6.6,0.8
168,1,68,6.4,0.7999999999999999
169,1,69,10.2,2.039607805437114
170,1,70,5.2,0.39999999999999997
171,1,71,7.0,1.0954451150103321
172,1,72,10.4,1.0198039027185568
173,1,73,12.8,4.66476151587624
174,1,74,6.2,0.39999999999999997
175,1,75,8.6,1.3564659966250536
176,1,76,16.8,4.791659420284375
177,1,77,20.6,4.758150901348127
178,1,78,8.2,1.1661903789690602
179,1,79,15.0,1.4142135623730951
180,1,80,7.0,0.0
181,1,81,11.8,3.3105890714493698
182,1,82,8.8,3.655133376499413
183,1,83,15.2,4.166533331199932
184,1,84,13.0,3.03315017762062
185,1,85,5.2,0.39999999999999997
186,1,86,16.0,6.6932802122726045
187,1,87,11.4,3.3823069050575527
188,1,88,16.2,7.4404300950953095
189,1,89,14.4,1.8547236990991407
190,1,90,6.8,0.7483314773547882
191,1,91,8.4,1.3564659966250536
192,1,92,16.2,1.4696938456699067
193,1,93,8.4,0.7999999999999999
194,1,94,6.0,0.0
195,1,95,5.6,0.7999999999999999
196,1,96,6.0,1.0954451150103321
197,1,97,22.2,4.354308211415448
198,1,98,7.2,0.7483314773547882
199,1,99,13.0,2.1908902300206643
200,2,0,8.2,0.7483314773547882
201,2,1,48.4,20.32338554473639
202,2,2,8.4,1.3564659966250536
203,2,3,12.4,5.571355310873648
204,2,4,7.4,0.7999999999999999
205,2,5,8.4,1.3564659966250536
206,2,6,9.0,1.6733200530681511
207,2,7,9.6,2.939387691339814
208,2,8,15.0,5.585696017507576
209,2,9,10.2,2.9257477676655586
210,2,10,5.0,0.0
211,2,11,9.8,0.7483314773547883
212,2,12,8.6,0.8
213,2,13,10.4,3.006659275674582
214,2,14,6.0,0.0
215,2,15,28.0,6.418722614352485
216,2,16,7.0,0.0
217,2,17,8.6,1.2
218,2,18,7.0,0.0
219,2,19,7.0,1.0954451150103321
220,2,20,7.6,0.48989794855663565
221,2,21,7.4,0.48989794855663565
222,2,22,9.6,1.2
223,2,23,7.8,2.925747767665559
224,2,24,10.2,0.39999999999999997
225,2,25,5.0,0.0
226,2,26,7.8,1.8330302779823362
227,2,27,7.2,2.4000000000000004
228,2,28,10.2,3.6
229,2,29,9.4,1.019803902718557
230,2,30,9.0,1.6733200530681511
231,2,31,10.2,1.9390719429665317
232,2,32,7.4,0.48989794855663565
233,2,33,6.4,0.48989794855663565
234,2,34,17.0,3.286335345030997
235,2,35,7.2,0.39999999999999997
236,2,36,8.0,1.6733200530681511
237,2,37,12.6,3.0724582991474434
238,2,38,6.4,0.7999999999999999
239,2,39,14.4,4.409081537009721
240,2,40,17.8,1.9390719429665317
241,2,41,7.6,2.0591260281974
242,2,42,8.6,3.2
243,2,43,5.8,1.16619037896906
244,2,44,9.0,1.7888543819998317
245,2,45,7.2,1.16619037896906
246,2,46,5.0,0.0
247,2,47,6.0,0.0
248,2,48,10.0,1.4142135623730951
249,2,49,9.0,2.280350850198276
250,2,50,7.4,1.3564659966250536
251,2,51,12.4,5.499090833947008
252,2,52,7.2,0.39999999999999997
253,2,53,10.6,1.624807680927192
254,2,54,5.0,0.0
255,2,55,10.4,2.4979991993593593
256,2,56,12.4,2.939387691339814
257,2,57,7.8,1.32664991614216
258,2,58,10.6,0.48989794855663565
259,2,59,7.4,1.7435595774162693
260,2,60,8.4,1.3564659966250536
261,2,61,7.6,1.3564659966250536
262,2,62,15.0,2.449489742783178
263,2,63,8.0,1.0954451150103321
264,2,64,21.6,3.5552777669262356
265,2,65,8.4,2.244994432064365
266,2,66,18.8,6.584831053261731
267,2,67,6.6,0.8
268,2,68,6.4,0.7999999999999999
269,2,69,10.2,2.039607805437114
270,2,70,5.2,0.39999999999999997
271,2,71,7.0,1.0954451150103321
272,2,72,12.2,2.227105745132009
273,2,73,11.0,1.4142135623730951
274,2,74,6.2,0.39999999999999997
275,2,75,8.6,1.3564659966250536
276,2,76,16.8,4.791659420284375
277,2,77,20.6,4.758150901348127
278,2,78,8.2,1.1661903789690602
279,2,79,18.8,2.2271057451320084
280,2,80,7.0,0.0
281,2,81,11.8,3.3105890714493698
282,2,82,8.8,3.655133376499413
283,2,83,15.2,4.166533331199932
284,2,84,13.0,3.03315017762062
285,2,85,5.2,0.39999999999999997
286,2,86,16.0,6.6932802122726045
287,2,87,11.4,3.3823069050575527
288,2,88,13.8,1.9390719429665315
289,2,89,18.6,7.4993333037010705
290,2,90,6.8,0.7483314773547882
291,2,91,7.4,0.48989794855663565
292,2,92,16.2,1.7204650534085253
293,2,93,8.4,0.7999999999999999
294,2,94,7.4,1.7435595774162693
295,2,95,6.8,1.6
296,2,96,6.0,1.0954451150103321
297,2,97,19.4,3.6110940170535577
298,2,98,7.2,0.7483314773547882
299,2,99,13.0,2.1908902300206643
300,4,0,7.0,0.0
301,4,1,28.2,23.198275797998434
302,4,2,6.0,0.0
303,4,3,13.4,6.086049621881176
304,4,4,6.0,0.0
305,4,5,5.2,0.39999999999999997
306,4,6,10.0,0.0
307,4,7,7.4,1.8547236990991407
308,4,8,11.8,4.308131845707604
309,4,9,8.4,1.0198039027185568
310,4,10,6.0,0.0
311,4,11,16.2,2.4
312,4,12,8.0,0.0
313,4,13,6.0,1.2649110640673518
314,4,14,5.2,0.39999999999999997
315,4,15,24.6,3.826225293941798
316,4,16,7.0,0.0
317,4,17,8.4,0.7999999999999999
318,4,18,6.0,0.0
319,4,19,14.4,6.406246951218788
320,4,20,6.0,0.0
321,4,21,12.4,5.6780278266313555
322,4,22,6.0,0.0
323,4,23,12.8,5.114684741017769
324,4,24,9.0,2.0
325,4,25,5.0,0.0
326,4,26,8.8,2.315167380558045
327,4,27,7.2,0.7483314773547882
328,4,28,13.4,3.6110940170535577
329,4,29,8.0,0.0
330,4,30,23.6,3.1368774282716245
331,4,31,9.0,1.4142135623730951
332,4,32,6.0,0.0
333,4,33,11.2,4.955804677345547
334,4,34,16.4,2.939387691339814
335,4,35,7.0,0.0
336,4,36,5.2,0.39999999999999997
337,4,37,12.4,7.337574531137657
338,4,38,5.0,0.0
339,4,39,7.2,0.39999999999999997
340,4,40,19.8,3.7629775444453557
341,4,41,10.0,2.8284271247461903
342,4,42,7.0,1.4142135623730951
343,4,43,7.0,1.4142135623730951
344,4,44,8.4,2.0591260281974
345,4,45,10.8,1.7204650534085253
346,4,46,11.0,0.0
347,4,47,7.0,0.0
348,4,48,5.0,0.0
349,4,49,6.0,0.0
350,4,50,5.0,0.0
351,4,51,9.0,1.8973665961010275
352,4,52,6.2,0.39999999999999997
353,4,53,7.4,0.48989794855663565
354,4,54,6.0,0.0
355,4,55,10.0,1.5491933384829668
356,4,56,11.2,4.1182520563948
357,4,57,20.6,5.817215828899594
358,4,58,11.0,0.6324555320336759
359,4,59,6.0,0.0
360,4,60,22.0,8.67179335547152
361,4,61,7.0,1.2649110640673518
362,4,62,13.8,2.993325909419153
363,4,63,11.6,2.65329983228432
364,4,64,9.6,2.8000000000000003
365,4,65,13.6,2.0591260281974
366,4,66,9.8,2.039607805437114
367,4,67,10.2,1.9390719429665315
368,4,68,7.2,1.16619037896906
369,4,69,6.0,0.0
370,4,70,6.0,0.0
371,4,71,11.4,3.006659275674582
372,4,72,9.2,0.39999999999999997
373,4,73,8.8,2.993325909419153
374,4,74,5.0,0.0
375,4,75,6.0,0.0
376,4,76,8.6,1.4966629547095764
377,4,77,29.6,12.626955294131678
378,4,78,10.2,3.1240998703626617
379,4,79,10.0,3.1622776601683795
380,4,80,7.0,0.0
381,4,81,7.8,1.469693845669907
382,4,82,15.8,2.9257477676655586
383,4,83,5.6,0.4898979485566356
384,4,84,6.0,0.0
385,4,85,5.2,0.39999999999999997
386,4,86,9.2,3.6
387,4,87,8.0,2.9664793948382653
388,4,88,10.8,5.455272678794342
389,4,89,6.8,1.469693845669907
390,4,90,6.0,0.0
391,4,91,6.0,0.0
392,4,92,11.0,0.0
393,4,93,6.0,0.0
394,4,94,5.0,0.0
395,4,95,6.0,0.0
396,4,96,5.0,0.0
397,4,97,23.4,10.518555033843764
398,4,98,6.0,0.0
399,4,99,12.0,4.147288270665544
