,Replay type,Individual,Mean,STD
0,0,0,65.2,20.478281177872326
1,0,1,70.0,31.11269837220809
2,0,2,131.8,141.03673280390467
3,0,3,33.0,15.165750888103101
4,0,4,101.4,91.56986403833959
5,0,5,63.6,41.01511916354749
6,0,6,61.4,38.979994869163335
7,0,7,36.8,14.985326155943353
8,0,8,81.0,58.89991511029536
9,0,9,19.2,12.921300244170475
10,0,10,112.0,87.13667425372626
11,0,11,157.4,110.33331319234459
12,0,12,67.4,33.32026410459557
13,0,13,55.2,39.57473941796711
14,0,14,86.6,88.53383533994221
15,0,15,54.2,28.22339455132922
16,0,16,83.6,69.77277405980071
17,0,17,84.0,36.81847362398393
18,0,18,69.2,44.78124607466835
19,0,19,81.6,62.682054848257806
20,0,20,101.6,89.69414696623186
21,0,21,29.2,9.303762679690406
22,0,22,46.0,42.51587938641279
23,0,23,86.0,64.94613152451807
24,0,24,43.8,14.702380759591284
25,0,25,138.2,66.65553240354473
26,0,26,80.0,47.54787061478148
27,0,27,28.4,14.540976583434826
28,0,28,72.2,47.48641911115219
29,0,29,128.4,81.81589087701728
30,0,30,63.4,59.34509246770114
31,0,31,68.4,44.73298559228972
32,0,32,109.6,114.03613462407431
33,0,33,80.6,56.87741203676553
34,0,34,29.6,14.63693957082559
35,0,35,83.8,31.396815125104645
36,0,36,113.8,62.345489010833816
37,0,37,48.6,31.765389970847203
38,0,38,78.8,92.59892008009598
39,0,39,123.4,116.9830756990087
40,0,40,54.8,37.84917436351815
41,0,41,87.8,43.28232895767047
42,0,42,103.2,89.44808550215036
43,0,43,38.2,15.904716281656833
44,0,44,77.2,58.14946259424931
45,0,45,60.6,14.178857499812882
46,0,46,104.4,61.069141143461316
47,0,47,55.2,31.005805907926344
48,0,48,75.8,97.05132662668758
49,0,49,85.6,74.70100400931703
50,0,50,88.4,67.72178379221859
51,0,51,128.2,108.8933423125583
52,0,52,146.2,99.11488283804809
53,0,53,93.2,79.74559548965699
54,0,54,88.4,66.17129286934025
55,0,55,107.4,45.41189271545505
56,0,56,45.6,16.930445948054647
57,0,57,46.8,8.749857141690944
58,0,58,106.4,104.58604113360444
59,0,59,93.6,116.22323347764852
60,0,60,78.6,60.12187621822858
61,0,61,86.0,59.37002610745594
62,0,62,63.6,77.93997690530837
63,0,63,67.2,37.12357741382153
64,0,64,71.6,64.04248589803491
65,0,65,147.0,78.5264286721356
66,0,66,63.2,37.822744480008325
67,0,67,53.2,20.33125672456083
68,0,68,36.0,11.593101396951552
69,0,69,62.6,33.672540741678525
70,0,70,72.4,95.8740840894973
71,0,71,47.4,13.95134402127623
72,0,72,39.0,19.110206696946005
73,0,73,104.2,69.96970773127468
74,0,74,72.8,31.435012327021603
75,0,75,40.2,22.551274908527898
76,0,76,92.2,54.718918117959895
77,0,77,77.6,29.411562352245078
78,0,78,77.8,43.46676891603516
79,0,79,44.4,9.350935782048767
80,0,80,37.6,28.827764394763598
81,0,81,70.6,53.06448906754874
82,0,82,59.2,21.451340284467076
83,0,83,89.8,79.9234633884193
84,0,84,96.0,114.63681782045418
85,0,85,58.4,53.9874059387928
86,0,86,50.4,15.982490419205638
87,0,87,66.4,17.442476888332113
88,0,88,91.2,62.46086774933567
89,0,89,90.4,79.51251473824733
90,0,90,73.6,30.486718419665966
91,0,91,50.2,12.734205903785284
92,0,92,38.8,15.27612516314265
93,0,93,107.4,104.4808116354386
94,0,94,135.6,137.18833769675905
95,0,95,57.2,35.02798880895105
96,0,96,68.6,25.413382301456842
97,0,97,107.2,65.43821513458326
98,0,98,79.0,75.82347921323579
99,0,99,88.2,61.84626100258608
100,1,0,25.2,28.930260973589576
101,1,1,21.0,22.538855339169288
102,1,2,25.8,37.118189611024945
103,1,3,32.8,12.172099243762352
104,1,4,62.4,105.31020843204138
105,1,5,27.6,10.190191362285598
106,1,6,33.0,46.039113805545824
107,1,7,23.6,17.783138080777533
108,1,8,19.2,17.255723688098392
109,1,9,11.4,3.006659275674582
110,1,10,48.6,51.53096156680952
111,1,11,33.6,38.46348918130023
112,1,12,23.8,14.09113196304683
113,1,13,22.8,21.22639865827456
114,1,14,62.2,92.00086956110796
115,1,15,24.0,15.006665185843255
116,1,16,26.8,13.760813929415658
117,1,17,30.4,40.824502446447525
118,1,18,37.8,44.968433372756046
119,1,19,48.4,69.85298848295612
120,1,20,41.6,54.72695862187118
121,1,21,17.4,13.807244475274565
122,1,22,43.0,43.56145084819834
123,1,23,48.4,62.32367126541888
124,1,24,15.4,8.5463442476886
125,1,25,44.2,60.426484259801185
126,1,26,10.4,6.829348431585549
127,1,27,19.2,10.628264204469138
128,1,28,16.8,6.764613810115105
129,1,29,35.2,21.535087647836498
130,1,30,13.8,2.7129319932501073
131,1,31,33.6,48.722068921588296
132,1,32,73.2,131.40076103280376
133,1,33,25.2,21.292252111977255
134,1,34,14.4,10.892199043352083
135,1,35,36.4,44.85353943670444
136,1,36,53.8,78.69790340282262
137,1,37,12.8,8.084553172563094
138,1,38,63.8,97.63892666349828
139,1,39,80.4,121.33688639486346
140,1,40,11.4,1.7435595774162693
141,1,41,26.0,29.099828178186893
142,1,42,30.4,37.83437590340298
143,1,43,14.4,7.059745037889116
144,1,44,16.0,6.164414002968976
145,1,45,19.2,17.520273970460618
146,1,46,46.6,51.46882551603447
147,1,47,37.0,29.966648127543394
148,1,48,63.8,102.73538825545945
149,1,49,44.4,60.12187621822858
150,1,50,51.6,57.829404285363346
151,1,51,33.8,29.355749011054037
152,1,52,59.6,96.20519736479937
153,1,53,19.6,10.287856919689348
154,1,54,46.0,66.51315659326356
155,1,55,29.4,39.33242936814353
156,1,56,18.0,8.809086218218097
157,1,57,20.0,11.899579824514813
158,1,58,19.4,11.377170122662314
159,1,59,75.0,125.00719979265195
160,1,60,18.2,5.741080037762929
161,1,61,16.6,17.22324011328879
162,1,62,21.4,15.666524822052912
163,1,63,12.4,9.329523031752482
164,1,64,26.4,18.488915598271305
165,1,65,17.0,7.771743691090179
166,1,66,17.2,19.487431847218865
167,1,67,29.8,26.55861442169
168,1,68,10.8,3.7629775444453557
169,1,69,29.0,40.044974715936576
170,1,70,68.2,97.4461902795589
171,1,71,18.8,17.22091751330341
172,1,72,30.4,23.66938951472978
173,1,73,16.4,7.914543574963751
174,1,74,30.8,47.6084026197057
175,1,75,24.4,25.585933635495895
176,1,76,30.2,45.43742950475961
177,1,77,23.0,11.882760622010357
178,1,78,41.2,53.98296027451625
179,1,79,16.2,10.107423014794621
180,1,80,19.0,9.612491872558333
181,1,81,45.8,63.13921127160205
182,1,82,20.8,14.824304368165137
183,1,83,56.0,79.66680613655853
184,1,84,72.6,121.2049503939505
185,1,85,44.0,58.50470066584394
186,1,86,18.8,15.651198037211081
187,1,87,30.2,22.426769718352215
188,1,88,49.8,60.393377120343246
189,1,89,43.2,67.91877501839974
190,1,90,28.8,34.10806356274129
191,1,91,25.0,13.957077057894322
192,1,92,18.8,11.9565881421081
193,1,93,69.6,120.70227835463588
194,1,94,88.4,153.30570765630353
195,1,95,37.2,36.23478991245844
196,1,96,31.8,34.28352373954579
197,1,97,31.6,44.224879875472816
198,1,98,59.6,84.89428720473481
199,1,99,28.0,29.664793948382652
200,2,0,25.2,28.930260973589576
201,2,1,21.0,22.538855339169288
202,2,2,25.8,37.118189611024945
203,2,3,32.8,12.172099243762352
204,2,4,62.4,105.31020843204138
205,2,5,27.6,10.190191362285598
206,2,6,33.0,46.039113805545824
207,2,7,23.6,17.783138080777533
208,2,8,19.2,17.255723688098392
209,2,9,11.4,3.006659275674582
210,2,10,48.6,51.53096156680952
211,2,11,33.6,38.46348918130023
212,2,12,23.8,14.09113196304683
213,2,13,22.8,21.22639865827456
214,2,14,62.2,92.00086956110796
215,2,15,24.0,15.006665185843255
216,2,16,26.8,13.760813929415658
217,2,17,30.4,40.824502446447525
218,2,18,37.8,44.968433372756046
219,2,19,48.4,69.85298848295612
220,2,20,41.6,54.72695862187118
221,2,21,17.4,13.807244475274565
222,2,22,43.0,43.56145084819834
223,2,23,48.4,62.32367126541888
224,2,24,15.4,8.5463442476886
225,2,25,44.2,60.426484259801185
226,2,26,10.4,6.829348431585549
227,2,27,19.2,10.628264204469138
228,2,28,16.8,6.764613810115105
229,2,29,35.2,21.535087647836498
230,2,30,13.8,2.7129319932501073
231,2,31,33.6,48.722068921588296
232,2,32,73.2,131.40076103280376
233,2,33,25.2,21.292252111977255
234,2,34,14.4,10.892199043352083
235,2,35,36.4,44.85353943670444
236,2,36,53.8,78.69790340282262
237,2,37,12.8,8.084553172563094
238,2,38,63.8,97.63892666349828
239,2,39,80.4,121.33688639486346
240,2,40,11.4,1.7435595774162693
241,2,41,26.0,29.099828178186893
242,2,42,30.4,37.83437590340298
243,2,43,14.4,7.059745037889116
244,2,44,16.0,6.164414002968976
245,2,45,19.2,17.520273970460618
246,2,46,46.6,51.46882551603447
247,2,47,37.0,29.966648127543394
248,2,48,63.8,102.73538825545945
249,2,49,44.4,60.12187621822858
250,2,50,51.6,57.829404285363346
251,2,51,33.8,29.355749011054037
252,2,52,59.6,96.20519736479937
253,2,53,19.6,10.287856919689348
254,2,54,46.0,66.51315659326356
255,2,55,29.4,39.33242936814353
256,2,56,18.0,8.809086218218097
257,2,57,20.0,11.899579824514813
258,2,58,19.4,11.377170122662314
259,2,59,75.0,125.00719979265195
260,2,60,18.2,5.741080037762929
261,2,61,16.6,17.22324011328879
262,2,62,21.4,15.666524822052912
263,2,63,12.4,9.329523031752482
264,2,64,26.4,18.488915598271305
265,2,65,17.0,7.771743691090179
266,2,66,17.2,19.487431847218865
267,2,67,29.8,26.55861442169
268,2,68,10.8,3.7629775444453557
269,2,69,29.0,40.044974715936576
270,2,70,68.2,97.4461902795589
271,2,71,18.8,17.22091751330341
272,2,72,30.4,23.66938951472978
273,2,73,16.4,7.914543574963751
274,2,74,30.8,47.6084026197057
275,2,75,24.4,25.585933635495895
276,2,76,30.2,45.43742950475961
277,2,77,23.0,11.882760622010357
278,2,78,41.2,53.98296027451625
279,2,79,16.2,10.107423014794621
280,2,80,19.0,9.612491872558333
281,2,81,45.8,63.13921127160205
282,2,82,20.8,14.824304368165137
283,2,83,56.0,79.66680613655853
284,2,84,72.6,121.2049503939505
285,2,85,44.0,58.50470066584394
286,2,86,18.8,15.651198037211081
287,2,87,30.2,22.426769718352215
288,2,88,49.8,60.393377120343246
289,2,89,43.2,67.91877501839974
290,2,90,28.8,34.10806356274129
291,2,91,25.0,13.957077057894322
292,2,92,18.8,11.9565881421081
293,2,93,69.6,120.70227835463588
294,2,94,88.4,153.30570765630353
295,2,95,37.2,36.23478991245844
296,2,96,31.8,34.28352373954579
297,2,97,31.6,44.224879875472816
298,2,98,59.6,84.89428720473481
299,2,99,28.0,29.664793948382652
300,4,0,25.2,28.930260973589576
301,4,1,21.0,22.538855339169288
302,4,2,27.2,36.4658744581835
303,4,3,32.8,12.172099243762352
304,4,4,64.6,104.21055608718342
305,4,5,31.2,19.456618411224493
306,4,6,33.0,46.039113805545824
307,4,7,23.6,17.783138080777533
308,4,8,19.2,17.255723688098392
309,4,9,11.4,3.006659275674582
310,4,10,38.2,56.410637294751425
311,4,11,33.0,38.54867053479276
312,4,12,23.8,14.09113196304683
313,4,13,22.8,21.22639865827456
314,4,14,60.0,93.03117756967283
315,4,15,24.0,15.006665185843255
316,4,16,26.8,13.760813929415658
317,4,17,33.6,39.22550190883477
318,4,18,33.6,46.74013264850668
319,4,19,47.6,70.3977272360408
320,4,20,42.0,54.70648956019752
321,4,21,17.4,13.807244475274565
322,4,22,33.6,47.7895386041757
323,4,23,48.8,62.16880246554537
324,4,24,15.4,8.5463442476886
325,4,25,47.2,58.97592729241314
326,4,26,10.4,6.829348431585549
327,4,27,19.2,10.628264204469138
328,4,28,16.8,6.764613810115105
329,4,29,35.2,21.535087647836498
330,4,30,13.8,2.7129319932501073
331,4,31,34.2,48.499072156073254
332,4,32,75.2,130.4107357543849
333,4,33,25.2,21.292252111977255
334,4,34,14.4,10.892199043352083
335,4,35,37.8,44.201357445218804
336,4,36,54.2,78.4255060551094
337,4,37,12.8,8.084553172563094
338,4,38,63.0,98.07955954224101
339,4,39,75.6,123.36709447822786
340,4,40,11.4,1.7435595774162693
341,4,41,26.0,29.099828178186893
342,4,42,30.4,37.83437590340298
343,4,43,14.4,7.059745037889116
344,4,44,16.0,6.164414002968976
345,4,45,19.2,17.520273970460618
346,4,46,43.2,53.13529900169942
347,4,47,37.0,29.966648127543394
348,4,48,62.6,103.20775164686033
349,4,49,45.2,59.57650543628755
350,4,50,48.8,60.007999466737765
351,4,51,33.8,29.355749011054037
352,4,52,59.0,96.52771622699876
353,4,53,19.6,10.287856919689348
354,4,54,48.4,65.35625448264305
355,4,55,30.0,39.0281949364815
356,4,56,18.0,8.809086218218097
357,4,57,20.0,11.899579824514813
358,4,58,19.4,11.377170122662314
359,4,59,74.4,125.32773037121514
360,4,60,18.2,5.741080037762929
361,4,61,16.6,17.22324011328879
362,4,62,21.4,15.666524822052912
363,4,63,12.4,9.329523031752482
364,4,64,26.4,18.488915598271305
365,4,65,17.0,7.771743691090179
366,4,66,17.2,19.487431847218865
367,4,67,29.8,26.55861442169
368,4,68,10.8,3.7629775444453557
369,4,69,29.0,40.0349847008838
370,4,70,70.2,96.52440106004286
371,4,71,18.8,17.22091751330341
372,4,72,30.4,23.66938951472978
373,4,73,16.4,7.914543574963751
374,4,74,32.0,47.01063709417264
375,4,75,24.4,25.585933635495895
376,4,76,31.8,44.67392975774573
377,4,77,23.0,11.882760622010357
378,4,78,38.6,55.210868495251916
379,4,79,16.2,10.107423014794621
380,4,80,19.0,9.612491872558333
381,4,81,51.0,60.65311203887234
382,4,82,20.8,14.824304368165137
383,4,83,57.2,79.08071825672805
384,4,84,70.8,122.12354400360316
385,4,85,41.2,59.944641128294364
386,4,86,18.8,15.651198037211081
387,4,87,30.2,22.426769718352215
388,4,88,42.2,63.91369180386938
389,4,89,49.0,65.36971775983127
390,4,90,29.0,34.04702630186666
391,4,91,25.0,13.957077057894322
392,4,92,18.8,11.9565881421081
393,4,93,73.0,119.03612896931755
394,4,94,89.4,152.86935598739205
395,4,95,37.2,36.223749115738975
396,4,96,31.8,34.33016166580053
397,4,97,31.4,44.31974729169831
398,4,98,54.8,87.15136258257813
399,4,99,28.0,29.664793948382652
