,Replay type,Individual,Mean,STD
0,0,0,11.0,2.5298221281347035
1,0,1,26.0,5.253570214625479
2,0,2,9.8,2.6381811916545836
3,0,3,11.4,3.32264954516723
4,0,4,12.8,4.749736834815167
5,0,5,18.0,10.658330075579382
6,0,6,19.6,12.338557452149743
7,0,7,12.6,4.409081537009721
8,0,8,7.4,1.2
9,0,9,11.6,8.2365041127896
10,0,10,11.8,1.469693845669907
11,0,11,9.8,2.2271057451320084
12,0,12,19.0,7.615773105863909
13,0,13,21.6,8.114185110040317
14,0,14,9.0,1.4142135623730951
15,0,15,26.8,20.6920274502041
16,0,16,13.4,3.6110940170535577
17,0,17,8.4,1.3564659966250536
18,0,18,8.6,1.0198039027185568
19,0,19,8.4,2.33238075793812
20,0,20,6.4,0.48989794855663565
21,0,21,35.8,7.626270385975047
22,0,22,9.6,2.4166091947189146
23,0,23,15.2,9.495261976375375
24,0,24,12.8,4.354308211415448
25,0,25,17.0,11.966620241321273
26,0,26,9.8,1.7204650534085253
27,0,27,13.8,3.1874754901018454
28,0,28,21.8,4.48998886412873
29,0,29,12.6,4.127953488110059
30,0,30,10.2,1.7204650534085253
31,0,31,12.0,1.5491933384829668
32,0,32,20.8,13.013838787997953
33,0,33,13.6,4.841487374764082
34,0,34,12.4,3.9293765408777004
35,0,35,14.2,3.9698866482558417
36,0,36,9.8,4.118252056394801
37,0,37,15.2,4.166533331199932
38,0,38,9.6,1.7435595774162693
39,0,39,12.6,2.9393876913398134
40,0,40,22.4,11.60344776348823
41,0,41,43.2,20.360746548199064
42,0,42,24.0,14.491376746189438
43,0,43,18.8,3.1874754901018454
44,0,44,11.6,3.4985711369071804
45,0,45,16.8,3.3105890714493698
46,0,46,13.4,3.3823069050575527
47,0,47,16.6,5.851495535331118
48,0,48,17.2,8.23164625090267
49,0,49,10.4,3.006659275674582
50,0,50,9.8,2.1354156504062622
51,0,51,9.8,1.1661903789690602
52,0,52,22.2,9.703607576566563
53,0,53,12.2,3.867815921162743
54,0,54,17.6,7.914543574963751
55,0,55,22.8,13.78985134075056
56,0,56,8.6,0.8
57,0,57,11.0,2.756809750418044
58,0,58,10.8,3.249615361854384
59,0,59,11.0,4.604345773288535
60,0,60,14.6,5.083306010855534
61,0,61,10.6,4.127953488110059
62,0,62,9.6,2.4166091947189146
63,0,63,11.2,2.0396078054371136
64,0,64,24.8,14.330387294138285
65,0,65,10.2,3.059411708155671
66,0,66,17.0,14.51895313030523
67,0,67,11.8,2.85657137141714
68,0,68,16.2,2.4
69,0,69,15.6,6.711184694225007
70,0,70,11.2,5.912698199637793
71,0,71,11.0,4.516635916254486
72,0,72,8.4,1.0198039027185568
73,0,73,9.2,2.6381811916545836
74,0,74,13.2,1.9390719429665315
75,0,75,20.8,11.754148203932091
76,0,76,11.0,1.4142135623730951
77,0,77,9.0,3.0983866769659336
78,0,78,8.6,0.7999999999999999
79,0,79,26.0,17.064583206161235
80,0,80,10.0,1.4142135623730951
81,0,81,9.2,2.2271057451320084
82,0,82,13.2,1.6
83,0,83,11.6,5.2
84,0,84,10.2,2.0396078054371136
85,0,85,9.0,1.2649110640673518
86,0,86,11.2,5.230678732248808
87,0,87,8.2,2.7856776554368237
88,0,88,18.6,10.209799214480176
89,0,89,16.2,5.706137047074843
90,0,90,8.8,1.7204650534085253
91,0,91,10.0,2.6076809620810595
92,0,92,12.6,3.1368774282716245
93,0,93,14.2,7.95989949685296
94,0,94,9.8,4.214261501141095
95,0,95,12.8,0.9797958971132713
96,0,96,20.0,12.77497553813705
97,0,97,15.6,7.002856560004639
98,0,98,11.8,3.4292856398964493
99,0,99,10.4,2.33238075793812
100,1,0,16.4,5.083306010855534
101,1,1,27.2,9.10823802938856
102,1,2,23.4,13.937001112147476
103,1,3,42.8,18.882796403075474
104,1,4,13.2,2.481934729198171
105,1,5,20.0,7.26636084983398
106,1,6,23.4,26.941417928535238
107,1,7,17.8,6.6452990903344595
108,1,8,8.8,3.7629775444453557
109,1,9,17.2,6.144916598294887
110,1,10,67.0,14.75127113166862
111,1,11,62.0,73.93240155709809
112,1,12,29.2,14.119490075778232
113,1,13,10.8,2.6381811916545836
114,1,14,13.8,6.273754856543249
115,1,15,14.4,2.0591260281974
116,1,16,20.0,4.604345773288535
117,1,17,21.2,6.675327707311455
118,1,18,302.6,277.2858452932641
119,1,19,20.2,10.225458424931373
120,1,20,16.2,7.678541528180988
121,1,21,12.6,3.2
122,1,22,14.2,2.6381811916545836
123,1,23,23.6,6.651315659326356
124,1,24,8.0,1.2649110640673518
125,1,25,23.8,14.161920773680384
126,1,26,20.4,21.87784267243916
127,1,27,18.0,5.403702434442518
128,1,28,19.2,10.007996802557443
129,1,29,40.4,24.662522174343806
130,1,30,14.2,3.3105890714493698
131,1,31,14.6,7.964923100695951
132,1,32,24.4,12.862348152650823
133,1,33,23.6,11.534296684236972
134,1,34,14.6,6.829348431585549
135,1,35,28.8,19.548913013259842
136,1,36,40.0,13.841965178398622
137,1,37,15.6,6.216108107168021
138,1,38,25.4,12.642784503423286
139,1,39,11.0,2.449489742783178
140,1,40,25.8,12.812493902437573
141,1,41,66.2,63.697409680457184
142,1,42,15.6,4.498888751680798
143,1,43,38.6,34.179526035332906
144,1,44,18.4,5.499090833947008
145,1,45,19.8,9.682974749528164
146,1,46,17.4,8.114185110040317
147,1,47,17.2,5.979966555090422
148,1,48,30.6,23.703164345715532
149,1,49,13.0,3.847076812334269
150,1,50,31.8,17.893015397076034
151,1,51,32.0,6.06630035524124
152,1,52,13.2,5.912698199637793
153,1,53,29.4,10.326664514740468
154,1,54,35.6,15.370100845472681
155,1,55,14.6,3.6110940170535577
156,1,56,19.4,4.2708313008125245
157,1,57,15.2,2.481934729198171
158,1,58,22.6,7.227724399837061
159,1,59,20.6,12.09297316626478
160,1,60,15.8,3.919183588453085
161,1,61,28.8,13.847743498491008
162,1,62,20.6,11.926441212700459
163,1,63,15.8,2.9257477676655586
164,1,64,29.6,11.359577456930342
165,1,65,19.0,5.830951894845301
166,1,66,15.2,5.844655678480984
167,1,67,42.4,13.093509842666327
168,1,68,18.2,9.19565114605812
169,1,69,37.4,16.596385148579795
170,1,70,16.2,2.85657137141714
171,1,71,15.8,4.621688003316537
172,1,72,35.8,24.530796970339143
173,1,73,20.8,12.592060990957757
174,1,74,17.8,10.684568311354464
175,1,75,31.4,5.885575587824865
176,1,76,19.8,11.923086848631105
177,1,77,12.2,1.8330302779823362
178,1,78,17.2,6.11228271597445
179,1,79,12.2,3.4871191548325386
180,1,80,35.0,10.059821071967434
181,1,81,78.6,79.0205036683518
182,1,82,54.0,31.074104975043127
183,1,83,36.2,15.223665787188054
184,1,84,25.8,12.6237870704476
185,1,85,33.6,16.632498309033434
186,1,86,45.8,24.416387939250967
187,1,87,64.0,41.34247210799084
188,1,88,39.8,15.979987484350543
189,1,89,23.6,5.314132102234569
190,1,90,19.2,6.337191807101944
191,1,91,16.2,3.867815921162743
192,1,92,16.4,6.887670143089026
193,1,93,18.4,6.280127387243033
194,1,94,22.4,20.567936211491908
195,1,95,16.0,2.756809750418044
196,1,96,36.8,25.43540839066674
197,1,97,18.0,4.427188724235731
198,1,98,27.2,22.012723593412968
199,1,99,39.2,18.093092604637828
200,2,0,29.2,13.991425945914163
201,2,1,27.8,10.303397497913005
202,2,2,19.0,17.652195330892983
203,2,3,33.8,10.322790320451153
204,2,4,10.2,1.4696938456699067
205,2,5,45.8,23.335809392433767
206,2,6,9.8,7.110555533852471
207,2,7,28.4,10.031948963187562
208,2,8,7.4,1.3564659966250536
209,2,9,19.0,5.366563145999495
210,2,10,34.8,33.8549848619077
211,2,11,22.4,5.535341001239218
212,2,12,155.6,164.57168650773437
213,2,13,17.0,7.974960814950754
214,2,14,13.4,3.9293765408777004
215,2,15,14.4,6.916646586316233
216,2,16,16.6,5.953150426454887
217,2,17,100.4,76.56787838251756
218,2,18,88.8,134.84420640131336
219,2,19,29.8,12.812493902437575
220,2,20,14.4,5.043808085167396
221,2,21,21.0,8.366600265340756
222,2,22,11.6,2.4979991993593593
223,2,23,35.6,25.67956385922471
224,2,24,13.4,7.059745037889116
225,2,25,53.6,30.236401902342813
226,2,26,57.6,29.72271858360201
227,2,27,29.4,12.483589227461788
228,2,28,15.8,7.0823724838503095
229,2,29,19.2,7.4404300950953095
230,2,30,11.6,2.939387691339814
231,2,31,44.2,26.63381309538685
232,2,32,22.6,3.7735924528226414
233,2,33,13.6,5.122499389946279
234,2,34,14.0,4.381780460041329
235,2,35,42.6,33.44607600302313
236,2,36,33.4,16.65653025092561
237,2,37,19.8,5.418486873657627
238,2,38,21.0,5.138093031466052
239,2,39,21.6,12.142487389328432
240,2,40,26.6,13.92264342716569
241,2,41,28.4,22.204504047602594
242,2,42,20.8,15.354478174135387
243,2,43,17.0,6.723094525588644
244,2,44,13.2,2.9257477676655586
245,2,45,31.6,24.87247474619283
246,2,46,29.2,10.85172797300043
247,2,47,27.0,14.75127113166862
248,2,48,21.2,7.782030583337487
249,2,49,18.0,6.6332495807108
250,2,50,7.4,1.7435595774162693
251,2,51,99.6,108.81286688622812
252,2,52,18.8,3.249615361854384
253,2,53,108.0,91.14603666643987
254,2,54,59.8,32.633724886993825
255,2,55,28.2,12.734205903785284
256,2,56,64.8,22.93817778290159
257,2,57,17.2,6.493073232299171
258,2,58,26.4,7.525955088890711
259,2,59,263.0,310.7378316201618
260,2,60,46.4,24.071559982684963
261,2,61,23.6,19.845402490249473
262,2,62,13.4,4.454211490264018
263,2,63,40.0,32.97878105691598
264,2,64,330.0,314.67379935418836
265,2,65,30.4,6.590902821313632
266,2,66,22.6,10.762899237658969
267,2,67,27.0,7.211102550927978
268,2,68,10.4,1.3564659966250536
269,2,69,28.0,14.926486525636232
270,2,70,16.0,2.8284271247461903
271,2,71,16.2,7.678541528180987
272,2,72,13.8,3.54400902933387
273,2,73,102.8,108.38339356192903
274,2,74,41.0,20.43526363911168
275,2,75,24.0,9.121403400793104
276,2,76,15.2,5.775811631277461
277,2,77,25.6,15.054567413247051
278,2,78,35.2,20.595145058969603
279,2,79,16.8,9.26066952223218
280,2,80,29.0,22.80350850198276
281,2,81,22.0,11.260550608207398
282,2,82,22.8,9.765244492586962
283,2,83,19.2,10.92520022699813
284,2,84,61.0,51.048996072400875
285,2,85,23.6,13.705473359209451
286,2,86,50.0,15.244671200127604
287,2,87,38.6,23.346091750012462
288,2,88,13.8,6.241794613730893
289,2,89,45.0,51.33030294085551
290,2,90,14.8,4.166533331199932
291,2,91,14.0,2.6832815729997477
292,2,92,14.4,3.1368774282716245
293,2,93,38.2,30.38025674677553
294,2,94,17.2,11.01635148313633
295,2,95,20.2,13.658696863171098
296,2,96,25.2,8.352245207128439
297,2,97,19.4,3.4985711369071804
298,2,98,115.2,74.61474385133275
299,2,99,60.8,64.18535658543934
300,4,0,14.2,4.995998398718719
301,4,1,18.4,2.4979991993593593
302,4,2,13.2,2.2271057451320084
303,4,3,133.2,143.72111883783816
304,4,4,14.4,4.6303347611160905
305,4,5,18.6,8.2365041127896
306,4,6,19.2,9.620810776644555
307,4,7,1260.2,860.7118914015305
308,4,8,433.0,412.1456053386958
309,4,9,17.8,1.7204650534085253
310,4,10,24.4,14.093970341958295
311,4,11,256.4,281.2704037043357
312,4,12,104.4,170.01717560293727
313,4,13,17.8,16.21604144049959
314,4,14,14.6,2.939387691339814
315,4,15,13.8,2.5612496949731396
316,4,16,67.2,35.323646470884064
317,4,17,92.4,109.88830693026442
318,4,18,21.8,16.60602300371766
319,4,19,18.8,6.493073232299171
320,4,20,16.6,5.122499389946279
321,4,21,14.8,3.6
322,4,22,14.2,2.993325909419153
323,4,23,27.2,7.30479294709987
324,4,24,10.2,2.3151673805580453
325,4,25,13.6,2.244994432064365
326,4,26,13.6,4.17612260356422
327,4,27,14.8,5.2687759489277965
328,4,28,17.2,4.621688003316537
329,4,29,135.8,254.1026564205892
330,4,30,30.0,13.682105101189656
331,4,31,287.4,356.68170684799634
332,4,32,301.8,568.7018199373025
333,4,33,19.0,3.794733192202055
334,4,34,16.6,7.002856560004639
335,4,35,20.2,7.884161337770809
336,4,36,27.4,6.651315659326356
337,4,37,14.4,1.2
338,4,38,227.8,297.6362881101698
339,4,39,1481.6,1321.0484623964408
340,4,40,13.4,5.351635264103861
341,4,41,35.2,18.540765895722863
342,4,42,37.2,7.493997598078078
343,4,43,16.0,11.40175425099138
344,4,44,17.6,5.238320341483518
345,4,45,37.2,12.023310692151309
346,4,46,17.4,4.8
347,4,47,356.2,682.9027456380593
348,4,48,19.4,4.8
349,4,49,14.0,3.03315017762062
350,4,50,26.6,17.21162397916013
351,4,51,20.8,10.703270528207721
352,4,52,1263.2,983.7657038136672
353,4,53,267.6,503.7057077302182
354,4,54,325.4,397.97768781679207
355,4,55,16.2,1.1661903789690602
356,4,56,133.4,148.44338988314706
357,4,57,19.8,6.675327707311455
358,4,58,16.6,3.3823069050575527
359,4,59,19.4,4.715930449020639
360,4,60,161.2,188.70760451025816
361,4,61,27.4,14.499655168313488
362,4,62,88.2,101.64133017626246
363,4,63,843.4,968.8109413089842
364,4,64,40.0,22.235107375499673
365,4,65,15.4,5.083306010855534
366,4,66,36.6,15.982490419205636
367,4,67,21.6,11.11035552986492
368,4,68,12.0,2.280350850198276
369,4,69,130.6,88.52705801053145
370,4,70,50.8,49.17885724577179
371,4,71,25.2,17.87064632295094
372,4,72,9.6,2.33238075793812
373,4,73,98.4,79.73104790481561
374,4,74,19.6,1.7435595774162693
375,4,75,53.0,60.96556405053594
376,4,76,13.8,4.534313619501853
377,4,77,10.4,4.317406628984581
378,4,78,13.6,2.8000000000000003
379,4,79,20.6,13.979985693841035
380,4,80,48.6,22.204504047602597
381,4,81,88.8,135.92851062231205
382,4,82,38.6,33.25417267050858
383,4,83,20.4,11.394735626595292
384,4,84,17.4,9.687104830649869
385,4,85,29.8,16.15425640504694
386,4,86,39.8,18.882796403075474
387,4,87,1143.6,1209.3354538753917
388,4,88,23.4,9.707728879609277
389,4,89,11.2,3.3105890714493698
390,4,90,15.6,5.462600113499065
391,4,91,20.0,8.148619514985345
392,4,92,17.2,3.54400902933387
393,4,93,29.8,17.13942822850284
394,4,94,911.6,1663.2893434396794
395,4,95,20.8,5.418486873657627
396,4,96,15.8,4.069397989875161
397,4,97,23.8,8.930845424706442
398,4,98,23.0,12.37739875741264
399,4,99,24.6,10.594338110519223
