,Replay type,Individual,Mean,STD
0,0,0,314.0,158.5080439599202
1,0,1,128.6,229.77693530900788
2,0,2,250.6,332.1575529774989
3,0,3,200.4,254.32467438296268
4,0,4,168.2,166.7517915945733
5,0,5,334.4,621.0090498535427
6,0,6,318.6,462.7403591648345
7,0,7,71.8,108.1968576253488
8,0,8,345.4,479.4470147993415
9,0,9,98.6,138.4046242002051
10,0,10,109.2,113.03344637760985
11,0,11,121.6,174.94753499263712
12,0,12,242.4,380.7642840393516
13,0,13,366.6,495.2428091350747
14,0,14,449.2,374.78388439205867
15,0,15,127.8,116.69344454595554
16,0,16,306.0,361.39230761044155
17,0,17,39.4,52.97018029042378
18,0,18,248.0,274.73114129999897
19,0,19,192.8,238.16414507645771
20,0,20,229.4,350.2899370521511
21,0,21,251.8,226.00123893465715
22,0,22,135.8,230.31751995886026
23,0,23,198.0,200.15294152222694
24,0,24,284.2,434.5845832516381
25,0,25,310.2,541.4958540930853
26,0,26,382.8,602.2954092469907
27,0,27,535.2,959.7319209029155
28,0,28,367.6,590.1378144128709
29,0,29,276.6,431.5871175093158
30,0,30,416.8,687.4789887698387
31,0,31,240.0,391.8229191867163
32,0,32,182.0,258.21773757819193
33,0,33,174.6,147.05862776457556
34,0,34,288.0,216.29331936053873
35,0,35,244.4,338.6919544364761
36,0,36,290.0,445.6397648325382
37,0,37,123.0,188.65312083291917
38,0,38,180.2,151.12696648844639
39,0,39,71.8,57.794117347702446
40,0,40,76.2,101.09085022889064
41,0,41,92.8,62.79936305409475
42,0,42,234.0,260.84861510078986
43,0,43,99.8,172.1399430695851
44,0,44,55.4,90.32076173283748
45,0,45,112.8,137.0115323613308
46,0,46,253.8,455.8870035436413
47,0,47,273.4,329.8688224127888
48,0,48,75.4,113.6654740895405
49,0,49,188.6,124.98895951243054
50,0,50,122.2,125.8576974205392
51,0,51,200.8,326.33933259722164
52,0,52,25.4,16.25546062097288
53,0,53,219.8,359.303437222635
54,0,54,85.8,57.78027345037405
55,0,55,62.8,101.13238848163331
56,0,56,792.0,1402.1952788395774
57,0,57,399.0,670.872566140545
58,0,58,351.0,310.82149217838844
59,0,59,408.8,655.9385337057124
60,0,60,148.0,262.02060987639885
61,0,61,173.8,268.64057772421506
62,0,62,368.4,585.9264800297046
63,0,63,168.4,67.05102534637334
64,0,64,214.4,268.761306738898
65,0,65,353.6,398.01939651228054
66,0,66,97.0,91.07359661284933
67,0,67,90.0,123.9645110505422
68,0,68,362.4,521.5532954550282
69,0,69,178.2,303.6191034832953
70,0,70,144.0,177.41815014253757
71,0,71,432.4,586.624445450409
72,0,72,152.4,202.31223393556803
73,0,73,325.0,236.50369975964435
74,0,74,138.2,112.42312929286393
75,0,75,113.8,127.33169283410943
76,0,76,509.0,510.05646746218207
77,0,77,186.0,302.8947011751774
78,0,78,123.2,195.24179880343246
79,0,79,189.6,218.75337711678876
80,0,80,114.2,112.15239631858074
81,0,81,254.4,146.42759302809014
82,0,82,119.8,82.91055421356198
83,0,83,84.2,116.58370383548466
84,0,84,331.2,457.2305326637756
85,0,85,291.4,208.81053613263867
86,0,86,402.4,371.1164776724418
87,0,87,125.6,149.15843925168966
88,0,88,127.0,143.55068791197067
89,0,89,74.2,120.01233269960218
90,0,90,117.0,97.02783105892865
91,0,91,116.8,127.39136548447857
92,0,92,337.6,604.3027717957283
93,0,93,304.0,449.992444381014
94,0,94,257.2,433.99050680861666
95,0,95,265.0,385.33673585579663
96,0,96,209.6,236.63524674063245
97,0,97,469.6,544.9978348580846
98,0,98,362.8,620.5369932566471
99,0,99,114.2,108.57329321707066
100,1,0,149.6,266.2732431169155
101,1,1,504.4,428.6031264468331
102,1,2,74.6,46.79572630059288
103,1,3,123.8,220.22751871644016
104,1,4,28.6,24.212393520674492
105,1,5,173.8,211.52153554661996
106,1,6,76.8,95.22478668918087
107,1,7,525.0,1007.0561056862721
108,1,8,69.8,53.737882355001666
109,1,9,401.8,785.1031524583251
110,1,10,24.8,33.144531977386556
111,1,11,25.0,27.121946832777326
112,1,12,26.4,22.74730753298069
113,1,13,300.2,257.65278962200273
114,1,14,116.4,166.53119827828058
115,1,15,506.2,440.6737568768986
116,1,16,234.8,446.1203425086106
117,1,17,9.4,1.4966629547095764
118,1,18,31.6,27.251421981247145
119,1,19,33.0,30.848014522818158
120,1,20,581.0,1012.8038309564197
121,1,21,90.2,115.2482537828665
122,1,22,76.8,130.16051628662203
123,1,23,396.8,366.0122402324819
124,1,24,84.2,133.74812148213522
125,1,25,218.4,395.62487282778363
126,1,26,105.8,120.37674193962886
127,1,27,354.2,361.60442475168907
128,1,28,277.4,439.8334230137587
129,1,29,320.4,568.258603102496
130,1,30,34.6,35.47731669672891
131,1,31,158.0,170.9479452932968
132,1,32,18.2,11.373653766490346
133,1,33,63.0,56.70626067728325
134,1,34,312.8,410.47650359064403
135,1,35,177.8,156.02999711593924
136,1,36,387.2,591.8565366708389
137,1,37,518.6,460.07590678060944
138,1,38,207.4,164.87522554950456
139,1,39,253.4,274.4322138525286
140,1,40,78.8,79.4012594358553
141,1,41,294.0,325.6335363564386
142,1,42,510.4,798.5703726034418
143,1,43,31.0,17.23948955160796
144,1,44,375.8,236.53955271793342
145,1,45,88.8,82.13988069141566
146,1,46,476.6,697.5126092050236
147,1,47,16.0,15.620499351813308
148,1,48,644.6,889.1644617279753
149,1,49,113.4,136.53365885377863
150,1,50,140.2,222.18766842469003
151,1,51,39.8,66.60450435218327
152,1,52,213.0,191.10729970359583
153,1,53,598.4,1097.818855731673
154,1,54,315.2,547.1100072197546
155,1,55,219.0,311.76080574697005
156,1,56,30.0,47.5015789211264
157,1,57,177.0,120.12160505088167
158,1,58,48.6,76.71662140631585
159,1,59,317.2,423.99358485712963
160,1,60,309.0,591.571466519473
161,1,61,29.6,30.85838621833618
162,1,62,34.4,51.8019304659585
163,1,63,92.6,112.82836522789826
164,1,64,25.6,15.396103403134184
165,1,65,107.4,184.24071211325688
166,1,66,394.4,711.3729261083809
167,1,67,496.6,399.9147909242668
168,1,68,84.0,101.60905471462668
169,1,69,118.4,138.46530251294004
170,1,70,209.6,208.53354646195416
171,1,71,225.4,188.95988992376135
172,1,72,57.2,39.91190298645255
173,1,73,99.4,100.75832471810952
174,1,74,169.0,156.03973852836336
175,1,75,159.0,273.4629773845081
176,1,76,184.4,315.40551675581077
177,1,77,37.4,32.11603960640228
178,1,78,88.2,67.1309168714386
179,1,79,140.0,152.9836592581051
180,1,80,407.2,775.97226754569
181,1,81,259.4,344.6497352385462
182,1,82,133.2,103.21511517214908
183,1,83,82.2,79.99849998593724
184,1,84,418.8,702.856002321955
185,1,85,201.4,342.6476907845725
186,1,86,336.2,635.636185250651
187,1,87,120.4,81.53183427349099
188,1,88,47.6,40.11782646156195
189,1,89,144.8,165.935409120537
190,1,90,171.8,97.85172456323905
191,1,91,88.0,77.32528693771528
192,1,92,108.6,103.2445640215503
193,1,93,9.2,7.413501197140255
194,1,94,603.8,1123.0213533143524
195,1,95,354.2,204.90427033129396
196,1,96,156.2,261.21975423003516
197,1,97,64.2,47.13979210815423
198,1,98,547.2,755.2502631578488
199,1,99,65.8,86.32357731234265
200,2,0,109.4,109.17985162107522
201,2,1,487.8,899.1779356723563
202,2,2,90.4,121.09929809870907
203,2,3,98.0,145.00068965353233
204,2,4,54.6,46.628746498270786
205,2,5,213.2,189.04750725677397
206,2,6,268.4,309.4812433734878
207,2,7,82.0,126.97716330112277
208,2,8,222.8,269.6534071729857
209,2,9,66.8,105.00171427172033
210,2,10,304.6,507.72417708830847
211,2,11,118.6,86.44674661316064
212,2,12,200.6,324.20647741832676
213,2,13,99.0,100.77102758233637
214,2,14,185.4,339.35975011777697
215,2,15,674.4,929.8575374754995
216,2,16,340.8,524.77095956236
217,2,17,102.8,60.707165969101204
218,2,18,71.8,73.33321212111194
219,2,19,52.2,38.23297006511527
220,2,20,427.6,657.1936092202967
221,2,21,85.4,67.46436096191826
222,2,22,98.0,179.03630916660452
223,2,23,179.4,223.60643997881635
224,2,24,110.0,176.85813523838817
225,2,25,76.4,135.81546303716672
226,2,26,269.0,478.73291092215504
227,2,27,397.0,679.5224793926982
228,2,28,637.6,948.8276134261694
229,2,29,64.4,68.70691377146844
230,2,30,274.4,410.8014605621553
231,2,31,102.8,129.92213052440295
232,2,32,27.8,40.60246297947946
233,2,33,100.4,184.80541117618824
234,2,34,200.6,243.40139687355943
235,2,35,11.0,3.286335345030997
236,2,36,217.4,178.21402862850053
237,2,37,254.0,467.58913588747976
238,2,38,103.8,189.60527418824614
239,2,39,190.2,318.9171679292289
240,2,40,223.2,149.76701906628173
241,2,41,389.2,331.40271574023046
242,2,42,388.8,626.4201146195738
243,2,43,60.0,47.78702752839938
244,2,44,209.0,305.57421357176065
245,2,45,31.4,9.707728879609277
246,2,46,352.6,506.23891592804284
247,2,47,162.6,204.44324395782806
248,2,48,127.6,81.18768379501905
249,2,49,106.2,101.9007360130436
250,2,50,361.4,466.5878695379896
251,2,51,32.2,49.41012042082067
252,2,52,30.6,23.954957733212552
253,2,53,112.4,81.68133201656299
254,2,54,419.8,556.4204884797108
255,2,55,242.4,287.97958260960104
256,2,56,43.0,71.02393962601624
257,2,57,100.4,63.149346789970835
258,2,58,31.8,20.291870293297265
259,2,59,144.2,190.83647450107645
260,2,60,95.0,86.2461593347785
261,2,61,88.4,70.01314162355521
262,2,62,128.8,229.66009666461431
263,2,63,133.8,109.6948494688789
264,2,64,68.8,47.7049263703446
265,2,65,222.0,235.50031847112226
266,2,66,147.0,62.13855485928201
267,2,67,416.0,597.441210496899
268,2,68,47.6,38.5362167317966
269,2,69,13.6,3.9293765408777004
270,2,70,554.6,526.105160590542
271,2,71,159.0,156.13583829473617
272,2,72,51.6,85.20234738550342
273,2,73,53.0,51.447060168682135
274,2,74,165.2,301.53699607179215
275,2,75,80.0,145.00620676371062
276,2,76,474.8,543.7217670831286
277,2,77,35.6,39.06712172658744
278,2,78,175.2,293.6783274264548
279,2,79,169.6,166.33772873284042
280,2,80,399.2,759.9103631350214
281,2,81,76.2,45.28752587633818
282,2,82,194.4,208.58437141837834
283,2,83,486.2,818.042394989404
284,2,84,45.6,45.548216210956056
285,2,85,172.4,117.54590592615295
286,2,86,355.2,663.5382129161816
287,2,87,140.2,106.03471129776325
288,2,88,521.6,792.6751162992315
289,2,89,109.0,168.72462772221488
290,2,90,266.0,93.67176735815333
291,2,91,200.0,166.2973240915199
292,2,92,88.0,78.6460424942031
293,2,93,34.4,35.58988620380796
294,2,94,250.6,203.64341383899455
295,2,95,158.4,167.52146131167794
296,2,96,41.8,43.73739818507727
297,2,97,105.0,187.04331049251667
298,2,98,71.0,88.46468221838589
299,2,99,138.8,189.08030040170763
300,4,0,35.6,39.525181846514
301,4,1,620.2,1224.4029402120857
302,4,2,25.8,30.129055743584136
303,4,3,11.2,6.273754856543249
304,4,4,23.4,21.312906887611554
305,4,5,16.0,9.186947262284681
306,4,6,52.4,55.69416486491201
307,4,7,48.8,85.10558148558765
308,4,8,19.0,20.842264752180842
309,4,9,313.6,504.85784137715444
310,4,10,53.8,57.12232488265862
311,4,11,99.8,187.6010660950518
312,4,12,37.6,59.731398778197054
313,4,13,149.6,280.2103495590411
314,4,14,29.4,46.30593914391544
315,4,15,193.6,346.73136575741165
316,4,16,69.0,117.04358162667444
317,4,17,6.2,1.469693845669907
318,4,18,35.6,48.91461949151808
319,4,19,19.6,26.211447880649402
320,4,20,48.0,69.67639485507269
321,4,21,137.4,70.02742319977224
322,4,22,73.8,125.16772746998325
323,4,23,50.8,27.621730575762268
324,4,24,79.8,112.4160130942207
325,4,25,10.8,11.6
326,4,26,106.8,169.83686290084376
327,4,27,115.2,179.4596333441033
328,4,28,68.0,73.14916267463353
329,4,29,34.6,53.21127700027505
330,4,30,6.8,3.655133376499413
331,4,31,36.0,40.17461885320133
332,4,32,23.4,35.30778950883218
333,4,33,65.8,115.10760183410997
334,4,34,465.8,485.91661836162797
335,4,35,32.8,54.10138630386471
336,4,36,193.6,340.7442442654021
337,4,37,328.0,572.2013631581107
338,4,38,41.2,70.40284085177245
339,4,39,132.2,247.90514314955223
340,4,40,30.8,48.6349668448535
341,4,41,461.4,609.851654093026
342,4,42,589.6,1110.3804032852886
343,4,43,526.6,1034.2004834653676
344,4,44,253.8,456.5695565847552
345,4,45,29.0,42.09037894816344
346,4,46,118.0,213.50784528911345
347,4,47,16.8,2.481934729198171
348,4,48,68.6,92.37445534345521
349,4,49,95.8,114.66717054152858
350,4,50,253.8,181.62973324871675
351,4,51,26.0,27.313000567495326
352,4,52,44.4,70.32666635068094
353,4,53,27.2,34.43486605172147
354,4,54,103.2,183.43107697443202
355,4,55,30.4,46.83844574705697
356,4,56,123.2,236.90031658906662
357,4,57,32.8,53.60373121341461
358,4,58,85.6,67.57099969661542
359,4,59,19.0,25.51862065237853
360,4,60,101.8,186.64018859827593
361,4,61,26.8,20.951372270092477
362,4,62,150.6,278.74117026374125
363,4,63,64.2,116.90064157223432
364,4,64,29.4,33.51775648816609
365,4,65,144.8,150.62323857891252
366,4,66,511.0,996.0056224740903
367,4,67,87.6,164.70045537277667
368,4,68,90.4,163.8018314915923
369,4,69,30.6,43.50907951221216
370,4,70,64.2,111.53187885084695
371,4,71,300.2,427.19428835133084
372,4,72,117.4,218.8100546135849
373,4,73,28.2,25.949181104612915
374,4,74,50.0,88.00227269792525
375,4,75,117.0,124.63867778502787
376,4,76,154.0,273.52147996089815
377,4,77,742.2,615.5655610899622
378,4,78,7.2,2.6381811916545836
379,4,79,136.2,233.04711969899992
380,4,80,193.4,357.86343764067317
381,4,81,1210.6,2178.2688172032395
382,4,82,95.2,158.75818089156854
383,4,83,23.8,31.71371942866368
384,4,84,36.2,43.938138331067236
385,4,85,93.2,171.4332523170461
386,4,86,968.2,1006.5963242531734
387,4,87,29.6,25.919876542915862
388,4,88,139.0,265.5002824857254
389,4,89,38.2,34.91933561796387
390,4,90,87.4,44.450421820270726
391,4,91,307.4,472.079484832798
392,4,92,22.8,28.505438077672128
393,4,93,19.2,27.403649392006166
394,4,94,17.8,10.322790320451151
395,4,95,18.8,20.66301042926708
396,4,96,159.4,300.8272594031332
397,4,97,37.8,62.11408857900115
398,4,98,126.0,209.17074365216567
399,4,99,7.4,1.8547236990991407
