,Replay type,Individual,Mean,STD
0,0,0,77.8,63.72880039668094
1,0,1,74.6,90.65009652504513
2,0,2,265.4,229.62195017027446
3,0,3,75.2,54.19372657420783
4,0,4,229.8,173.80149596594387
5,0,5,156.8,191.88892620471876
6,0,6,174.4,267.4274481050889
7,0,7,185.6,266.352848680092
8,0,8,160.4,272.50365135168374
9,0,9,52.6,34.062295870947985
10,0,10,223.2,238.24894543313303
11,0,11,142.6,100.0771702237828
12,0,12,125.4,234.80000000000004
13,0,13,151.2,193.53077274686834
14,0,14,297.4,183.6960533054535
15,0,15,174.2,313.9059731830536
16,0,16,199.0,101.54407909868502
17,0,17,370.2,513.1379541604772
18,0,18,87.4,117.89418984835511
19,0,19,263.0,372.9133947714938
20,0,20,176.8,201.65455611019556
21,0,21,73.4,116.89242918170535
22,0,22,266.0,306.94820409964933
23,0,23,129.6,225.28968018975036
24,0,24,83.4,78.11683557338968
25,0,25,244.0,254.2062155022965
26,0,26,72.0,88.05452856043237
27,0,27,181.8,199.13754040863313
28,0,28,57.0,66.16343401003307
29,0,29,112.6,99.55219736399593
30,0,30,149.4,134.76290290729122
31,0,31,146.6,73.67116125051919
32,0,32,79.6,55.661836117756664
33,0,33,274.4,344.98672438225793
34,0,34,266.0,465.11933952481485
35,0,35,28.2,30.8441242378512
36,0,36,113.0,135.78217850660667
37,0,37,109.0,170.5661162130392
38,0,38,120.8,103.86029077563764
39,0,39,51.6,42.34430304066888
40,0,40,127.6,77.1300200959393
41,0,41,137.4,159.65537886335056
42,0,42,179.0,156.23955965119717
43,0,43,757.6,1404.6164743445095
44,0,44,110.0,189.805163259591
45,0,45,126.4,171.49763846770605
46,0,46,77.0,140.00285711370321
47,0,47,146.2,211.79556180430222
48,0,48,49.8,37.722142038860945
49,0,49,109.6,166.17412554305798
50,0,50,126.2,104.37509281432999
51,0,51,130.0,240.05582684034147
52,0,52,37.4,43.82510695936748
53,0,53,324.6,529.7983012430298
54,0,54,71.2,130.39999999999998
55,0,55,404.6,449.03924104692675
56,0,56,354.6,518.5466613526694
57,0,57,170.4,165.6099030855341
58,0,58,350.6,587.1676421602267
59,0,59,163.8,172.1631784093219
60,0,60,107.2,187.75984661263442
61,0,61,289.2,495.80455826867905
62,0,62,309.2,534.3472279332981
63,0,63,145.2,256.01203096729654
64,0,64,239.4,392.68643979643605
65,0,65,38.4,47.885697238319494
66,0,66,229.2,245.6236144999092
67,0,67,50.4,88.8
68,0,68,57.6,59.79832773581549
69,0,69,204.6,183.50215257593027
70,0,70,250.2,319.5443005281114
71,0,71,195.0,162.49553840028963
72,0,72,406.8,507.40532121766324
73,0,73,428.6,702.4871813777104
74,0,74,234.8,298.09085863206207
75,0,75,254.6,447.00720352137506
76,0,76,154.0,163.54693515929915
77,0,77,52.0,75.7099729229908
78,0,78,216.6,233.67464560794778
79,0,79,104.0,144.19431334140748
80,0,80,129.6,177.98044836442006
81,0,81,211.0,402.0074626173002
82,0,82,142.0,94.02765550623923
83,0,83,33.2,23.844496220302076
84,0,84,66.8,91.15788501276232
85,0,85,48.8,53.45053788316821
86,0,86,139.8,156.98331121491864
87,0,87,122.8,233.6
88,0,88,33.8,20.67268729507608
89,0,89,145.4,257.9376668887272
90,0,90,98.2,96.706566478187
91,0,91,262.4,461.33527937932524
92,0,92,49.2,37.791004220581385
93,0,93,143.2,219.89306492020162
94,0,94,491.4,876.9179209025208
95,0,95,69.2,47.47378223819964
96,0,96,514.0,949.788818632858
97,0,97,400.0,368.9601604509625
98,0,98,319.6,458.06750594208273
99,0,99,117.8,212.22761366042826
100,1,0,50.0,84.00238091863825
101,1,1,18.2,1.4696938456699067
102,1,2,36.8,37.817456286746726
103,1,3,323.4,620.8041881302025
104,1,4,60.6,106.20282482118824
105,1,5,102.8,109.40457028844817
106,1,6,467.4,913.3048998007182
107,1,7,241.4,462.30708409021815
108,1,8,53.8,76.26637529081869
109,1,9,146.6,276.2018102764716
110,1,10,10.0,1.2649110640673518
111,1,11,84.6,147.206793321504
112,1,12,32.4,48.8
113,1,13,529.0,1029.0035957177215
114,1,14,18.4,22.85257097133712
115,1,15,34.4,21.6573313222105
116,1,16,34.6,55.2
117,1,17,38.6,57.715162652460755
118,1,18,8.4,4.800000000000001
119,1,19,318.4,622.8009633903916
120,1,20,56.4,48.88598981303334
121,1,21,220.2,415.41083279086496
122,1,22,49.4,51.70145065663051
123,1,23,206.6,398.2062782026422
124,1,24,113.6,205.70328145170652
125,1,25,22.2,13.526270735128733
126,1,26,44.0,72.00555534123738
127,1,27,121.8,222.6157227151757
128,1,28,69.8,118.60421577667465
129,1,29,18.0,16.516658257650064
130,1,30,222.4,422.80473034250696
131,1,31,190.2,359.90576544423396
132,1,32,30.6,45.70601710934787
133,1,33,294.2,572.9008291144288
134,1,34,16.2,2.481934729198171
135,1,35,40.4,40.450463532572776
136,1,36,310.0,559.1683109762212
137,1,37,48.8,69.03448413655309
138,1,38,44.8,75.1036616950199
139,1,39,239.2,452.4198934618149
140,1,40,40.6,44.74639650295876
141,1,41,284.6,555.7012146828546
142,1,42,761.6,1501.7060431389361
143,1,43,48.0,24.256957764732164
144,1,44,106.4,198.80201206225254
145,1,45,237.4,452.8030918622354
146,1,46,26.6,43.2
147,1,47,69.6,124.70060144201389
148,1,48,53.8,88.1076614148849
149,1,49,111.2,206.90712892503248
150,1,50,9.6,2.4166091947189146
151,1,51,265.0,506.0169957620001
152,1,52,76.2,115.04155770850811
153,1,53,35.6,44.75086591340999
154,1,54,25.0,40.0
155,1,55,427.0,831.0051744724577
156,1,56,81.6,147.19999999999996
157,1,57,302.6,578.2091663057582
158,1,58,32.0,41.525895535195865
159,1,59,34.8,49.599999999999994
160,1,60,101.2,185.91116157993312
161,1,61,265.4,510.80274079139394
162,1,62,57.0,85.0247022929219
163,1,63,89.2,152.91487828200368
164,1,64,57.6,74.80000000000001
165,1,65,71.4,126.81104052881201
166,1,66,99.2,163.92730095990723
167,1,67,164.2,314.90531910401256
168,1,68,55.0,98.0
169,1,69,25.4,32.81219285570533
170,1,70,91.6,160.70668934428335
171,1,71,218.2,413.4099176362366
172,1,72,41.2,34.504492461127434
173,1,73,132.0,204.0548945749648
174,1,74,52.2,91.90081610083777
175,1,75,132.2,216.20860297407222
176,1,76,153.8,280.10526592693685
177,1,77,79.4,109.91924308327455
178,1,78,171.6,323.2074256572704
179,1,79,17.4,5.083306010855534
180,1,80,96.4,177.30380706572547
181,1,81,268.2,514.9075256781551
182,1,82,204.4,396.80000000000007
183,1,83,389.8,750.606794533596
184,1,84,30.6,38.223552948411275
185,1,85,66.2,120.90227458571654
186,1,86,356.4,690.300977835031
187,1,87,186.4,353.80819662636424
188,1,88,349.6,677.7012911305393
189,1,89,163.8,280.263019322921
190,1,90,30.2,47.40632869143106
191,1,91,73.4,97.44454833391141
192,1,92,19.4,5.986651818838306
193,1,93,79.2,136.41466196857286
194,1,94,73.8,105.22053031609371
195,1,95,22.4,18.260339536821323
196,1,96,54.8,98.60304254940615
197,1,97,125.8,100.37210767937475
198,1,98,301.2,578.430082205274
199,1,99,166.6,307.70804344378126
200,2,0,50.0,84.00238091863825
201,2,1,24.2,6.177378084592201
202,2,2,44.2,31.637951893256304
203,2,3,323.4,620.8041881302025
204,2,4,60.6,106.20282482118824
205,2,5,38.0,13.130118049735882
206,2,6,467.4,913.3048998007182
207,2,7,241.4,462.30708409021815
208,2,8,53.8,76.26637529081869
209,2,9,146.6,276.2018102764716
210,2,10,7.0,2.6076809620810595
211,2,11,84.6,147.206793321504
212,2,12,32.4,48.8
213,2,13,529.0,1029.0035957177215
214,2,14,17.8,23.10324652510984
215,2,15,24.8,6.273754856543249
216,2,16,34.6,55.2
217,2,17,38.6,57.715162652460755
218,2,18,47.8,67.21130857229309
219,2,19,318.4,622.8009633903916
220,2,20,32.4,18.62900963551203
221,2,21,220.2,415.41083279086496
222,2,22,49.4,51.16483167176454
223,2,23,206.6,398.2062782026422
224,2,24,113.6,205.70328145170652
225,2,25,9.8,7.35934779718964
226,2,26,44.0,72.00555534123738
227,2,27,121.8,222.6157227151757
228,2,28,69.8,118.60421577667465
229,2,29,33.4,32.22793819033418
230,2,30,222.4,422.80473034250696
231,2,31,190.2,359.90576544423396
232,2,32,30.6,45.70601710934787
233,2,33,294.2,572.9008291144288
234,2,34,16.6,2.4166091947189146
235,2,35,44.0,46.3292564153581
236,2,36,310.6,558.8926909523867
237,2,37,48.8,69.03448413655309
238,2,38,44.8,75.1036616950199
239,2,39,239.2,452.4198934618149
240,2,40,40.6,44.74639650295876
241,2,41,284.6,555.7012146828546
242,2,42,761.6,1501.7060431389361
243,2,43,111.4,108.29145857361051
244,2,44,106.4,198.80201206225254
245,2,45,237.4,452.8030918622354
246,2,46,26.6,43.2
247,2,47,56.6,99.20403217611671
248,2,48,53.8,88.1076614148849
249,2,49,111.2,206.90712892503248
250,2,50,8.4,1.624807680927192
251,2,51,265.0,506.0169957620001
252,2,52,66.2,94.35761760451564
253,2,53,64.2,103.40870369557874
254,2,54,25.0,40.0
255,2,55,427.0,831.0051744724577
256,2,56,81.6,147.19999999999996
257,2,57,302.6,578.2091663057582
258,2,58,32.0,41.525895535195865
259,2,59,34.8,49.599999999999994
260,2,60,101.2,185.91116157993312
261,2,61,265.4,510.80274079139394
262,2,62,57.0,85.0247022929219
263,2,63,89.2,152.91487828200368
264,2,64,57.6,74.80000000000001
265,2,65,71.4,126.81104052881201
266,2,66,99.2,163.92730095990723
267,2,67,164.2,314.90531910401256
268,2,68,55.0,98.0
269,2,69,25.4,32.81219285570533
270,2,70,91.6,160.70668934428335
271,2,71,218.2,413.4099176362366
272,2,72,50.2,29.572960622839236
273,2,73,139.0,202.46579958106506
274,2,74,52.2,91.90081610083777
275,2,75,132.2,216.20860297407222
276,2,76,153.8,280.10526592693685
277,2,77,79.4,109.91924308327455
278,2,78,171.6,323.2074256572704
279,2,79,36.2,27.952817389308006
280,2,80,96.4,177.30380706572547
281,2,81,268.2,514.9075256781551
282,2,82,204.4,396.80000000000007
283,2,83,389.8,750.606794533596
284,2,84,30.6,38.223552948411275
285,2,85,66.2,120.90227458571654
286,2,86,356.4,690.300977835031
287,2,87,186.4,353.80819662636424
288,2,88,349.6,677.7012911305393
289,2,89,165.4,279.50069767354785
290,2,90,30.2,47.40632869143106
291,2,91,36.2,25.81782330096788
292,2,92,15.6,3.2000000000000006
293,2,93,79.2,136.41466196857286
294,2,94,43.6,48.35121508297387
295,2,95,10.2,4.66476151587624
296,2,96,54.8,98.601014193567
297,2,97,116.4,81.64949479329312
298,2,98,301.2,578.430082205274
299,2,99,166.6,307.70804344378126
300,4,0,29.2,43.9017083950044
301,4,1,32.6,11.288932633336069
302,4,2,12.2,11.906300852909771
303,4,3,83.8,135.74741249836035
304,4,4,56.2,100.4
305,4,5,11.4,12.30609605033213
306,4,6,166.0,310.5021739054334
307,4,7,203.6,391.7017232538044
308,4,8,219.2,420.4014272097562
309,4,9,356.8,696.6047372793269
310,4,10,24.4,36.302066056906455
311,4,11,68.2,98.93917323285051
312,4,12,22.8,29.6
313,4,13,413.6,817.2
314,4,14,12.0,14.0
315,4,15,35.2,10.796295661012623
316,4,16,29.0,44.0
317,4,17,27.6,36.71838776417069
318,4,18,30.8,49.60000000000001
319,4,19,156.4,296.30025312172785
320,4,20,15.0,18.0
321,4,21,239.8,462.1049231505763
322,4,22,9.8,7.6000000000000005
323,4,23,496.8,967.6113682672399
324,4,24,110.8,204.10330717555755
325,4,25,17.8,25.600000000000005
326,4,26,66.0,115.01478165870681
327,4,27,176.2,334.4041865766635
328,4,28,138.2,245.94178172892867
329,4,29,15.6,15.200000000000001
330,4,30,68.8,94.66868542448447
331,4,31,359.8,615.6256654818739
332,4,32,55.0,98.0
333,4,33,24.2,33.40299387779484
334,4,34,22.0,6.603029607687671
335,4,35,12.8,10.628264204469138
336,4,36,50.4,90.80000000000001
337,4,37,305.6,586.2083588622736
338,4,38,29.4,48.8
339,4,39,39.0,63.501181091378136
340,4,40,36.0,26.023066690918657
341,4,41,319.4,544.5543499045801
342,4,42,442.8,823.386276300498
343,4,43,20.2,6.823488843692792
344,4,44,107.6,196.2086644366145
345,4,45,270.2,517.4040587393956
346,4,46,40.0,57.50130433303231
347,4,47,39.0,64.0
348,4,48,97.0,184.0
349,4,49,28.0,44.0
350,4,50,69.0,127.50058823393718
351,4,51,309.8,595.6184684846501
352,4,52,27.2,42.4
353,4,53,111.6,208.2004803068427
354,4,54,26.4,40.8
355,4,55,551.2,1087.9011719820878
356,4,56,76.4,135.30351067137912
357,4,57,266.2,440.478103882588
358,4,58,23.8,24.620316813558677
359,4,59,36.6,60.70123557226822
360,4,60,41.4,53.30515922497558
361,4,61,39.2,61.949656980486985
362,4,62,86.8,144.2004160881653
363,4,63,86.2,151.40858628228455
364,4,64,149.0,282.5016814109254
365,4,65,389.6,754.7051344730603
366,4,66,265.4,498.9543466089859
367,4,67,321.2,627.9001194457602
368,4,68,55.0,98.0
369,4,69,50.6,88.20340129496142
370,4,70,81.8,151.1004963592112
371,4,71,218.4,416.80527827751894
372,4,72,18.8,17.668050260286222
373,4,73,251.6,461.596620438235
374,4,74,48.8,87.6
375,4,75,66.4,120.80000000000001
376,4,76,456.0,888.0078828478945
377,4,77,29.4,17.41952927033334
378,4,78,588.0,1152.5019739679408
379,4,79,22.8,6.493073232299171
380,4,80,61.2,108.4
381,4,81,241.8,466.10488090128393
382,4,82,175.4,317.86324103299523
383,4,83,24.6,38.701937935974215
384,4,84,36.8,61.6
385,4,85,101.4,190.8062892045228
386,4,86,289.2,565.9018996257213
387,4,87,130.2,231.4350016743362
388,4,88,382.8,752.1003656427779
389,4,89,337.0,654.5147821096174
390,4,90,31.2,50.400000000000006
391,4,91,19.2,26.399999999999995
392,4,92,13.6,4.223742416388575
393,4,93,19.2,24.92709369340918
394,4,94,16.4,22.303362975121036
395,4,95,33.6,53.70512079867245
396,4,96,48.8,87.6
397,4,97,207.6,363.721101944883
398,4,98,67.2,122.40000000000002
399,4,99,215.2,399.4272900040757
