,Replay type,Individual,Mean,STD
0,0,0,132.8,161.23572805057816
1,0,1,58.8,27.909854890342945
2,0,2,104.4,55.830457637386424
3,0,3,46.2,20.113676938839404
4,0,4,66.2,42.7990654103568
5,0,5,127.8,58.95557649620603
6,0,6,44.8,33.80769143257197
7,0,7,91.8,81.16994517677094
8,0,8,58.8,18.301912468373352
9,0,9,143.0,134.82878031043668
10,0,10,54.0,30.770115371899404
11,0,11,90.8,63.13287574631778
12,0,12,74.6,30.4538995860957
13,0,13,102.0,53.0659966456864
14,0,14,122.6,127.35713564618199
15,0,15,96.2,104.53210033286427
16,0,16,107.4,74.50261740368589
17,0,17,83.4,73.1808718177093
18,0,18,121.6,49.43925565782722
19,0,19,121.0,122.5446857272889
20,0,20,67.4,34.73096601017599
21,0,21,51.0,34.082253446625266
22,0,22,70.0,51.017644006755155
23,0,23,69.2,54.215864836780014
24,0,24,70.4,84.18693485333695
25,0,25,72.0,52.865868005736935
26,0,26,105.2,71.97610714674697
27,0,27,79.4,31.796855190411524
28,0,28,44.6,21.209431864149497
29,0,29,133.8,98.9189567272118
30,0,30,63.0,62.906279495770534
31,0,31,102.8,76.39476421849864
32,0,32,103.6,56.49637156490671
33,0,33,32.2,18.519179247472067
34,0,34,84.2,82.2761204724676
35,0,35,30.4,22.068982758613952
36,0,36,65.4,26.79253627411933
37,0,37,105.4,80.04648649378684
38,0,38,59.8,31.166648841349623
39,0,39,110.4,90.38274171544033
40,0,40,89.8,79.82581036231326
41,0,41,83.2,30.954159655852397
42,0,42,53.2,30.78571097116323
43,0,43,32.2,12.560254774486065
44,0,44,67.6,20.74222745994268
45,0,45,75.6,19.386593305684215
46,0,46,90.0,46.44566718220334
47,0,47,101.4,85.21173628086684
48,0,48,67.4,24.743483990739865
49,0,49,67.0,30.744105126023754
50,0,50,55.4,30.994193004496825
51,0,51,95.8,74.90634152059489
52,0,52,64.0,44.76159067772279
53,0,53,109.8,77.93946368817275
54,0,54,105.8,78.21866784853857
55,0,55,105.8,59.003050768583144
56,0,56,90.2,82.76569337593929
57,0,57,149.6,163.16445691387568
58,0,58,53.8,35.30665659617178
59,0,59,103.8,111.78443541030208
60,0,60,49.6,30.58496362593881
61,0,61,108.2,49.174790289334226
62,0,62,83.8,108.73895346194941
63,0,63,74.4,46.94507428900288
64,0,64,75.4,58.18109658643433
65,0,65,104.4,62.65333191459174
66,0,66,35.2,14.3024473430249
67,0,67,30.4,18.358649187780674
68,0,68,35.6,12.483589227461788
69,0,69,133.8,75.48085850068215
70,0,70,89.0,87.43683434342759
71,0,71,46.8,16.33891061240008
72,0,72,89.8,49.75298985990691
73,0,73,104.4,138.71351772628364
74,0,74,64.4,49.9383620075789
75,0,75,50.2,30.075903976439342
76,0,76,27.0,11.117553687749837
77,0,77,38.8,6.046486583132389
78,0,78,93.2,133.79895365809105
79,0,79,82.4,58.294425119388556
80,0,80,32.8,11.651609330903607
81,0,81,113.6,93.63247299948881
82,0,82,89.0,58.29922812525051
83,0,83,97.2,75.56030704013847
84,0,84,136.8,161.24689144290502
85,0,85,46.8,25.779061270729002
86,0,86,28.0,12.441864811996632
87,0,87,59.0,19.616319736382767
88,0,88,98.0,54.673576799035196
89,0,89,96.0,81.36338242723197
90,0,90,68.0,42.383959229878464
91,0,91,81.0,53.75872022286245
92,0,92,44.4,16.426807358704856
93,0,93,89.4,56.968763370815765
94,0,94,131.0,83.72335397008412
95,0,95,58.6,29.729446681699272
96,0,96,67.6,37.59574444002938
97,0,97,121.6,43.12122447241033
98,0,98,60.2,48.602057569613244
99,0,99,78.4,62.60223638177792
100,1,0,30.4,26.881964213948358
101,1,1,35.4,20.401960690090547
102,1,2,33.8,32.8718724748074
103,1,3,44.4,32.70840870479638
104,1,4,36.4,27.10424321024293
105,1,5,38.2,18.301912468373352
106,1,6,39.2,51.01921206761234
107,1,7,41.0,33.555923471125034
108,1,8,20.6,16.692513291892265
109,1,9,27.2,16.65412861725284
110,1,10,23.0,11.15347479487895
111,1,11,31.2,26.56614386771253
112,1,12,62.8,34.89068643635433
113,1,13,28.4,28.513856280762866
114,1,14,95.4,138.86050554423315
115,1,15,25.0,15.646085772486357
116,1,16,42.2,28.68727941091661
117,1,17,121.8,142.67501533204754
118,1,18,125.0,45.51922670696417
119,1,19,112.8,128.32988739962332
120,1,20,61.8,39.8165794613249
121,1,21,34.4,32.1284920281049
122,1,22,29.2,13.673331708109767
123,1,23,43.0,24.551985663078252
124,1,24,19.6,8.5463442476886
125,1,25,74.8,54.43307817862223
126,1,26,83.8,75.22074182032506
127,1,27,34.2,19.156200040717888
128,1,28,34.6,20.51925924588897
129,1,29,27.2,27.931344400153744
130,1,30,49.0,66.47405508918499
131,1,31,104.4,76.79739578918024
132,1,32,132.6,114.0606856020075
133,1,33,21.6,10.781465577554844
134,1,34,24.8,10.740577265678041
135,1,35,42.0,29.010342983149993
136,1,36,54.8,18.882796403075474
137,1,37,18.2,14.5657131648265
138,1,38,46.4,37.097708824130905
139,1,39,239.6,245.0098773519141
140,1,40,99.6,122.18772442434633
141,1,41,42.6,34.52882853500825
142,1,42,35.2,27.758962516635954
143,1,43,15.2,7.782030583337487
144,1,44,41.8,26.16409753842085
145,1,45,24.2,16.436544649043483
146,1,46,63.2,53.945898824655806
147,1,47,53.0,71.88602089419055
148,1,48,44.8,31.713719428663676
149,1,49,15.2,6.523802572120037
150,1,50,21.8,13.392535234226566
151,1,51,205.0,181.69534941764468
152,1,52,157.0,109.31056673533442
153,1,53,105.0,82.30674334463733
154,1,54,67.4,80.21371453810127
155,1,55,118.2,50.4753405139579
156,1,56,75.0,83.01084266528078
157,1,57,109.0,175.45939701252823
158,1,58,26.2,8.772684879784524
159,1,59,75.6,124.76794460116749
160,1,60,34.6,15.80632784678339
161,1,61,38.4,16.53602128687551
162,1,62,79.8,110.44528056915786
163,1,63,46.8,58.3280378548773
164,1,64,197.0,199.3479370347233
165,1,65,23.2,6.20966987850401
166,1,66,44.2,50.51494828266184
167,1,67,90.4,59.38552012064894
168,1,68,14.4,3.2
169,1,69,63.6,56.90202105373763
170,1,70,84.0,88.22471309106083
171,1,71,62.4,65.49381650201795
172,1,72,29.0,21.45693361130616
173,1,73,236.6,149.94745746427313
174,1,74,36.4,13.720058308913996
175,1,75,63.8,38.12820478333592
176,1,76,21.0,7.6681158050723255
177,1,77,23.8,11.651609330903609
178,1,78,91.6,134.39434511913066
179,1,79,20.4,12.92439553712281
180,1,80,51.4,26.499811320083015
181,1,81,63.8,86.11945192579897
182,1,82,31.4,12.877888025604198
183,1,83,80.8,83.5641071274025
184,1,84,145.0,159.80613254815975
185,1,85,37.4,21.969069165533618
186,1,86,35.0,15.323185047502363
187,1,87,53.4,29.877081517444104
188,1,88,215.6,153.0876872906505
189,1,89,305.6,371.5322866185387
190,1,90,22.0,9.16515138991168
191,1,91,30.6,18.478095139921756
192,1,92,24.4,11.128342194594843
193,1,93,72.8,67.30646328548247
194,1,94,198.8,103.33518277914835
195,1,95,50.4,29.028262090590268
196,1,96,64.6,36.45600087777045
197,1,97,82.0,49.32747712989181
198,1,98,122.8,137.93389721167162
199,1,99,61.6,15.265647709809107
200,2,0,32.8,26.468094000135334
201,2,1,36.2,20.173249614278806
202,2,2,33.8,33.04179171897311
203,2,3,49.8,31.224349472807273
204,2,4,28.0,25.51078203426935
205,2,5,48.4,29.890466707631045
206,2,6,27.6,27.91845267918693
207,2,7,76.2,55.78315157823194
208,2,8,22.2,15.791136754521505
209,2,9,18.2,3.3105890714493698
210,2,10,22.2,9.641576634555161
211,2,11,92.0,73.33484846919642
212,2,12,65.6,38.13449881668828
213,2,13,30.4,27.968553770261344
214,2,14,96.6,138.28318769828817
215,2,15,26.4,14.894294209528695
216,2,16,42.6,28.681701483698628
217,2,17,49.0,24.14953415699773
218,2,18,115.0,59.886559426969924
219,2,19,112.8,128.3688435719509
220,2,20,59.2,42.404716718780236
221,2,21,36.2,31.217943558152577
222,2,22,35.0,9.09945053286186
223,2,23,40.8,26.31653472628948
224,2,24,19.6,8.5463442476886
225,2,25,54.0,53.28789731261687
226,2,26,225.0,152.2852586431136
227,2,27,30.6,14.71869559437928
228,2,28,37.2,23.70147674724088
229,2,29,27.2,27.931344400153744
230,2,30,52.0,64.76109943476871
231,2,31,111.2,70.34600201859378
232,2,32,318.8,469.8239670344628
233,2,33,23.2,12.765578717786358
234,2,34,21.8,10.703270528207723
235,2,35,42.0,29.010342983149993
236,2,36,25.0,18.17690842800282
237,2,37,22.0,13.251415018781957
238,2,38,45.4,37.03835849494413
239,2,39,174.8,131.51486607984666
240,2,40,110.6,124.75512013540767
241,2,41,38.4,37.51586331140468
242,2,42,46.4,22.64155471693585
243,2,43,18.0,6.54217089351845
244,2,44,45.2,31.012255641923243
245,2,45,23.2,17.04582060213001
246,2,46,59.8,55.195652002671366
247,2,47,52.2,72.3143139357624
248,2,48,40.0,34.911316216951775
249,2,49,15.2,6.523802572120037
250,2,50,19.0,12.743625857659193
251,2,51,62.6,26.695317941541735
252,2,52,76.0,41.00731642036577
253,2,53,100.0,87.0218363400819
254,2,54,76.0,79.5889439558033
255,2,55,74.0,73.250255972249
256,2,56,71.0,85.48216188188036
257,2,57,114.6,172.56256836289842
258,2,58,26.2,9.558242516278815
259,2,59,87.2,121.0527157894444
260,2,60,48.6,12.815615474880635
261,2,61,52.8,20.370567002417975
262,2,62,76.6,111.94391452866029
263,2,63,44.8,59.18918820190052
264,2,64,143.8,122.46860822267885
265,2,65,23.2,6.20966987850401
266,2,66,44.2,50.51494828266184
267,2,67,81.6,38.08726821393207
268,2,68,14.4,3.2
269,2,69,81.6,63.77021248200448
270,2,70,99.0,84.68766143896052
271,2,71,34.0,15.924823389915506
272,2,72,141.0,214.10464731060839
273,2,73,217.0,190.280845068546
274,2,74,207.6,240.67621403038564
275,2,75,35.2,19.27070315271345
276,2,76,19.4,9.00222194794152
277,2,77,30.6,14.582180906846546
278,2,78,139.2,120.90889131904238
279,2,79,20.4,12.92439553712281
280,2,80,79.2,95.64810505179912
281,2,81,64.2,85.9171694133367
282,2,82,39.8,11.754148203932091
283,2,83,84.2,80.93305875845792
284,2,84,157.2,160.61681107530433
285,2,85,34.0,20.149441679609886
286,2,86,27.0,6.164414002968976
287,2,87,46.0,14.872793954062566
288,2,88,162.2,130.69873756085022
289,2,89,55.8,63.6722859649314
290,2,90,22.0,9.16515138991168
291,2,91,21.8,10.514751542475931
292,2,92,25.6,8.42852300228219
293,2,93,71.6,68.15453029696559
294,2,94,176.8,44.959537364167794
295,2,95,42.6,29.357111574540163
296,2,96,41.6,32.22793819033417
297,2,97,71.0,57.01929497985748
298,2,98,170.4,139.9937141446001
299,2,99,42.2,23.6
300,4,0,32.8,26.24042682579687
301,4,1,36.2,19.38452991434149
302,4,2,31.8,33.961154279558876
303,4,3,116.2,128.39844235815326
304,4,4,28.0,25.226969695149673
305,4,5,27.2,14.715977711317723
306,4,6,26.8,20.232646885664764
307,4,7,37.6,37.318092127009926
308,4,8,40.6,38.66057423267275
309,4,9,17.6,4.029888335921977
310,4,10,63.8,41.38308833327933
311,4,11,232.8,332.1586367987441
312,4,12,82.6,45.354602853514216
313,4,13,24.6,30.269456552769494
314,4,14,82.4,144.80690591266705
315,4,15,27.8,14.274452704044382
316,4,16,145.8,216.8846698132443
317,4,17,123.4,117.12489060827336
318,4,18,234.0,221.46873368491543
319,4,19,82.0,136.58550435533047
320,4,20,44.2,36.771728270506955
321,4,21,34.4,32.178253526255894
322,4,22,28.2,14.119490075778232
323,4,23,29.4,4.2708313008125245
324,4,24,20.2,8.23164625090267
325,4,25,70.6,53.166154647482266
326,4,26,71.0,75.8630344766145
327,4,27,51.2,19.548913013259842
328,4,28,35.0,15.543487382180357
329,4,29,310.4,558.4326638011067
330,4,30,53.6,64.14234170966944
331,4,31,55.4,55.78745378667142
332,4,32,53.4,64.86478243238005
333,4,33,17.0,10.21763181955584
334,4,34,21.8,11.356055653262713
335,4,35,64.2,72.63993392067479
336,4,36,29.2,16.9162643630324
337,4,37,19.8,13.731715115017497
338,4,38,480.8,834.8531367851474
339,4,39,67.8,105.68140801484431
340,4,40,21.2,7.025667228100119
341,4,41,53.4,33.02483913662563
342,4,42,35.2,26.93993318477238
343,4,43,15.4,7.552483035399682
344,4,44,21.6,16.094719630984567
345,4,45,32.6,16.644518617250544
346,4,46,51.0,57.810033731178535
347,4,47,48.6,73.79593484738845
348,4,48,82.2,67.85985558487434
349,4,49,15.2,6.523802572120037
350,4,50,50.0,24.819347291981714
351,4,51,60.6,19.5816240388789
352,4,52,367.8,627.9558583212677
353,4,53,397.0,591.8337604429136
354,4,54,243.6,230.8632495656249
355,4,55,54.2,80.44476365805298
356,4,56,59.6,89.91685047865056
357,4,57,108.4,175.4144805881202
358,4,58,27.4,9.32952303175248
359,4,59,75.0,125.01519907595235
360,4,60,159.6,163.72733430921056
361,4,61,33.2,14.274452704044382
362,4,62,71.8,114.18651408988717
363,4,63,173.6,257.09344604637437
364,4,64,88.4,96.48336644209716
365,4,65,23.6,5.571355310873647
366,4,66,61.2,58.57439713731589
367,4,67,39.0,16.112107248898266
368,4,68,16.6,3.7735924528226414
369,4,69,144.2,208.0715261634806
370,4,70,74.2,92.22450867312877
371,4,71,29.8,16.14187101918486
372,4,72,33.8,24.30966885829587
373,4,73,102.4,139.9236934904164
374,4,74,44.2,22.256684389189687
375,4,75,26.6,17.304334717058612
376,4,76,18.2,9.086253353280437
377,4,77,27.0,11.171392035015153
378,4,78,83.4,138.58224994565504
379,4,79,15.6,4.8
380,4,80,48.2,25.623426780975258
381,4,81,57.8,88.60112866098265
382,4,82,31.4,13.245376551838758
383,4,83,62.4,77.03142216005102
384,4,84,101.4,175.80284411806312
385,4,85,47.8,24.4491308638978
386,4,86,27.0,7.0992957397195395
387,4,87,64.4,53.41760009584856
388,4,88,51.4,65.19386474201387
389,4,89,47.4,66.8927499808462
390,4,90,27.6,13.705473359209451
391,4,91,24.0,10.059821071967434
392,4,92,24.8,10.851727973000429
393,4,93,48.2,54.06440603576442
394,4,94,50.8,67.77138039025027
395,4,95,38.8,30.049292836937113
396,4,96,59.4,33.43411431457397
397,4,97,61.0,60.50123965672108
398,4,98,423.2,744.0299456339106
399,4,99,38.2,24.13627974647294
