,Replay type,Individual,Mean,STD
0,0,0,13.6,3.8262252939417984
1,0,1,6.6,0.7999999999999999
2,0,2,8.2,2.7129319932501073
3,0,3,9.8,2.7129319932501073
4,0,4,18.6,11.038115781237302
5,0,5,5.2,0.39999999999999997
6,0,6,8.6,3.8781438859330635
7,0,7,8.2,1.6
8,0,8,9.2,0.7483314773547883
9,0,9,27.8,37.66908546805988
10,0,10,13.2,8.863407922464134
11,0,11,6.6,1.2
12,0,12,6.2,0.7483314773547882
13,0,13,10.0,2.449489742783178
14,0,14,10.8,1.7204650534085253
15,0,15,11.8,3.3105890714493698
16,0,16,5.4,0.48989794855663565
17,0,17,8.6,1.624807680927192
18,0,18,6.0,0.0
19,0,19,5.6,0.4898979485566356
20,0,20,5.0,0.0
21,0,21,12.2,6.241794613730894
22,0,22,16.2,7.520638270785266
23,0,23,8.2,1.4696938456699067
24,0,24,11.2,2.3151673805580453
25,0,25,8.0,0.8944271909999159
26,0,26,12.8,5.2687759489277965
27,0,27,8.4,1.2
28,0,28,7.6,1.624807680927192
29,0,29,12.6,4.586937976471886
30,0,30,5.4,0.7999999999999999
31,0,31,12.2,3.370459909270543
32,0,32,87.4,97.97469060936095
33,0,33,9.6,3.3823069050575527
34,0,34,13.6,8.867919710958146
35,0,35,16.2,7.756287771866127
36,0,36,21.0,7.127411872482185
37,0,37,15.2,11.196428001822724
38,0,38,16.4,7.200000000000001
39,0,39,14.8,15.6
40,0,40,20.2,15.091719583930788
41,0,41,10.0,1.4142135623730951
42,0,42,7.8,0.7483314773547882
43,0,43,13.6,6.053098380168622
44,0,44,12.4,1.2
45,0,45,11.2,6.04648658313239
46,0,46,9.8,1.4696938456699067
47,0,47,9.6,5.122499389946279
48,0,48,14.8,8.328265125462805
49,0,49,11.2,3.1874754901018454
50,0,50,12.4,6.280127387243033
51,0,51,13.2,2.481934729198171
52,0,52,6.4,0.7999999999999999
53,0,53,44.4,44.95152945117663
54,0,54,6.4,0.7999999999999999
55,0,55,10.6,3.1368774282716245
56,0,56,13.6,9.393614852653903
57,0,57,9.2,3.370459909270543
58,0,58,10.8,4.166533331199932
59,0,59,6.6,2.33238075793812
60,0,60,8.6,1.2
61,0,61,5.0,0.6324555320336759
62,0,62,11.8,6.04648658313239
63,0,63,16.0,9.50789145920377
64,0,64,7.6,3.7735924528226414
65,0,65,11.0,4.8166378315169185
66,0,66,12.4,5.462600113499065
67,0,67,31.0,11.242775458044157
68,0,68,11.4,4.673328578219169
69,0,69,9.2,1.9390719429665317
70,0,70,9.0,2.449489742783178
71,0,71,9.4,3.5552777669262356
72,0,72,12.6,7.939773296511683
73,0,73,13.6,5.642694391866353
74,0,74,22.4,9.393614852653903
75,0,75,14.4,9.951884243699784
76,0,76,46.6,27.543420266916744
77,0,77,15.6,2.4166091947189146
78,0,78,7.0,1.5491933384829668
79,0,79,5.8,0.9797958971132712
80,0,80,6.4,0.48989794855663565
81,0,81,12.0,7.536577472566709
82,0,82,11.2,3.370459909270543
83,0,83,10.8,1.32664991614216
84,0,84,27.2,12.781236246936365
85,0,85,7.4,1.8547236990991407
86,0,86,8.0,2.5298221281347035
87,0,87,12.0,2.6832815729997477
88,0,88,41.0,21.6794833886788
89,0,89,6.8,1.16619037896906
90,0,90,12.0,4.560701700396552
91,0,91,8.0,3.03315017762062
92,0,92,6.0,0.6324555320336759
93,0,93,46.4,52.155920085834936
94,0,94,6.8,0.39999999999999997
95,0,95,32.4,18.358649187780674
96,0,96,11.4,4.409081537009721
97,0,97,7.2,1.6
98,0,98,23.6,14.305243793798132
99,0,99,56.0,57.452589149663225
100,1,0,11.4,3.4985711369071804
101,1,1,7.0,1.6733200530681511
102,1,2,28.8,10.186265262597475
103,1,3,18.6,13.979985693841035
104,1,4,15.8,2.1354156504062622
105,1,5,86.2,135.9329246356452
106,1,6,18.4,14.499655168313486
107,1,7,23.6,11.926441212700459
108,1,8,32.8,7.520638270785266
109,1,9,166.0,127.22892752829445
110,1,10,12.8,4.166533331199932
111,1,11,15.0,2.6076809620810595
112,1,12,7.0,1.7888543819998317
113,1,13,26.8,19.145756710038913
114,1,14,12.6,5.388877434122992
115,1,15,41.0,61.67981841737215
116,1,16,60.0,51.79575272162767
117,1,17,18.4,12.658593918757328
118,1,18,11.6,3.006659275674582
119,1,19,11.6,4.17612260356422
120,1,20,26.4,12.924395537122809
121,1,21,22.6,22.24050359142077
122,1,22,9.6,2.1540659228538015
123,1,23,42.8,35.61684994493477
124,1,24,48.8,45.44183094902757
125,1,25,8.8,1.8330302779823362
126,1,26,21.2,10.961751684835777
127,1,27,100.4,119.96432803129436
128,1,28,43.6,52.758316879900555
129,1,29,13.8,4.019950248448357
130,1,30,38.8,31.977492084277024
131,1,31,25.0,15.974980438172686
132,1,32,9.6,1.7435595774162693
133,1,33,15.8,7.413501197140255
134,1,34,8.6,1.7435595774162693
135,1,35,14.4,10.892199043352083
136,1,36,34.4,24.96076921891631
137,1,37,13.0,4.857983120596447
138,1,38,49.6,24.77579463912308
139,1,39,25.6,9.93176721434811
140,1,40,13.6,7.863841300534999
141,1,41,67.2,45.52537753824783
142,1,42,15.8,11.42628548566856
143,1,43,12.4,5.782732917920384
144,1,44,10.4,3.7202150475476548
145,1,45,8.2,1.6
146,1,46,152.6,198.8221315648738
147,1,47,8.2,1.1661903789690602
148,1,48,17.6,6.019966777316964
149,1,49,32.6,16.16910634512619
150,1,50,19.4,6.053098380168622
151,1,51,9.4,2.0591260281974
152,1,52,9.8,1.469693845669907
153,1,53,8.0,3.286335345030997
154,1,54,9.6,3.1999999999999997
155,1,55,266.0,325.0279987939501
156,1,56,7.2,0.7483314773547882
157,1,57,188.2,157.1577551379505
158,1,58,12.2,1.8330302779823362
159,1,59,7.8,1.7204650534085253
160,1,60,10.6,3.1368774282716245
161,1,61,15.8,9.987992791347018
162,1,62,86.6,52.11755942098594
163,1,63,13.0,6.6932802122726045
164,1,64,33.6,12.955307792561317
165,1,65,7.6,2.1540659228538015
166,1,66,15.2,3.9698866482558417
167,1,67,14.8,5.30659966456864
168,1,68,13.4,4.454211490264018
169,1,69,21.0,8.854377448471462
170,1,70,37.6,12.354756169184402
171,1,71,9.4,4.454211490264018
172,1,72,10.8,2.6381811916545836
173,1,73,6.6,0.7999999999999999
174,1,74,12.0,3.3466401061363023
175,1,75,14.4,6.887670143089026
176,1,76,27.2,5.418486873657627
177,1,77,13.2,5.075431016179809
178,1,78,19.2,8.930845424706442
179,1,79,5.6,1.7435595774162693
180,1,80,11.4,3.5552777669262356
181,1,81,28.6,18.639742487491613
182,1,82,6.6,0.7999999999999999
183,1,83,14.0,4.0
184,1,84,5.2,0.39999999999999997
185,1,85,7.6,2.8705400188814645
186,1,86,11.8,4.019950248448357
187,1,87,17.8,7.8587530817554
188,1,88,43.6,32.140939625343876
189,1,89,47.4,18.2931681236466
190,1,90,53.2,57.28315633761813
191,1,91,23.6,13.275541420220872
192,1,92,20.8,11.443775600735973
193,1,93,6.0,1.0954451150103321
194,1,94,29.4,21.14332045824402
195,1,95,25.4,16.632498309033434
196,1,96,9.6,4.029888335921977
197,1,97,10.4,3.006659275674582
198,1,98,32.2,22.148589119851405
199,1,99,16.4,11.48216007552586
200,2,0,25.6,20.015993605114886
201,2,1,176.6,202.0550420058851
202,2,2,12.2,5.418486873657627
203,2,3,7.0,0.8944271909999159
204,2,4,15.2,0.7483314773547882
205,2,5,40.8,25.69357896440276
206,2,6,9.8,1.8330302779823358
207,2,7,17.2,4.749736834815167
208,2,8,29.8,11.98999582985749
209,2,9,5.6,1.2
210,2,10,106.8,86.49947976722173
211,2,11,11.4,5.161395160225576
212,2,12,9.4,3.32264954516723
213,2,13,75.6,72.70928413895986
214,2,14,12.2,3.4871191548325386
215,2,15,9.4,2.4166091947189146
216,2,16,11.2,5.491812087098392
217,2,17,16.4,5.986651818838306
218,2,18,18.4,22.861321046693693
219,2,19,11.2,2.1354156504062622
220,2,20,10.0,5.329165037789691
221,2,21,12.2,5.67097875150313
222,2,22,12.6,6.086049621881176
223,2,23,7.8,3.1874754901018454
224,2,24,6.6,0.7999999999999999
225,2,25,11.6,5.782732917920384
226,2,26,15.8,6.9397406291589885
227,2,27,20.8,19.374209661299737
228,2,28,27.8,11.338430226446693
229,2,29,11.2,2.7856776554368237
230,2,30,7.6,2.1540659228538015
231,2,31,15.2,7.386474125047755
232,2,32,6.6,1.0198039027185568
233,2,33,11.0,2.756809750418044
234,2,34,28.2,11.443775600735973
235,2,35,5.2,0.39999999999999997
236,2,36,18.8,3.867815921162743
237,2,37,9.8,6.209669878504009
238,2,38,14.4,7.002856560004639
239,2,39,6.0,0.6324555320336759
240,2,40,12.8,5.878775382679628
241,2,41,34.8,22.175662335091598
242,2,42,25.0,16.73320053068151
243,2,43,25.8,7.756287771866127
244,2,44,42.8,16.868906307167634
245,2,45,41.0,46.22986047999712
246,2,46,13.0,5.0990195135927845
247,2,47,8.4,2.939387691339814
248,2,48,49.2,23.87802336877992
249,2,49,17.8,9.303762679690406
250,2,50,112.4,108.32654337695817
251,2,51,7.6,1.3564659966250536
252,2,52,16.0,20.00999750124922
253,2,53,20.6,5.499090833947008
254,2,54,120.2,102.25732247619239
255,2,55,17.0,8.831760866327848
256,2,56,15.4,10.209799214480174
257,2,57,29.6,14.74584687293341
258,2,58,32.2,13.731715115017497
259,2,59,29.8,14.019985734657507
260,2,60,12.6,5.885575587824865
261,2,61,9.6,2.244994432064365
262,2,62,64.2,68.93881345076952
263,2,63,7.2,2.039607805437114
264,2,64,10.0,5.656854249492381
265,2,65,7.4,2.4979991993593593
266,2,66,5.2,0.39999999999999997
267,2,67,10.8,3.1874754901018454
268,2,68,20.4,4.317406628984581
269,2,69,8.6,2.4979991993593593
270,2,70,10.0,1.4142135623730951
271,2,71,13.4,3.1368774282716245
272,2,72,128.2,76.08784396997986
273,2,73,16.4,8.138795979750322
274,2,74,20.8,11.034491379306976
275,2,75,9.8,3.54400902933387
276,2,76,17.2,3.370459909270543
277,2,77,33.0,34.51376536977674
278,2,78,34.4,25.09661331733826
279,2,79,56.6,56.37233363982726
280,2,80,28.2,8.97552226892675
281,2,81,35.6,22.437468662930762
282,2,82,19.0,3.521363372331802
283,2,83,43.6,49.7377120503145
284,2,84,24.6,11.976643937263894
285,2,85,10.0,3.847076812334269
286,2,86,12.4,6.118823416311343
287,2,87,14.4,4.2708313008125245
288,2,88,29.6,22.817537115122658
289,2,89,13.8,3.7094473981982814
290,2,90,13.4,5.851495535331117
291,2,91,13.2,1.7204650534085253
292,2,92,17.8,16.714065932620944
293,2,93,19.8,6.997142273814361
294,2,94,76.8,58.72103541321458
295,2,95,166.0,230.79774695607406
296,2,96,11.6,5.571355310873648
297,2,97,10.6,8.309031231136395
298,2,98,16.2,4.791659420284375
299,2,99,34.6,14.595889832415152
300,4,0,18.0,7.183313998427188
301,4,1,8.6,2.8
302,4,2,14.8,3.9698866482558417
303,4,3,6.6,0.48989794855663565
304,4,4,13.4,1.019803902718557
305,4,5,11.4,3.6110940170535577
306,4,6,40.6,43.9117296402681
307,4,7,5.4,0.4898979485566356
308,4,8,8.2,1.9390719429665315
309,4,9,8.6,2.0591260281974
310,4,10,8.4,2.0591260281974
311,4,11,8.2,1.5999999999999999
312,4,12,7.2,1.7204650534085253
313,4,13,11.2,3.4871191548325386
314,4,14,6.8,3.124099870362662
315,4,15,19.4,7.552483035399682
316,4,16,6.8,1.6
317,4,17,5.8,1.16619037896906
318,4,18,5.0,0.0
319,4,19,5.8,0.7483314773547882
320,4,20,7.4,1.2
321,4,21,197.6,364.2425565471448
322,4,22,14.4,8.957678270623477
323,4,23,18.2,10.514751542475933
324,4,24,8.6,2.33238075793812
325,4,25,5.0,0.6324555320336759
326,4,26,6.4,0.48989794855663565
327,4,27,15.8,3.1240998703626617
328,4,28,61.8,86.25868072258002
329,4,29,6.2,0.39999999999999997
330,4,30,4.8,0.39999999999999997
331,4,31,10.0,2.8284271247461903
332,4,32,7.4,3.0066592756745814
333,4,33,11.0,5.366563145999495
334,4,34,270.4,329.9761203481246
335,4,35,7.2,1.6
336,4,36,9.2,2.85657137141714
337,4,37,17.8,8.280096617793781
338,4,38,6.4,0.7999999999999999
339,4,39,5.8,0.7483314773547882
340,4,40,7.0,1.0954451150103321
341,4,41,107.2,129.40850049359202
342,4,42,856.0,1181.4081428532647
343,4,43,2792.8,2674.502376144018
344,4,44,12.0,5.0990195135927845
345,4,45,16.2,3.9698866482558417
346,4,46,13.2,7.332121111929345
347,4,47,4.8,0.39999999999999997
348,4,48,11.4,4.882622246293481
349,4,49,11.0,10.099504938362077
350,4,50,327.8,359.21881910612643
351,4,51,6.6,1.2
352,4,52,5.6,0.4898979485566356
353,4,53,12.0,3.847076812334269
354,4,54,7.2,1.6
355,4,55,7.2,2.4819347291981715
356,4,56,5.6,0.8
357,4,57,7.0,3.03315017762062
358,4,58,42.6,41.62979702088398
359,4,59,7.2,1.5999999999999999
360,4,60,5.6,0.48989794855663565
361,4,61,12.2,4.621688003316537
362,4,62,5.6,0.48989794855663565
363,4,63,6.0,1.0954451150103321
364,4,64,22.2,25.18253362948216
365,4,65,14.0,11.7983049630021
366,4,66,11.8,4.707440918375928
367,4,67,5.2,0.39999999999999997
368,4,68,12.8,6.3999999999999995
369,4,69,6.8,0.9797958971132712
370,4,70,7.0,2.280350850198276
371,4,71,28.2,19.84338680769994
372,4,72,14.6,14.732277488562316
373,4,73,7.8,3.249615361854384
374,4,74,6.4,0.8
375,4,75,9.2,4.019950248448356
376,4,76,40.0,57.61597000832321
377,4,77,8.0,2.280350850198276
378,4,78,5.6,1.0198039027185568
379,4,79,16.0,7.5099933422074345
380,4,80,20.4,8.522910301065007
381,4,81,808.4,1207.9267527462084
382,4,82,17.6,8.685620300243386
383,4,83,7.0,3.03315017762062
384,4,84,6.8,1.16619037896906
385,4,85,7.6,3.2619012860600183
386,4,86,69.6,110.27529188354026
387,4,87,22.0,21.13764414498456
388,4,88,6.6,0.8
389,4,89,7.0,1.4142135623730951
390,4,90,50.0,79.10752176626443
391,4,91,34.4,25.50764591254944
392,4,92,10.8,4.354308211415448
393,4,93,5.2,0.39999999999999997
394,4,94,6.6,2.33238075793812
395,4,95,6.4,0.8
396,4,96,15.6,11.976643937263892
397,4,97,7.0,1.0954451150103321
398,4,98,14.0,6.723094525588644
399,4,99,6.6,0.48989794855663565
