,Replay type,Individual,Convergence trial,Performance at Convergence,Time to Convergence
0,0,0,9.0,28.0,820.0
1,0,1,0.0,71.0,71.0
2,0,2,14.0,12.0,769.0
3,0,3,5.0,17.0,248.0
4,0,4,2.0,29.0,252.0
5,0,5,8.0,30.0,775.0
6,0,6,5.0,65.0,289.0
7,0,7,4.0,37.0,459.0
8,0,8,0.0,53.0,53.0
9,0,9,11.0,14.0,1008.0
10,0,10,11.0,20.0,561.0
11,0,11,12.0,16.0,767.0
12,0,12,10.0,35.0,515.0
13,0,13,7.0,35.0,707.0
14,0,14,11.0,12.0,780.0
15,0,15,14.0,31.0,1020.0
16,0,16,7.0,25.0,705.0
17,0,17,8.0,16.0,527.0
18,0,18,9.0,22.0,812.0
19,0,19,2.0,40.0,528.0
20,0,20,2.0,44.0,263.0
21,0,21,10.0,51.0,541.0
22,0,22,4.0,83.0,350.0
23,0,23,6.0,19.0,394.0
24,0,24,5.0,53.0,405.0
25,0,25,23.0,30.0,800.0
26,0,26,6.0,28.0,626.0
27,0,27,6.0,43.0,557.0
28,0,28,10.0,17.0,504.0
29,0,29,5.0,37.0,706.0
30,0,30,7.0,17.0,462.0
31,0,31,6.0,29.0,626.0
32,0,32,,,
33,0,33,5.0,53.0,214.0
34,0,34,5.0,35.0,456.0
35,0,35,2.0,71.0,93.0
36,0,36,5.0,42.0,369.0
37,0,37,2.0,78.0,384.0
38,0,38,10.0,32.0,556.0
39,0,39,7.0,28.0,667.0
40,0,40,11.0,38.0,673.0
41,0,41,6.0,51.0,489.0
42,0,42,10.0,22.0,558.0
43,0,43,1.0,35.0,65.0
44,0,44,8.0,53.0,637.0
45,0,45,12.0,14.0,732.0
46,0,46,6.0,33.0,505.0
47,0,47,9.0,40.0,888.0
48,0,48,12.0,21.0,674.0
49,0,49,8.0,27.0,497.0
50,0,50,9.0,23.0,442.0
51,0,51,2.0,68.0,395.0
52,0,52,2.0,20.0,256.0
53,0,53,3.0,51.0,525.0
54,0,54,15.0,30.0,851.0
55,0,55,4.0,52.0,529.0
56,0,56,11.0,14.0,624.0
57,0,57,8.0,43.0,924.0
58,0,58,8.0,29.0,618.0
59,0,59,13.0,21.0,707.0
60,0,60,3.0,48.0,208.0
61,0,61,4.0,76.0,541.0
62,0,62,2.0,46.0,358.0
63,0,63,1.0,58.0,221.0
64,0,64,2.0,45.0,290.0
65,0,65,1.0,134.0,166.0
66,0,66,14.0,19.0,379.0
67,0,67,3.0,32.0,128.0
68,0,68,9.0,35.0,365.0
69,0,69,9.0,40.0,983.0
70,0,70,6.0,24.0,544.0
71,0,71,0.0,51.0,51.0
72,0,72,13.0,23.0,859.0
73,0,73,3.0,41.0,492.0
74,0,74,10.0,31.0,649.0
75,0,75,6.0,21.0,280.0
76,0,76,8.0,46.0,413.0
77,0,77,7.0,23.0,409.0
78,0,78,1.0,37.0,397.0
79,0,79,9.0,52.0,614.0
80,0,80,0.0,38.0,38.0
81,0,81,9.0,36.0,805.0
82,0,82,11.0,17.0,637.0
83,0,83,9.0,24.0,738.0
84,0,84,9.0,15.0,833.0
85,0,85,2.0,30.0,161.0
86,0,86,8.0,22.0,274.0
87,0,87,0.0,74.0,74.0
88,0,88,9.0,22.0,671.0
89,0,89,7.0,25.0,632.0
90,0,90,5.0,26.0,366.0
91,0,91,10.0,23.0,534.0
92,0,92,6.0,89.0,321.0
93,0,93,,,
94,0,94,3.0,36.0,622.0
95,0,95,12.0,17.0,620.0
96,0,96,3.0,20.0,313.0
97,0,97,0.0,177.0,177.0
98,0,98,5.0,32.0,333.0
99,0,99,13.0,42.0,773.0
100,1,0,1.0,16.0,100.0
101,1,1,5.0,30.0,497.0
102,1,2,4.0,26.0,181.0
103,1,3,3.0,37.0,322.0
104,1,4,1.0,25.0,103.0
105,1,5,0.0,52.0,52.0
106,1,6,9.0,27.0,195.0
107,1,7,11.0,20.0,406.0
108,1,8,1.0,20.0,73.0
109,1,9,7.0,33.0,217.0
110,1,10,9.0,20.0,515.0
111,1,11,4.0,26.0,997.0
112,1,12,,,
113,1,13,3.0,42.0,200.0
114,1,14,1.0,21.0,393.0
115,1,15,1.0,16.0,71.0
116,1,16,5.0,36.0,194.0
117,1,17,0.0,34.0,34.0
118,1,18,12.0,35.0,1319.0
119,1,19,5.0,36.0,488.0
120,1,20,4.0,29.0,293.0
121,1,21,1.0,19.0,117.0
122,1,22,0.0,50.0,50.0
123,1,23,10.0,28.0,366.0
124,1,24,2.0,27.0,68.0
125,1,25,18.0,46.0,1946.0
126,1,26,1.0,29.0,244.0
127,1,27,4.0,19.0,168.0
128,1,28,8.0,25.0,283.0
129,1,29,11.0,29.0,802.0
130,1,30,8.0,109.0,913.0
131,1,31,4.0,12.0,276.0
132,1,32,,,
133,1,33,0.0,37.0,37.0
134,1,34,0.0,43.0,43.0
135,1,35,21.0,59.0,1247.0
136,1,36,12.0,48.0,332.0
137,1,37,4.0,15.0,121.0
138,1,38,21.0,172.0,2462.0
139,1,39,9.0,33.0,585.0
140,1,40,15.0,15.0,2066.0
141,1,41,13.0,13.0,416.0
142,1,42,9.0,29.0,529.0
143,1,43,1.0,16.0,46.0
144,1,44,11.0,23.0,339.0
145,1,45,1.0,15.0,72.0
146,1,46,1.0,33.0,199.0
147,1,47,9.0,16.0,525.0
148,1,48,2.0,27.0,171.0
149,1,49,0.0,21.0,21.0
150,1,50,1.0,16.0,60.0
151,1,51,3.0,47.0,802.0
152,1,52,8.0,42.0,547.0
153,1,53,5.0,70.0,369.0
154,1,54,20.0,26.0,1649.0
155,1,55,10.0,14.0,800.0
156,1,56,13.0,28.0,548.0
157,1,57,6.0,31.0,865.0
158,1,58,0.0,42.0,42.0
159,1,59,2.0,16.0,353.0
160,1,60,6.0,15.0,606.0
161,1,61,1.0,47.0,98.0
162,1,62,7.0,47.0,639.0
163,1,63,1.0,32.0,195.0
164,1,64,10.0,25.0,1005.0
165,1,65,0.0,32.0,32.0
166,1,66,6.0,37.0,276.0
167,1,67,3.0,35.0,187.0
168,1,68,0.0,18.0,18.0
169,1,69,6.0,17.0,268.0
170,1,70,2.0,35.0,320.0
171,1,71,3.0,42.0,460.0
172,1,72,3.0,13.0,136.0
173,1,73,10.0,24.0,887.0
174,1,74,0.0,52.0,52.0
175,1,75,4.0,40.0,158.0
176,1,76,1.0,17.0,50.0
177,1,77,5.0,32.0,167.0
178,1,78,1.0,29.0,389.0
179,1,79,0.0,21.0,21.0
180,1,80,7.0,21.0,447.0
181,1,81,9.0,26.0,461.0
182,1,82,0.0,51.0,51.0
183,1,83,15.0,19.0,1022.0
184,1,84,1.0,14.0,467.0
185,1,85,21.0,30.0,685.0
186,1,86,0.0,39.0,39.0
187,1,87,18.0,49.0,1102.0
188,1,88,7.0,38.0,588.0
189,1,89,6.0,27.0,341.0
190,1,90,0.0,39.0,39.0
191,1,91,5.0,22.0,157.0
192,1,92,1.0,24.0,66.0
193,1,93,2.0,33.0,202.0
194,1,94,,,
195,1,95,5.0,28.0,400.0
196,1,96,13.0,37.0,1106.0
197,1,97,2.0,30.0,222.0
198,1,98,3.0,19.0,1093.0
199,1,99,5.0,24.0,392.0
200,2,0,1.0,16.0,100.0
201,2,1,9.0,70.0,390.0
202,2,2,11.0,16.0,720.0
203,2,3,2.0,43.0,195.0
204,2,4,1.0,25.0,103.0
205,2,5,1.0,40.0,92.0
206,2,6,8.0,15.0,254.0
207,2,7,21.0,24.0,1319.0
208,2,8,1.0,20.0,73.0
209,2,9,13.0,32.0,391.0
210,2,10,9.0,29.0,380.0
211,2,11,8.0,21.0,830.0
212,2,12,12.0,25.0,831.0
213,2,13,5.0,45.0,252.0
214,2,14,4.0,39.0,464.0
215,2,15,13.0,18.0,799.0
216,2,16,1.0,24.0,123.0
217,2,17,6.0,104.0,548.0
218,2,18,11.0,22.0,963.0
219,2,19,3.0,25.0,430.0
220,2,20,5.0,34.0,264.0
221,2,21,1.0,12.0,110.0
222,2,22,1.0,38.0,88.0
223,2,23,3.0,32.0,196.0
224,2,24,2.0,27.0,68.0
225,2,25,13.0,21.0,639.0
226,2,26,,,
227,2,27,17.0,27.0,679.0
228,2,28,14.0,34.0,509.0
229,2,29,6.0,7.0,661.0
230,2,30,2.0,30.0,223.0
231,2,31,9.0,62.0,390.0
232,2,32,11.0,19.0,951.0
233,2,33,6.0,92.0,262.0
234,2,34,0.0,43.0,43.0
235,2,35,3.0,59.0,131.0
236,2,36,14.0,19.0,428.0
237,2,37,1.0,15.0,62.0
238,2,38,17.0,39.0,1249.0
239,2,39,4.0,30.0,407.0
240,2,40,9.0,22.0,763.0
241,2,41,3.0,16.0,207.0
242,2,42,7.0,59.0,348.0
243,2,43,8.0,18.0,176.0
244,2,44,7.0,41.0,278.0
245,2,45,6.0,28.0,175.0
246,2,46,1.0,33.0,199.0
247,2,47,1.0,11.0,207.0
248,2,48,20.0,36.0,595.0
249,2,49,0.0,21.0,21.0
250,2,50,4.0,15.0,118.0
251,2,51,7.0,17.0,570.0
252,2,52,4.0,15.0,1610.0
253,2,53,1.0,30.0,210.0
254,2,54,4.0,13.0,287.0
255,2,55,9.0,11.0,1162.0
256,2,56,1.0,27.0,266.0
257,2,57,16.0,66.0,1469.0
258,2,58,0.0,42.0,42.0
259,2,59,3.0,30.0,383.0
260,2,60,8.0,21.0,389.0
261,2,61,4.0,21.0,291.0
262,2,62,1.0,33.0,333.0
263,2,63,1.0,32.0,195.0
264,2,64,22.0,26.0,2805.0
265,2,65,0.0,32.0,32.0
266,2,66,2.0,23.0,82.0
267,2,67,0.0,65.0,65.0
268,2,68,0.0,18.0,18.0
269,2,69,2.0,34.0,168.0
270,2,70,2.0,37.0,322.0
271,2,71,0.0,51.0,51.0
272,2,72,4.0,23.0,679.0
273,2,73,15.0,45.0,780.0
274,2,74,0.0,52.0,52.0
275,2,75,4.0,27.0,188.0
276,2,76,3.0,15.0,97.0
277,2,77,10.0,25.0,318.0
278,2,78,1.0,29.0,389.0
279,2,79,22.0,8.0,606.0
280,2,80,23.0,22.0,1418.0
281,2,81,4.0,39.0,319.0
282,2,82,0.0,51.0,51.0
283,2,83,16.0,28.0,1382.0
284,2,84,6.0,10.0,543.0
285,2,85,7.0,53.0,312.0
286,2,86,0.0,39.0,39.0
287,2,87,0.0,74.0,74.0
288,2,88,10.0,25.0,631.0
289,2,89,7.0,25.0,369.0
290,2,90,0.0,39.0,39.0
291,2,91,0.0,33.0,33.0
292,2,92,6.0,14.0,208.0
293,2,93,2.0,33.0,202.0
294,2,94,11.0,38.0,1368.0
295,2,95,7.0,51.0,638.0
296,2,96,7.0,15.0,232.0
297,2,97,5.0,34.0,267.0
298,2,98,3.0,43.0,1263.0
299,2,99,7.0,24.0,386.0
300,3,0,,,
301,3,1,,,
302,3,2,,,
303,3,3,,,
304,3,4,,,
305,3,5,,,
306,3,6,,,
307,3,7,,,
308,3,8,,,
309,3,9,,,
310,3,10,,,
311,3,11,,,
312,3,12,,,
313,3,13,,,
314,3,14,,,
315,3,15,,,
316,3,16,,,
317,3,17,,,
318,3,18,,,
319,3,19,,,
320,3,20,,,
321,3,21,,,
322,3,22,,,
323,3,23,,,
324,3,24,,,
325,3,25,,,
326,3,26,,,
327,3,27,,,
328,3,28,,,
329,3,29,,,
330,3,30,,,
331,3,31,,,
332,3,32,,,
333,3,33,,,
334,3,34,,,
335,3,35,,,
336,3,36,,,
337,3,37,,,
338,3,38,,,
339,3,39,,,
340,3,40,,,
341,3,41,,,
342,3,42,,,
343,3,43,,,
344,3,44,,,
345,3,45,,,
346,3,46,,,
347,3,47,,,
348,3,48,,,
349,3,49,,,
350,3,50,,,
351,3,51,,,
352,3,52,,,
353,3,53,,,
354,3,54,,,
355,3,55,,,
356,3,56,,,
357,3,57,,,
358,3,58,,,
359,3,59,,,
360,3,60,,,
361,3,61,,,
362,3,62,,,
363,3,63,,,
364,3,64,,,
365,3,65,,,
366,3,66,,,
367,3,67,,,
368,3,68,,,
369,3,69,,,
370,3,70,,,
371,3,71,,,
372,3,72,,,
373,3,73,,,
374,3,74,,,
375,3,75,,,
376,3,76,,,
377,3,77,,,
378,3,78,,,
379,3,79,,,
380,3,80,,,
381,3,81,,,
382,3,82,,,
383,3,83,,,
384,3,84,,,
385,3,85,,,
386,3,86,,,
387,3,87,,,
388,3,88,,,
389,3,89,,,
390,3,90,,,
391,3,91,,,
392,3,92,,,
393,3,93,,,
394,3,94,,,
395,3,95,,,
396,3,96,,,
397,3,97,,,
398,3,98,,,
399,3,99,,,
400,4,0,2.0,31.0,131.0
401,4,1,2.0,42.0,136.0
402,4,2,1.0,20.0,119.0
403,4,3,17.0,31.0,2758.0
404,4,4,1.0,22.0,100.0
405,4,5,2.0,21.0,106.0
406,4,6,5.0,29.0,163.0
407,4,7,12.0,21.0,1755.0
408,4,8,,,
409,4,9,5.0,46.0,134.0
410,4,10,11.0,33.0,927.0
411,4,11,5.0,33.0,477.0
412,4,12,7.0,72.0,1977.0
413,4,13,15.0,381.0,4120.0
414,4,14,22.0,226.0,1855.0
415,4,15,3.0,25.0,165.0
416,4,16,5.0,17.0,355.0
417,4,17,21.0,88.0,2343.0
418,4,18,,,
419,4,19,2.0,14.0,376.0
420,4,20,3.0,22.0,203.0
421,4,21,1.0,24.0,122.0
422,4,22,2.0,23.0,111.0
423,4,23,0.0,27.0,27.0
424,4,24,2.0,27.0,68.0
425,4,25,18.0,27.0,1202.0
426,4,26,7.0,36.0,429.0
427,4,27,3.0,12.0,673.0
428,4,28,4.0,12.0,175.0
429,4,29,10.0,20.0,1647.0
430,4,30,1.0,35.0,216.0
431,4,31,,,
432,4,32,14.0,14.0,7651.0
433,4,33,3.0,14.0,77.0
434,4,34,2.0,24.0,79.0
435,4,35,9.0,29.0,581.0
436,4,36,7.0,20.0,178.0
437,4,37,1.0,15.0,62.0
438,4,38,4.0,44.0,2439.0
439,4,39,1.0,14.0,293.0
440,4,40,0.0,24.0,24.0
441,4,41,22.0,15.0,1367.0
442,4,42,1.0,23.0,112.0
443,4,43,1.0,15.0,45.0
444,4,44,5.0,17.0,187.0
445,4,45,0.0,57.0,57.0
446,4,46,1.0,27.0,193.0
447,4,47,23.0,1535.0,11953.0
448,4,48,14.0,85.0,725.0
449,4,49,0.0,21.0,21.0
450,4,50,15.0,206.0,1414.0
451,4,51,8.0,24.0,1791.0
452,4,52,11.0,13.0,2103.0
453,4,53,23.0,10.0,7130.0
454,4,54,,,
455,4,55,1.0,13.0,228.0
456,4,56,7.0,31.0,372.0
457,4,57,23.0,57.0,8921.0
458,4,58,0.0,42.0,42.0
459,4,59,1.0,16.0,341.0
460,4,60,23.0,19.0,2589.0
461,4,61,2.0,26.0,124.0
462,4,62,8.0,36.0,732.0
463,4,63,2.0,10.0,847.0
464,4,64,,,
465,4,65,0.0,32.0,32.0
466,4,66,23.0,110.0,1459.0
467,4,67,0.0,65.0,65.0
468,4,68,0.0,18.0,18.0
469,4,69,20.0,117.0,2366.0
470,4,70,23.0,32.0,1424.0
471,4,71,3.0,13.0,139.0
472,4,72,5.0,24.0,193.0
473,4,73,2.0,54.0,455.0
474,4,74,2.0,31.0,159.0
475,4,75,11.0,35.0,354.0
476,4,76,1.0,17.0,50.0
477,4,77,18.0,17.0,682.0
478,4,78,2.0,12.0,403.0
479,4,79,0.0,21.0,21.0
480,4,80,0.0,38.0,38.0
481,4,81,1.0,13.0,248.0
482,4,82,22.0,54.0,1166.0
483,4,83,1.0,29.0,245.0
484,4,84,,,
485,4,85,21.0,45.0,970.0
486,4,86,0.0,39.0,39.0
487,4,87,12.0,17.0,1125.0
488,4,88,17.0,25.0,1659.0
489,4,89,1.0,15.0,196.0
490,4,90,0.0,39.0,39.0
491,4,91,0.0,33.0,33.0
492,4,92,1.0,24.0,66.0
493,4,93,10.0,37.0,903.0
494,4,94,11.0,10.0,3827.0
495,4,95,4.0,25.0,293.0
496,4,96,4.0,14.0,352.0
497,4,97,7.0,30.0,1450.0
498,4,98,7.0,34.0,2180.0
499,4,99,3.0,32.0,164.0
