,Replay type,Individual,Convergence trial,Performance at Convergence,Time to Convergence
0,0,0,8.0,23.0,1744.0
1,0,1,2.0,25.0,623.0
2,0,2,17.0,13.0,1671.0
3,0,3,6.0,45.0,1144.0
4,0,4,4.0,35.0,841.0
5,0,5,12.0,5.0,1801.0
6,0,6,16.0,13.0,1871.0
7,0,7,1.0,17.0,305.0
8,0,8,14.0,12.0,1927.0
9,0,9,15.0,12.0,774.0
10,0,10,3.0,27.0,507.0
11,0,11,5.0,10.0,618.0
12,0,12,4.0,29.0,1212.0
13,0,13,7.0,14.0,1896.0
14,0,14,3.0,14.0,2225.0
15,0,15,4.0,41.0,639.0
16,0,16,14.0,6.0,1827.0
17,0,17,1.0,21.0,166.0
18,0,18,9.0,6.0,1303.0
19,0,19,9.0,6.0,1164.0
20,0,20,6.0,14.0,1171.0
21,0,21,6.0,11.0,1323.0
22,0,22,3.0,17.0,658.0
23,0,23,5.0,32.0,1022.0
24,0,24,6.0,27.0,1522.0
25,0,25,8.0,19.0,1705.0
26,0,26,12.0,18.0,2311.0
27,0,27,4.0,18.0,2676.0
28,0,28,10.0,12.0,2031.0
29,0,29,8.0,19.0,1445.0
30,0,30,13.0,7.0,3066.0
31,0,31,14.0,15.0,1383.0
32,0,32,12.0,9.0,1161.0
33,0,33,4.0,40.0,873.0
34,0,34,9.0,14.0,1690.0
35,0,35,13.0,10.0,1428.0
36,0,36,9.0,20.0,1596.0
37,0,37,4.0,11.0,615.0
38,0,38,8.0,22.0,967.0
39,0,39,8.0,7.0,430.0
40,0,40,5.0,27.0,408.0
41,0,41,17.0,11.0,639.0
42,0,42,4.0,19.0,1170.0
43,0,43,1.0,14.0,458.0
44,0,44,4.0,13.0,277.0
45,0,45,11.0,18.0,775.0
46,0,46,13.0,9.0,1400.0
47,0,47,2.0,29.0,1289.0
48,0,48,15.0,16.0,575.0
49,0,49,6.0,32.0,988.0
50,0,50,3.0,8.0,603.0
51,0,51,3.0,25.0,988.0
52,0,52,6.0,11.0,173.0
53,0,53,3.0,63.0,1066.0
54,0,54,7.0,10.0,486.0
55,0,55,1.0,13.0,278.0
56,0,56,4.0,32.0,3960.0
57,0,57,6.0,16.0,2040.0
58,0,58,11.0,29.0,1909.0
59,0,59,8.0,16.0,2147.0
60,0,60,2.0,18.0,701.0
61,0,61,7.0,5.0,914.0
62,0,62,11.0,15.0,2068.0
63,0,63,8.0,47.0,1021.0
64,0,64,8.0,11.0,1218.0
65,0,65,10.0,12.0,1865.0
66,0,66,5.0,24.0,509.0
67,0,67,10.0,14.0,550.0
68,0,68,9.0,15.0,1975.0
69,0,69,4.0,32.0,891.0
70,0,70,17.0,20.0,1068.0
71,0,71,9.0,9.0,2278.0
72,0,72,7.0,12.0,840.0
73,0,73,8.0,41.0,1827.0
74,0,74,15.0,28.0,1430.0
75,0,75,9.0,26.0,743.0
76,0,76,8.0,40.0,2739.0
77,0,77,2.0,32.0,885.0
78,0,78,9.0,9.0,671.0
79,0,79,15.0,19.0,1366.0
80,0,80,12.0,10.0,738.0
81,0,81,6.0,16.0,1330.0
82,0,82,3.0,42.0,582.0
83,0,83,3.0,17.0,411.0
84,0,84,3.0,22.0,1635.0
85,0,85,14.0,8.0,2045.0
86,0,86,10.0,11.0,2093.0
87,0,87,10.0,28.0,969.0
88,0,88,21.0,37.0,1874.0
89,0,89,2.0,13.0,351.0
90,0,90,16.0,21.0,1107.0
91,0,91,8.0,22.0,649.0
92,0,92,5.0,6.0,1694.0
93,0,93,,,
94,0,94,8.0,11.0,1374.0
95,0,95,3.0,16.0,1309.0
96,0,96,7.0,59.0,1850.0
97,0,97,16.0,10.0,3706.0
98,0,98,9.0,19.0,1904.0
99,0,99,7.0,13.0,663.0
100,1,0,2.0,14.0,229.0
101,1,1,2.0,38.0,1146.0
102,1,2,4.0,18.0,95.0
103,1,3,2.0,9.0,2426.0
104,1,4,1.0,20.0,132.0
105,1,5,,,
106,1,6,3.0,6.0,189.0
107,1,7,1.0,60.0,387.0
108,1,8,11.0,16.0,3774.0
109,1,9,11.0,9.0,3701.0
110,1,10,1.0,7.0,109.0
111,1,11,1.0,8.0,50.0
112,1,12,17.0,28.0,2619.0
113,1,13,23.0,17.0,2248.0
114,1,14,3.0,8.0,1360.0
115,1,15,3.0,13.0,1930.0
116,1,16,1.0,10.0,557.0
117,1,17,4.0,6.0,93.0
118,1,18,,,
119,1,19,12.0,14.0,1290.0
120,1,20,10.0,55.0,1036.0
121,1,21,23.0,18.0,967.0
122,1,22,15.0,39.0,867.0
123,1,23,1.0,42.0,180.0
124,1,24,17.0,17.0,889.0
125,1,25,6.0,6.0,354.0
126,1,26,3.0,33.0,784.0
127,1,27,1.0,6.0,2335.0
128,1,28,23.0,37.0,2265.0
129,1,29,20.0,15.0,2776.0
130,1,30,4.0,6.0,116.0
131,1,31,6.0,19.0,603.0
132,1,32,2.0,13.0,263.0
133,1,33,1.0,15.0,223.0
134,1,34,1.0,10.0,1387.0
135,1,35,3.0,7.0,92.0
136,1,36,9.0,29.0,2784.0
137,1,37,2.0,20.0,966.0
138,1,38,3.0,22.0,640.0
139,1,39,14.0,44.0,1708.0
140,1,40,5.0,109.0,2373.0
141,1,41,18.0,18.0,3547.0
142,1,42,7.0,7.0,3098.0
143,1,43,1.0,45.0,314.0
144,1,44,5.0,13.0,728.0
145,1,45,0.0,17.0,17.0
146,1,46,12.0,16.0,1967.0
147,1,47,8.0,20.0,3661.0
148,1,48,23.0,48.0,1179.0
149,1,49,10.0,42.0,514.0
150,1,50,,,
151,1,51,1.0,13.0,74.0
152,1,52,4.0,31.0,887.0
153,1,53,0.0,22.0,22.0
154,1,54,12.0,15.0,2083.0
155,1,55,9.0,13.0,740.0
156,1,56,4.0,25.0,501.0
157,1,57,12.0,37.0,1060.0
158,1,58,1.0,32.0,217.0
159,1,59,3.0,44.0,330.0
160,1,60,1.0,8.0,113.0
161,1,61,1.0,9.0,71.0
162,1,62,1.0,13.0,798.0
163,1,63,10.0,27.0,2970.0
164,1,64,2.0,21.0,193.0
165,1,65,2.0,4.0,365.0
166,1,66,7.0,9.0,4157.0
167,1,67,11.0,26.0,3441.0
168,1,68,5.0,93.0,411.0
169,1,69,1.0,6.0,381.0
170,1,70,12.0,24.0,573.0
171,1,71,21.0,11.0,2339.0
172,1,72,4.0,32.0,171.0
173,1,73,23.0,31.0,2642.0
174,1,74,2.0,11.0,771.0
175,1,75,6.0,8.0,1926.0
176,1,76,9.0,37.0,1651.0
177,1,77,2.0,50.0,465.0
178,1,78,,,
179,1,79,3.0,32.0,947.0
180,1,80,14.0,25.0,1958.0
181,1,81,6.0,15.0,1228.0
182,1,82,0.0,31.0,31.0
183,1,83,11.0,36.0,663.0
184,1,84,13.0,16.0,593.0
185,1,85,3.0,7.0,886.0
186,1,86,1.0,15.0,438.0
187,1,87,,,
188,1,88,,,
189,1,89,3.0,6.0,210.0
190,1,90,17.0,29.0,947.0
191,1,91,10.0,23.0,1092.0
192,1,92,,,
193,1,93,2.0,7.0,91.0
194,1,94,2.0,8.0,180.0
195,1,95,3.0,9.0,338.0
196,1,96,23.0,17.0,976.0
197,1,97,5.0,25.0,116.0
198,1,98,5.0,20.0,1573.0
199,1,99,14.0,24.0,1130.0
200,2,0,6.0,25.0,642.0
201,2,1,,,
202,2,2,1.0,25.0,98.0
203,2,3,20.0,17.0,2479.0
204,2,4,1.0,17.0,111.0
205,2,5,2.0,31.0,1539.0
206,2,6,,,
207,2,7,22.0,18.0,3368.0
208,2,8,1.0,19.0,1231.0
209,2,9,18.0,158.0,1339.0
210,2,10,3.0,9.0,210.0
211,2,11,23.0,26.0,819.0
212,2,12,6.0,10.0,1655.0
213,2,13,5.0,11.0,909.0
214,2,14,1.0,18.0,405.0
215,2,15,22.0,15.0,3789.0
216,2,16,21.0,49.0,4973.0
217,2,17,1.0,6.0,725.0
218,2,18,4.0,11.0,242.0
219,2,19,2.0,12.0,2010.0
220,2,20,8.0,50.0,434.0
221,2,21,12.0,21.0,821.0
222,2,22,3.0,28.0,547.0
223,2,23,20.0,18.0,1340.0
224,2,24,3.0,24.0,401.0
225,2,25,13.0,41.0,727.0
226,2,26,12.0,10.0,841.0
227,2,27,7.0,70.0,920.0
228,2,28,3.0,20.0,739.0
229,2,29,10.0,31.0,646.0
230,2,30,1.0,19.0,129.0
231,2,31,8.0,54.0,2355.0
232,2,32,1.0,5.0,144.0
233,2,33,3.0,11.0,525.0
234,2,34,10.0,23.0,1514.0
235,2,35,22.0,35.0,1219.0
236,2,36,7.0,26.0,1818.0
237,2,37,5.0,24.0,2227.0
238,2,38,,,
239,2,39,,,
240,2,40,22.0,13.0,1980.0
241,2,41,23.0,6.0,3019.0
242,2,42,4.0,58.0,1432.0
243,2,43,0.0,47.0,47.0
244,2,44,,,
245,2,45,17.0,14.0,419.0
246,2,46,10.0,26.0,2400.0
247,2,47,11.0,27.0,2324.0
248,2,48,16.0,35.0,1009.0
249,2,49,,,
250,2,50,2.0,32.0,339.0
251,2,51,18.0,24.0,846.0
252,2,52,23.0,12.0,1511.0
253,2,53,4.0,14.0,1047.0
254,2,54,7.0,14.0,473.0
255,2,55,2.0,24.0,433.0
256,2,56,5.0,11.0,634.0
257,2,57,7.0,24.0,1748.0
258,2,58,17.0,19.0,682.0
259,2,59,3.0,56.0,288.0
260,2,60,21.0,14.0,1613.0
261,2,61,12.0,10.0,555.0
262,2,62,5.0,50.0,1003.0
263,2,63,1.0,8.0,2419.0
264,2,64,17.0,12.0,445.0
265,2,65,5.0,7.0,941.0
266,2,66,3.0,14.0,554.0
267,2,67,11.0,14.0,506.0
268,2,68,23.0,12.0,1798.0
269,2,69,2.0,43.0,251.0
270,2,70,1.0,8.0,57.0
271,2,71,15.0,16.0,2452.0
272,2,72,7.0,16.0,233.0
273,2,73,3.0,12.0,1779.0
274,2,74,6.0,8.0,86.0
275,2,75,2.0,12.0,447.0
276,2,76,2.0,67.0,341.0
277,2,77,1.0,11.0,1213.0
278,2,78,15.0,50.0,3161.0
279,2,79,23.0,53.0,3257.0
280,2,80,11.0,16.0,3242.0
281,2,81,20.0,34.0,1928.0
282,2,82,1.0,26.0,452.0
283,2,83,9.0,19.0,2324.0
284,2,84,4.0,18.0,398.0
285,2,85,7.0,17.0,1278.0
286,2,86,21.0,28.0,1277.0
287,2,87,2.0,53.0,480.0
288,2,88,19.0,34.0,2033.0
289,2,89,2.0,8.0,480.0
290,2,90,14.0,24.0,724.0
291,2,91,5.0,9.0,427.0
292,2,92,3.0,15.0,157.0
293,2,93,4.0,15.0,82.0
294,2,94,17.0,6.0,215.0
295,2,95,3.0,12.0,313.0
296,2,96,21.0,13.0,786.0
297,2,97,6.0,18.0,524.0
298,2,98,14.0,25.0,793.0
299,2,99,,,
300,3,0,,,
301,3,1,,,
302,3,2,,,
303,3,3,,,
304,3,4,,,
305,3,5,,,
306,3,6,,,
307,3,7,,,
308,3,8,,,
309,3,9,,,
310,3,10,,,
311,3,11,,,
312,3,12,,,
313,3,13,,,
314,3,14,,,
315,3,15,,,
316,3,16,,,
317,3,17,,,
318,3,18,,,
319,3,19,,,
320,3,20,,,
321,3,21,,,
322,3,22,,,
323,3,23,,,
324,3,24,,,
325,3,25,,,
326,3,26,,,
327,3,27,,,
328,3,28,,,
329,3,29,,,
330,3,30,,,
331,3,31,,,
332,3,32,,,
333,3,33,,,
334,3,34,,,
335,3,35,,,
336,3,36,,,
337,3,37,,,
338,3,38,,,
339,3,39,,,
340,3,40,,,
341,3,41,,,
342,3,42,,,
343,3,43,,,
344,3,44,,,
345,3,45,,,
346,3,46,,,
347,3,47,,,
348,3,48,,,
349,3,49,,,
350,3,50,,,
351,3,51,,,
352,3,52,,,
353,3,53,,,
354,3,54,,,
355,3,55,,,
356,3,56,,,
357,3,57,,,
358,3,58,,,
359,3,59,,,
360,3,60,,,
361,3,61,,,
362,3,62,,,
363,3,63,,,
364,3,64,,,
365,3,65,,,
366,3,66,,,
367,3,67,,,
368,3,68,,,
369,3,69,,,
370,3,70,,,
371,3,71,,,
372,3,72,,,
373,3,73,,,
374,3,74,,,
375,3,75,,,
376,3,76,,,
377,3,77,,,
378,3,78,,,
379,3,79,,,
380,3,80,,,
381,3,81,,,
382,3,82,,,
383,3,83,,,
384,3,84,,,
385,3,85,,,
386,3,86,,,
387,3,87,,,
388,3,88,,,
389,3,89,,,
390,3,90,,,
391,3,91,,,
392,3,92,,,
393,3,93,,,
394,3,94,,,
395,3,95,,,
396,3,96,,,
397,3,97,,,
398,3,98,,,
399,3,99,,,
400,4,0,3.0,29.0,122.0
401,4,1,1.0,57.0,346.0
402,4,2,0.0,25.0,25.0
403,4,3,0.0,7.0,7.0
404,4,4,1.0,13.0,63.0
405,4,5,,,
406,4,6,22.0,12.0,665.0
407,4,7,2.0,5.0,1124.0
408,4,8,5.0,12.0,1118.0
409,4,9,,,
410,4,10,1.0,7.0,65.0
411,4,11,2.0,11.0,186.0
412,4,12,1.0,6.0,244.0
413,4,13,5.0,12.0,156.0
414,4,14,8.0,6.0,555.0
415,4,15,,,
416,4,16,23.0,42.0,7904.0
417,4,17,0.0,9.0,9.0
418,4,18,2.0,12.0,136.0
419,4,19,3.0,8.0,990.0
420,4,20,1.0,23.0,73.0
421,4,21,2.0,10.0,140.0
422,4,22,3.0,8.0,149.0
423,4,23,2.0,17.0,167.0
424,4,24,8.0,63.0,541.0
425,4,25,1.0,5.0,235.0
426,4,26,7.0,6.0,436.0
427,4,27,,,
428,4,28,23.0,20.0,1254.0
429,4,29,6.0,7.0,232.0
430,4,30,4.0,5.0,124.0
431,4,31,5.0,14.0,211.0
432,4,32,3.0,8.0,141.0
433,4,33,1.0,7.0,213.0
434,4,34,2.0,33.0,937.0
435,4,35,1.0,10.0,159.0
436,4,36,1.0,13.0,133.0
437,4,37,6.0,37.0,1223.0
438,4,38,1.0,10.0,268.0
439,4,39,4.0,8.0,599.0
440,4,40,1.0,6.0,38.0
441,4,41,,,
442,4,42,6.0,30.0,946.0
443,4,43,19.0,28.0,1423.0
444,4,44,3.0,10.0,820.0
445,4,45,1.0,9.0,147.0
446,4,46,20.0,13.0,1659.0
447,4,47,1.0,7.0,338.0
448,4,48,10.0,13.0,461.0
449,4,49,,,
450,4,50,,,
451,4,51,1.0,6.0,110.0
452,4,52,2.0,13.0,196.0
453,4,53,1.0,9.0,13.0
454,4,54,1.0,14.0,402.0
455,4,55,1.0,6.0,228.0
456,4,56,6.0,12.0,236.0
457,4,57,1.0,7.0,147.0
458,4,58,6.0,21.0,594.0
459,4,59,1.0,6.0,92.0
460,4,60,2.0,11.0,127.0
461,4,61,2.0,16.0,86.0
462,4,62,1.0,14.0,690.0
463,4,63,1.0,4.0,550.0
464,4,64,3.0,13.0,88.0
465,4,65,4.0,316.0,901.0
466,4,66,21.0,223.0,9118.0
467,4,67,1.0,12.0,1241.0
468,4,68,,,
469,4,69,4.0,10.0,243.0
470,4,70,1.0,6.0,131.0
471,4,71,,,
472,4,72,1.0,13.0,45.0
473,4,73,5.0,7.0,762.0
474,4,74,1.0,7.0,543.0
475,4,75,9.0,11.0,3966.0
476,4,76,21.0,15.0,1837.0
477,4,77,9.0,12.0,2558.0
478,4,78,1.0,9.0,32.0
479,4,79,,,
480,4,80,5.0,13.0,385.0
481,4,81,23.0,55.0,8425.0
482,4,82,1.0,6.0,61.0
483,4,83,1.0,10.0,181.0
484,4,84,1.0,6.0,227.0
485,4,85,23.0,19.0,773.0
486,4,86,2.0,8.0,1394.0
487,4,87,1.0,14.0,2869.0
488,4,88,3.0,9.0,186.0
489,4,89,14.0,10.0,396.0
490,4,90,3.0,143.0,430.0
491,4,91,,,
492,4,92,0.0,13.0,13.0
493,4,93,1.0,5.0,143.0
494,4,94,1.0,13.0,149.0
495,4,95,0.0,8.0,8.0
496,4,96,10.0,11.0,541.0
497,4,97,1.0,7.0,141.0
498,4,98,7.0,28.0,327.0
499,4,99,1.0,8.0,193.0
