,Replay type,Trial,Performance
0,0,0,273
1,0,1,61
2,0,2,27
3,0,3,116
4,0,4,30
5,0,5,19
6,0,6,22
7,0,7,12
8,0,8,6
9,0,9,7
10,0,10,6
11,0,11,6
12,0,12,6
13,0,13,6
14,0,14,6
15,0,15,6
16,0,16,6
17,0,17,6
18,0,18,6
19,0,19,6
20,0,20,6
21,0,21,6
22,0,22,6
23,0,23,6
24,0,24,6
25,0,25,199
26,0,26,355
27,0,27,494
28,0,28,63
29,0,29,38
30,0,30,10
31,0,31,27
32,0,32,31
33,0,33,11
34,0,34,73
35,0,35,8
36,0,36,7
37,0,37,6
38,0,38,6
39,0,39,6
40,0,40,6
41,0,41,6
42,0,42,6
43,0,43,6
44,0,44,6
45,0,45,6
46,0,46,6
47,0,47,6
48,0,48,6
49,0,49,6
50,1,0,273
51,1,1,11
52,1,2,7
53,1,3,10
54,1,4,11
55,1,5,11
56,1,6,8
57,1,7,7
58,1,8,9
59,1,9,11
60,1,10,7
61,1,11,8
62,1,12,8
63,1,13,7
64,1,14,10
65,1,15,9
66,1,16,8
67,1,17,8
68,1,18,8
69,1,19,8
70,1,20,8
71,1,21,8
72,1,22,9
73,1,23,9
74,1,24,8
75,1,25,273
76,1,26,7
77,1,27,7
78,1,28,9
79,1,29,7
80,1,30,7
81,1,31,7
82,1,32,9
83,1,33,9
84,1,34,7
85,1,35,7
86,1,36,7
87,1,37,9
88,1,38,7
89,1,39,7
90,1,40,7
91,1,41,7
92,1,42,7
93,1,43,10
94,1,44,7
95,1,45,9
96,1,46,7
97,1,47,7
98,1,48,7
99,1,49,7
100,2,0,273
101,2,1,11
102,2,2,7
103,2,3,10
104,2,4,11
105,2,5,11
106,2,6,8
107,2,7,7
108,2,8,9
109,2,9,11
110,2,10,7
111,2,11,8
112,2,12,8
113,2,13,7
114,2,14,10
115,2,15,9
116,2,16,8
117,2,17,8
118,2,18,8
119,2,19,8
120,2,20,8
121,2,21,8
122,2,22,9
123,2,23,9
124,2,24,8
125,2,25,273
126,2,26,43
127,2,27,13
128,2,28,17
129,2,29,16
130,2,30,13
131,2,31,15
132,2,32,13
133,2,33,14
134,2,34,12
135,2,35,12
136,2,36,12
137,2,37,14
138,2,38,16
139,2,39,15
140,2,40,14
141,2,41,13
142,2,42,23
143,2,43,13
144,2,44,12
145,2,45,12
146,2,46,13
147,2,47,11
148,2,48,15
149,2,49,12
150,4,0,273
151,4,1,11
152,4,2,11
153,4,3,13
154,4,4,15
155,4,5,8
156,4,6,8
157,4,7,16
158,4,8,7
159,4,9,11
160,4,10,13
161,4,11,12
162,4,12,10
163,4,13,9
164,4,14,7
165,4,15,11
166,4,16,11
167,4,17,8
168,4,18,8
169,4,19,9
170,4,20,16
171,4,21,11
172,4,22,10
173,4,23,14
174,4,24,18
175,4,25,257
176,4,26,6
177,4,27,6
178,4,28,6
179,4,29,6
180,4,30,6
181,4,31,6
182,4,32,6
183,4,33,6
184,4,34,6
185,4,35,6
186,4,36,6
187,4,37,6
188,4,38,6
189,4,39,6
190,4,40,6
191,4,41,6
192,4,42,6
193,4,43,6
194,4,44,6
195,4,45,6
196,4,46,6
197,4,47,6
198,4,48,6
199,4,49,6
