,Unnamed: 0,Replay type,Trial,Mean,STD,Q1,Q2,Q3
0,0,0,0,114.6,100.6351827145954,43.75,82.5,164.5
1,1,0,1,92.66,80.6397197415765,31.75,72.5,115.75
2,2,0,2,78.07,60.1932313470543,33.0,59.5,106.25
3,3,0,3,63.24,51.075653691362575,30.75,46.0,79.5
4,4,0,4,53.63,43.5083107003708,25.0,38.5,69.5
5,5,0,5,51.9,39.5829508753453,25.75,39.0,72.0
6,6,0,6,40.73,28.653744955939004,19.75,30.5,54.0
7,7,0,7,35.92,29.89939129815187,17.0,25.0,44.25
8,8,0,8,33.09,22.96784491414029,17.75,26.0,43.0
9,9,0,9,30.47,22.60772213205037,15.75,23.0,37.5
10,10,0,10,28.36,14.899342267362004,17.0,24.5,37.0
11,11,0,11,22.96,15.772076591241875,12.0,17.0,28.0
12,12,0,12,23.68,20.664888095511184,11.0,17.0,27.0
13,13,0,13,22.31,17.38199930963064,12.0,18.0,25.25
14,14,0,14,18.78,9.20389048174738,12.0,17.5,23.0
15,15,0,15,21.49,15.378878372625232,10.75,16.0,30.0
16,16,0,16,18.96,15.920376879961102,9.0,13.0,22.0
17,17,0,17,15.55,10.082038484354245,9.0,14.0,17.0
18,18,0,18,15.67,10.05589876639577,9.0,12.0,19.0
19,19,0,19,15.71,10.69419936227112,9.0,13.0,18.25
20,20,0,20,15.07,9.339437884583846,9.0,11.0,18.0
21,21,0,21,13.44,6.744360607203622,9.0,12.0,16.0
22,22,0,22,12.79,7.399047235962208,8.0,10.5,14.0
23,23,0,23,14.98,10.586765322798083,8.0,11.5,17.0
24,24,0,24,14.01,10.12274172346603,8.0,11.0,14.0
50,50,1,0,114.6,100.6351827145954,43.75,82.5,164.5
51,51,1,1,40.12,66.72470007426035,15.0,24.0,39.0
52,52,1,2,68.56,151.7407209683676,16.0,23.5,46.5
53,53,1,3,54.81,115.6247979457694,14.75,22.5,42.0
54,54,1,4,36.65,44.38634362053266,14.0,22.5,39.0
55,55,1,5,34.1,39.98012005984975,13.75,22.0,38.5
56,56,1,6,35.01,62.26756699920113,14.0,20.0,35.25
57,57,1,7,39.19,80.04819735634275,13.0,21.0,35.75
58,58,1,8,39.61,82.14607659529455,13.75,19.0,37.0
59,59,1,9,37.78,76.3000104849272,15.0,20.0,27.25
60,60,1,10,29.8,39.69609552588265,13.75,19.5,31.0
61,61,1,11,32.33,36.72629984084975,15.0,20.0,33.5
62,62,1,12,28.13,24.499246927201664,12.0,21.0,33.5
63,63,1,13,29.49,31.65074880630788,14.75,21.0,34.0
64,64,1,14,31.61,36.58767415400984,13.0,19.0,33.5
65,65,1,15,26.71,27.659101576153915,13.0,19.5,26.25
66,66,1,16,30.44,33.94681722930737,13.0,21.0,34.0
67,67,1,17,26.81,18.55192442847911,14.0,20.0,31.5
68,68,1,18,34.6,37.69005173782599,13.0,21.0,43.75
69,69,1,19,25.27,22.318985191983973,13.0,19.0,27.0
70,70,1,20,28.02,24.17353097915156,12.75,19.0,31.5
71,71,1,21,27.16,27.924799014496063,12.0,18.0,26.75
72,72,1,22,24.41,18.804837143671303,12.0,19.0,31.0
73,73,1,23,29.13,25.558425225353773,13.0,19.5,32.25
74,74,1,24,25.16,21.002247498779745,12.0,17.5,31.0
100,100,2,0,114.6,100.6351827145954,43.75,82.5,164.5
101,101,2,1,44.94,79.3366018934514,15.0,24.0,40.0
102,102,2,2,54.16,121.835521913767,14.0,23.0,42.25
103,103,2,3,54.63,126.32320887311243,14.0,23.5,45.0
104,104,2,4,38.55,53.28121151025002,13.0,21.5,39.25
105,105,2,5,39.01,63.46896800799584,15.0,24.0,36.25
106,106,2,6,31.96,34.60171094035669,13.0,19.5,34.75
107,107,2,7,28.27,27.578924924659407,13.0,19.0,31.75
108,108,2,8,45.77,86.56891532184056,15.0,25.0,36.5
109,109,2,9,31.85,27.30947637725777,12.0,23.0,40.0
110,110,2,10,37.3,82.7292572189549,13.0,20.5,31.25
111,111,2,11,27.15,28.12272212997881,13.0,20.5,31.25
112,112,2,12,28.38,27.47499954504094,13.0,20.0,35.0
113,113,2,13,34.86,47.15125024853529,14.75,20.5,34.0
114,114,2,14,25.8,19.94041122946064,13.0,20.0,34.0
115,115,2,15,29.66,26.512721474793945,14.0,19.5,36.0
116,116,2,16,32.75,47.573811072900185,13.75,21.0,34.0
117,117,2,17,32.38,51.62591984652671,13.0,20.5,30.25
118,118,2,18,24.31,21.99940681018468,12.0,17.5,28.75
119,119,2,19,28.17,28.76597121600451,14.0,22.0,32.5
120,120,2,20,27.64,26.030182481112192,12.0,18.0,31.75
121,121,2,21,37.13,65.32329676309978,13.0,21.0,34.0
122,122,2,22,29.28,39.81911098957384,12.0,18.0,30.0
123,123,2,23,23.3,18.043004184447778,13.0,19.0,28.25
124,124,2,24,26.43,21.14344106336525,12.0,22.0,32.0
150,150,4,0,114.6,100.6351827145954,43.75,82.5,164.5
151,151,4,1,71.63,233.483817640538,15.0,22.5,40.0
152,152,4,2,85.9,234.0469397364554,14.0,20.5,45.5
153,153,4,3,67.83,187.68324672170397,13.0,22.0,45.0
154,154,4,4,93.39,228.5692409314954,12.0,18.0,47.25
155,155,4,5,65.98,209.51582183692,12.0,17.0,28.0
156,156,4,6,99.71,329.00633109409915,11.75,18.0,38.25
157,157,4,7,73.23,280.68209258875066,13.0,20.0,31.25
158,158,4,8,98.9,263.23561689102786,16.0,25.0,44.5
159,159,4,9,78.15,208.4001619481136,14.0,20.5,47.0
160,160,4,10,74.3,147.52467590203344,14.0,20.0,52.75
161,161,4,11,100.27,321.2554078922252,13.0,20.0,40.25
162,162,4,12,75.87,178.96958708115747,12.75,22.5,44.25
163,163,4,13,89.84,218.57720466690935,13.0,19.5,54.25
164,164,4,14,66.62,153.66527128795235,13.75,21.0,44.5
165,165,4,15,63.1,149.46420976273885,12.0,19.0,38.5
166,166,4,16,115.53,442.5803080797879,12.0,19.0,32.75
167,167,4,17,74.47,211.52387359350243,13.75,18.0,35.25
168,168,4,18,96.33,240.52605077205257,13.0,21.0,37.0
169,169,4,19,77.36,188.7743372389372,13.75,19.0,41.5
170,170,4,20,87.15,222.90959490340475,12.75,19.0,43.25
171,171,4,21,78.49,244.09651759089067,12.0,19.0,34.25
172,172,4,22,151.07,339.44434757409056,13.0,23.5,77.0
173,173,4,23,165.04,449.62215069989605,13.75,20.0,47.5
174,174,4,24,154.85,417.6704053437351,13.75,19.5,48.0
