,Unnamed: 0,Replay type,Trial,Mean,STD,Q1,Q2,Q3
25,25,0,0,760.61,571.3852622355603,315.5,627.0,1127.0
26,26,0,1,173.29,217.1387250123755,33.75,87.5,244.0
27,27,0,2,92.37,113.30354407519653,22.75,45.0,114.75
28,28,0,3,63.19,80.20968707082706,14.75,31.0,81.25
29,29,0,4,45.13,75.93018569712575,16.0,26.5,49.25
30,30,0,5,43.98,98.8601011530941,10.0,20.5,42.0
31,31,0,6,27.26,24.286877115018303,11.0,18.5,36.0
32,32,0,7,28.86,26.41401900506623,10.0,20.5,43.5
33,33,0,8,34.47,85.41796707953192,9.0,17.5,29.25
34,34,0,9,26.25,39.11403200898624,9.0,14.5,27.25
35,35,0,10,16.26,13.130590238066224,8.0,13.0,18.0
36,36,0,11,18.95,19.7435432483635,7.75,11.0,20.25
37,37,0,12,17.31,31.60370073266737,7.0,11.0,16.0
38,38,0,13,16.25,14.538483414716955,8.0,11.0,19.0
39,39,0,14,17.3,18.296174463531987,7.0,12.0,18.5
40,40,0,15,15.61,15.519597288589674,7.0,10.0,16.0
41,41,0,16,12.3,9.026073343375844,6.0,9.0,13.25
42,42,0,17,12.2,10.91879114188013,7.0,9.0,14.0
43,43,0,18,13.59,19.341713988165576,6.75,9.0,14.0
44,44,0,19,14.89,20.852767202460207,7.0,9.0,13.0
45,45,0,20,14.12,17.20365077534417,7.0,9.0,15.25
46,46,0,21,12.73,11.356808530568788,7.0,9.0,14.25
47,47,0,22,17.22,32.78919944127944,7.0,9.5,14.0
48,48,0,23,14.14,17.255735278451624,6.0,9.0,13.0
49,49,0,24,11.85,8.56665045394056,7.0,9.0,13.0
75,75,1,0,560.09,619.4186321866657,110.25,281.0,876.75
76,76,1,1,165.38,443.9608041257697,12.0,33.5,101.0
77,77,1,2,90.8,201.4833491879664,11.0,21.0,47.75
78,78,1,3,67.06,132.85780519036132,9.0,15.5,43.25
79,79,1,4,55.92,182.95259932561763,9.0,17.0,38.0
80,80,1,5,54.03,154.23601751860684,8.0,16.0,37.5
81,81,1,6,58.08,159.694563464133,7.0,14.5,30.0
82,82,1,7,31.42,91.25373197847856,8.0,11.0,24.25
83,83,1,8,36.95,65.42589319222168,8.0,14.5,28.25
84,84,1,9,43.17,94.29019620299876,8.0,17.5,30.0
85,85,1,10,25.68,38.61240215267628,7.75,14.0,24.25
86,86,1,11,35.64,106.57612490609704,8.0,13.0,23.25
87,87,1,12,24.07,25.413482642093744,8.0,15.0,28.5
88,88,1,13,29.58,56.13255383465107,8.75,12.0,25.25
89,89,1,14,27.08,34.84901146374169,8.0,13.0,28.25
90,90,1,15,34.76,70.37984370542463,8.0,16.0,36.0
91,91,1,16,31.57,60.88977828831372,8.0,13.0,23.75
92,92,1,17,25.03,44.69663410146227,8.0,14.0,27.0
93,93,1,18,23.53,37.83291027663613,8.0,13.0,19.0
94,94,1,19,22.98,37.39651855453927,9.0,14.0,27.0
95,95,1,20,17.28,14.503158276734071,7.75,12.0,20.25
96,96,1,21,19.16,19.45801634288552,8.0,13.0,20.25
97,97,1,22,28.33,66.31426015571613,8.0,12.0,21.25
98,98,1,23,31.79,58.89572055760929,7.0,14.5,27.5
99,99,1,24,28.42,67.50084147623643,8.0,13.0,24.25
125,125,2,0,591.55,687.3713024996024,136.0,358.0,782.0
126,126,2,1,112.95,248.59904967638147,11.0,24.0,70.25
127,127,2,2,84.35,179.62991816509853,10.0,27.5,65.5
128,128,2,3,44.42,81.08664254980594,9.0,22.0,43.0
129,129,2,4,33.01,49.17814453596232,9.0,15.0,32.75
130,130,2,5,35.62,73.73286648435688,9.75,17.0,35.25
131,131,2,6,37.52,64.8013086287615,9.75,18.5,39.25
132,132,2,7,33.3,36.37540377782767,10.0,19.5,42.25
133,133,2,8,38.77,56.53845682365234,10.0,16.0,36.25
134,134,2,9,35.86,54.40349621118113,8.0,16.0,33.75
135,135,2,10,39.75,77.27850606734062,9.0,17.0,30.25
136,136,2,11,28.62,34.840717558626714,10.0,17.0,29.0
137,137,2,12,36.33,66.80839094006082,9.0,14.0,30.0
138,138,2,13,31.93,49.521360037866486,9.0,14.0,33.25
139,139,2,14,28.39,39.88455716188911,9.0,16.0,30.0
140,140,2,15,28.6,51.63177316343107,9.0,16.0,28.0
141,141,2,16,29.38,48.11751863926485,9.0,16.0,30.0
142,142,2,17,33.55,49.75165826382072,10.0,15.5,35.0
143,143,2,18,30.28,45.47176706485025,11.0,14.0,31.25
144,144,2,19,23.75,33.81933618508796,9.0,12.0,25.0
145,145,2,20,25.53,31.83251639440401,8.0,13.5,27.5
146,146,2,21,32.18,54.977700934106,9.0,13.0,28.5
147,147,2,22,25.0,34.972560672618755,9.0,15.0,23.0
148,148,2,23,27.96,32.47889160670358,9.0,15.5,31.0
149,149,2,24,33.51,57.09334374513372,9.0,15.5,29.0
175,175,4,0,469.76,697.6226934382223,115.25,209.5,558.5
176,176,4,1,65.11,238.36337365459485,6.0,10.0,23.0
177,177,4,2,44.86,143.3629673242013,6.0,10.5,25.75
178,178,4,3,41.02,145.11112844988838,6.0,8.5,19.0
179,179,4,4,47.24,116.34002922468258,6.0,8.5,19.0
180,180,4,5,48.54,122.93676585952636,7.0,9.0,18.75
181,181,4,6,55.02,204.3251810228,6.0,8.0,17.0
182,182,4,7,52.82,188.0108177738717,6.0,9.5,20.0
183,183,4,8,80.13,242.53773541451235,6.0,9.0,20.0
184,184,4,9,57.59,196.1662098833538,6.0,8.5,17.5
185,185,4,10,74.58,248.36739641104265,6.0,9.0,21.5
186,186,4,11,38.83,130.37070644895655,6.0,9.0,20.0
187,187,4,12,40.2,180.915947334667,6.0,9.0,19.0
188,188,4,13,65.29,232.21555912556764,6.0,8.0,18.0
189,189,4,14,50.04,171.47320023840462,6.0,8.0,15.0
190,190,4,15,49.51,187.481278798711,6.0,8.5,15.0
191,191,4,16,154.56,572.1385727251746,6.0,8.0,16.25
192,192,4,17,42.7,157.25415733773144,6.0,8.0,14.25
193,193,4,18,32.79,106.06727063519642,6.0,8.0,14.0
194,194,4,19,65.43,202.53272599755329,6.0,8.0,16.5
195,195,4,20,64.44,220.55658321618964,6.0,9.0,18.0
196,196,4,21,76.8,289.4922451465669,6.0,8.0,16.25
197,197,4,22,42.07,106.78213848767032,6.0,8.0,17.25
198,198,4,23,100.11,317.21995192610444,6.0,9.0,20.5
199,199,4,24,70.33,278.6736103401253,6.0,8.0,17.0
