,Replay type,Trial,Mean,STD,Q1,Q2,Q3
0,0,0,114.6,100.63518271459539,43.75,82.5,164.5
1,0,1,92.66,80.6397197415765,31.75,72.5,115.75
2,0,2,78.07,60.1932313470543,33.0,59.5,106.25
3,0,3,63.24,51.075653691362575,30.75,46.0,79.5
4,0,4,53.63,43.5083107003708,25.0,38.5,69.5
5,0,5,51.9,39.582950875345304,25.75,39.0,72.0
6,0,6,40.73,28.653744955939004,19.75,30.5,54.0
7,0,7,35.92,29.89939129815187,17.0,25.0,44.25
8,0,8,33.09,22.96784491414029,17.75,26.0,43.0
9,0,9,30.47,22.607722132050366,15.75,23.0,37.5
10,0,10,28.36,14.899342267362005,17.0,24.5,37.0
11,0,11,22.96,15.772076591241877,12.0,17.0,28.0
12,0,12,23.68,20.664888095511184,11.0,17.0,27.0
13,0,13,22.31,17.38199930963064,12.0,18.0,25.25
14,0,14,18.78,9.20389048174738,12.0,17.5,23.0
15,0,15,21.49,15.378878372625232,10.75,16.0,30.0
16,0,16,18.96,15.920376879961102,9.0,13.0,22.0
17,0,17,15.55,10.082038484354243,9.0,14.0,17.0
18,0,18,15.67,10.05589876639577,9.0,12.0,19.0
19,0,19,15.71,10.69419936227112,9.0,13.0,18.25
20,0,20,15.07,9.339437884583846,9.0,11.0,18.0
21,0,21,13.44,6.744360607203622,9.0,12.0,16.0
22,0,22,12.79,7.399047235962208,8.0,10.5,14.0
23,0,23,14.98,10.586765322798083,8.0,11.5,17.0
24,0,24,14.01,10.12274172346603,8.0,11.0,14.0
25,0,25,760.61,571.3852622355603,315.5,627.0,1127.0
26,0,26,173.29,217.1387250123755,33.75,87.5,244.0
27,0,27,92.37,113.30354407519653,22.75,45.0,114.75
28,0,28,63.19,80.20968707082706,14.75,31.0,81.25
29,0,29,45.13,75.93018569712575,16.0,26.5,49.25
30,0,30,43.98,98.8601011530941,10.0,20.5,42.0
31,0,31,27.26,24.286877115018306,11.0,18.5,36.0
32,0,32,28.86,26.41401900506623,10.0,20.5,43.5
33,0,33,34.47,85.41796707953192,9.0,17.5,29.25
34,0,34,26.25,39.114032008986236,9.0,14.5,27.25
35,0,35,16.26,13.130590238066224,8.0,13.0,18.0
36,0,36,18.95,19.7435432483635,7.75,11.0,20.25
37,0,37,17.31,31.60370073266737,7.0,11.0,16.0
38,0,38,16.25,14.538483414716957,8.0,11.0,19.0
39,0,39,17.3,18.296174463531987,7.0,12.0,18.5
40,0,40,15.61,15.519597288589674,7.0,10.0,16.0
41,0,41,12.3,9.026073343375845,6.0,9.0,13.25
42,0,42,12.2,10.91879114188013,7.0,9.0,14.0
43,0,43,13.59,19.341713988165576,6.75,9.0,14.0
44,0,44,14.89,20.852767202460207,7.0,9.0,13.0
45,0,45,14.12,17.20365077534417,7.0,9.0,15.25
46,0,46,12.73,11.356808530568788,7.0,9.0,14.25
47,0,47,17.22,32.789199441279436,7.0,9.5,14.0
48,0,48,14.14,17.255735278451624,6.0,9.0,13.0
49,0,49,11.85,8.56665045394056,7.0,9.0,13.0
50,1,0,114.6,100.63518271459539,43.75,82.5,164.5
51,1,1,40.12,66.72470007426035,15.0,24.0,39.0
52,1,2,68.56,151.7407209683676,16.0,23.5,46.5
53,1,3,54.81,115.6247979457694,14.75,22.5,42.0
54,1,4,36.65,44.38634362053266,14.0,22.5,39.0
55,1,5,34.1,39.980120059849746,13.75,22.0,38.5
56,1,6,35.01,62.26756699920113,14.0,20.0,35.25
57,1,7,39.19,80.04819735634275,13.0,21.0,35.75
58,1,8,39.61,82.14607659529455,13.75,19.0,37.0
59,1,9,37.78,76.3000104849272,15.0,20.0,27.25
60,1,10,29.8,39.69609552588265,13.75,19.5,31.0
61,1,11,32.33,36.72629984084975,15.0,20.0,33.5
62,1,12,28.13,24.499246927201664,12.0,21.0,33.5
63,1,13,29.49,31.65074880630788,14.75,21.0,34.0
64,1,14,31.61,36.58767415400984,13.0,19.0,33.5
65,1,15,26.71,27.659101576153915,13.0,19.5,26.25
66,1,16,30.44,33.94681722930737,13.0,21.0,34.0
67,1,17,26.81,18.55192442847911,14.0,20.0,31.5
68,1,18,34.6,37.69005173782599,13.0,21.0,43.75
69,1,19,25.27,22.318985191983973,13.0,19.0,27.0
70,1,20,28.02,24.173530979151558,12.75,19.0,31.5
71,1,21,27.16,27.924799014496063,12.0,18.0,26.75
72,1,22,24.41,18.804837143671303,12.0,19.0,31.0
73,1,23,29.13,25.558425225353773,13.0,19.5,32.25
74,1,24,25.16,21.002247498779745,12.0,17.5,31.0
75,1,25,560.09,619.4186321866657,110.25,281.0,876.75
76,1,26,165.38,443.9608041257697,12.0,33.5,101.0
77,1,27,90.8,201.4833491879664,11.0,21.0,47.75
78,1,28,67.06,132.85780519036132,9.0,15.5,43.25
79,1,29,55.92,182.95259932561765,9.0,17.0,38.0
80,1,30,54.03,154.23601751860684,8.0,16.0,37.5
81,1,31,58.08,159.694563464133,7.0,14.5,30.0
82,1,32,31.42,91.25373197847857,8.0,11.0,24.25
83,1,33,36.95,65.42589319222168,8.0,14.5,28.25
84,1,34,43.17,94.29019620299876,8.0,17.5,30.0
85,1,35,25.68,38.61240215267628,7.75,14.0,24.25
86,1,36,35.64,106.57612490609704,8.0,13.0,23.25
87,1,37,24.07,25.413482642093744,8.0,15.0,28.5
88,1,38,29.58,56.13255383465107,8.75,12.0,25.25
89,1,39,27.08,34.84901146374169,8.0,13.0,28.25
90,1,40,34.76,70.37984370542463,8.0,16.0,36.0
91,1,41,31.57,60.88977828831372,8.0,13.0,23.75
92,1,42,25.03,44.69663410146227,8.0,14.0,27.0
93,1,43,23.53,37.83291027663613,8.0,13.0,19.0
94,1,44,22.98,37.39651855453927,9.0,14.0,27.0
95,1,45,17.28,14.503158276734071,7.75,12.0,20.25
96,1,46,19.16,19.45801634288552,8.0,13.0,20.25
97,1,47,28.33,66.31426015571613,8.0,12.0,21.25
98,1,48,31.79,58.89572055760929,7.0,14.5,27.5
99,1,49,28.42,67.50084147623643,8.0,13.0,24.25
100,2,0,114.6,100.63518271459539,43.75,82.5,164.5
101,2,1,44.94,79.3366018934514,15.0,24.0,40.0
102,2,2,54.16,121.835521913767,14.0,23.0,42.25
103,2,3,54.63,126.32320887311243,14.0,23.5,45.0
104,2,4,38.55,53.281211510250024,13.0,21.5,39.25
105,2,5,39.01,63.46896800799584,15.0,24.0,36.25
106,2,6,31.96,34.60171094035669,13.0,19.5,34.75
107,2,7,28.27,27.578924924659407,13.0,19.0,31.75
108,2,8,45.77,86.56891532184056,15.0,25.0,36.5
109,2,9,31.85,27.30947637725777,12.0,23.0,40.0
110,2,10,37.3,82.7292572189549,13.0,20.5,31.25
111,2,11,27.15,28.12272212997881,13.0,20.5,31.25
112,2,12,28.38,27.47499954504094,13.0,20.0,35.0
113,2,13,34.86,47.15125024853529,14.75,20.5,34.0
114,2,14,25.8,19.94041122946064,13.0,20.0,34.0
115,2,15,29.66,26.512721474793945,14.0,19.5,36.0
116,2,16,32.75,47.573811072900185,13.75,21.0,34.0
117,2,17,32.38,51.625919846526706,13.0,20.5,30.25
118,2,18,24.31,21.999406810184677,12.0,17.5,28.75
119,2,19,28.17,28.76597121600451,14.0,22.0,32.5
120,2,20,27.64,26.030182481112192,12.0,18.0,31.75
121,2,21,37.13,65.32329676309978,13.0,21.0,34.0
122,2,22,29.28,39.819110989573836,12.0,18.0,30.0
123,2,23,23.3,18.043004184447778,13.0,19.0,28.25
124,2,24,26.43,21.143441063365252,12.0,22.0,32.0
125,2,25,591.55,687.3713024996024,136.0,358.0,782.0
126,2,26,112.95,248.59904967638147,11.0,24.0,70.25
127,2,27,84.35,179.62991816509853,10.0,27.5,65.5
128,2,28,44.42,81.08664254980594,9.0,22.0,43.0
129,2,29,33.01,49.17814453596232,9.0,15.0,32.75
130,2,30,35.62,73.73286648435688,9.75,17.0,35.25
131,2,31,37.52,64.8013086287615,9.75,18.5,39.25
132,2,32,33.3,36.37540377782767,10.0,19.5,42.25
133,2,33,38.77,56.53845682365234,10.0,16.0,36.25
134,2,34,35.86,54.40349621118113,8.0,16.0,33.75
135,2,35,39.75,77.27850606734062,9.0,17.0,30.25
136,2,36,28.62,34.840717558626714,10.0,17.0,29.0
137,2,37,36.33,66.80839094006082,9.0,14.0,30.0
138,2,38,31.93,49.521360037866486,9.0,14.0,33.25
139,2,39,28.39,39.884557161889106,9.0,16.0,30.0
140,2,40,28.6,51.63177316343107,9.0,16.0,28.0
141,2,41,29.38,48.11751863926485,9.0,16.0,30.0
142,2,42,33.55,49.751658263820715,10.0,15.5,35.0
143,2,43,30.28,45.47176706485025,11.0,14.0,31.25
144,2,44,23.75,33.81933618508796,9.0,12.0,25.0
145,2,45,25.53,31.83251639440401,8.0,13.5,27.5
146,2,46,32.18,54.977700934106004,9.0,13.0,28.5
147,2,47,25.0,34.972560672618755,9.0,15.0,23.0
148,2,48,27.96,32.47889160670358,9.0,15.5,31.0
149,2,49,33.51,57.09334374513372,9.0,15.5,29.0
150,4,0,114.6,100.63518271459539,43.75,82.5,164.5
151,4,1,71.63,233.483817640538,15.0,22.5,40.0
152,4,2,85.9,234.0469397364554,14.0,20.5,45.5
153,4,3,67.83,187.68324672170394,13.0,22.0,45.0
154,4,4,93.39,228.56924093149541,12.0,18.0,47.25
155,4,5,65.98,209.51582183692,12.0,17.0,28.0
156,4,6,99.71,329.00633109409915,11.75,18.0,38.25
157,4,7,73.23,280.68209258875066,13.0,20.0,31.25
158,4,8,98.9,263.23561689102786,16.0,25.0,44.5
159,4,9,78.15,208.4001619481136,14.0,20.5,47.0
160,4,10,74.3,147.52467590203344,14.0,20.0,52.75
161,4,11,100.27,321.2554078922252,13.0,20.0,40.25
162,4,12,75.87,178.96958708115747,12.75,22.5,44.25
163,4,13,89.84,218.57720466690938,13.0,19.5,54.25
164,4,14,66.62,153.66527128795235,13.75,21.0,44.5
165,4,15,63.1,149.46420976273885,12.0,19.0,38.5
166,4,16,115.53,442.5803080797879,12.0,19.0,32.75
167,4,17,74.47,211.52387359350243,13.75,18.0,35.25
168,4,18,96.33,240.52605077205257,13.0,21.0,37.0
169,4,19,77.36,188.77433723893722,13.75,19.0,41.5
170,4,20,87.15,222.90959490340475,12.75,19.0,43.25
171,4,21,78.49,244.09651759089067,12.0,19.0,34.25
172,4,22,151.07,339.44434757409056,13.0,23.5,77.0
173,4,23,165.04,449.62215069989605,13.75,20.0,47.5
174,4,24,154.85,417.67040534373507,13.75,19.5,48.0
175,4,25,469.76,697.6226934382223,115.25,209.5,558.5
176,4,26,65.11,238.36337365459485,6.0,10.0,23.0
177,4,27,44.86,143.3629673242013,6.0,10.5,25.75
178,4,28,41.02,145.11112844988838,6.0,8.5,19.0
179,4,29,47.24,116.34002922468258,6.0,8.5,19.0
180,4,30,48.54,122.93676585952636,7.0,9.0,18.75
181,4,31,55.02,204.32518102280002,6.0,8.0,17.0
182,4,32,52.82,188.0108177738717,6.0,9.5,20.0
183,4,33,80.13,242.53773541451235,6.0,9.0,20.0
184,4,34,57.59,196.1662098833538,6.0,8.5,17.5
185,4,35,74.58,248.36739641104265,6.0,9.0,21.5
186,4,36,38.83,130.37070644895655,6.0,9.0,20.0
187,4,37,40.2,180.915947334667,6.0,9.0,19.0
188,4,38,65.29,232.21555912556764,6.0,8.0,18.0
189,4,39,50.04,171.47320023840462,6.0,8.0,15.0
190,4,40,49.51,187.481278798711,6.0,8.5,15.0
191,4,41,154.56,572.1385727251746,6.0,8.0,16.25
192,4,42,42.7,157.25415733773144,6.0,8.0,14.25
193,4,43,32.79,106.06727063519642,6.0,8.0,14.0
194,4,44,65.43,202.53272599755329,6.0,8.0,16.5
195,4,45,64.44,220.55658321618964,6.0,9.0,18.0
196,4,46,76.8,289.4922451465669,6.0,8.0,16.25
197,4,47,42.07,106.78213848767031,6.0,8.0,17.25
198,4,48,100.11,317.21995192610444,6.0,9.0,20.5
199,4,49,70.33,278.6736103401253,6.0,8.0,17.0
