,Replay type,Individual,all,Mean,STD
0,0,0,"[84, 453, 57, 45, 25]",132.8,161.23572805057816
1,0,1,"[71, 106, 45, 48, 24]",58.8,27.909854890342945
2,0,2,"[99, 24, 196, 83, 120]",104.4,55.830457637386424
3,0,3,"[45, 39, 68, 13, 66]",46.2,20.113676938839404
4,0,4,"[78, 145, 29, 39, 40]",66.2,42.7990654103568
5,0,5,"[52, 208, 185, 93, 101]",127.8,58.95557649620603
6,0,6,"[14, 110, 31, 27, 42]",44.8,33.80769143257197
7,0,7,"[106, 17, 56, 243, 37]",91.8,81.16994517677094
8,0,8,"[53, 65, 76, 74, 26]",58.8,18.301912468373352
9,0,9,"[15, 383, 174, 125, 18]",143.0,134.82878031043668
10,0,10,"[20, 89, 30, 93, 38]",54.0,30.770115371899404
11,0,11,"[83, 147, 177, 34, 13]",90.8,63.13287574631778
12,0,12,"[103, 104, 21, 79, 66]",74.6,30.4538995860957
13,0,13,"[85, 124, 77, 191, 33]",102.0,53.0659966456864
14,0,14,"[372, 50, 107, 28, 56]",122.6,127.35713564618199
15,0,15,"[55, 26, 298, 91, 11]",96.2,104.53210033286427
16,0,16,"[99, 234, 135, 23, 46]",107.4,74.50261740368589
17,0,17,"[34, 110, 215, 15, 43]",83.4,73.1808718177093
18,0,18,"[127, 128, 204, 96, 53]",121.6,49.43925565782722
19,0,19,"[355, 133, 40, 41, 36]",121.0,122.5446857272889
20,0,20,"[114, 105, 44, 32, 42]",67.4,34.73096601017599
21,0,21,"[98, 86, 33, 18, 20]",51.0,34.082253446625266
22,0,22,"[50, 163, 34, 20, 83]",70.0,51.017644006755155
23,0,23,"[27, 19, 170, 55, 75]",69.2,54.215864836780014
24,0,24,"[32, 35, 13, 238, 34]",70.4,84.18693485333695
25,0,25,"[154, 19, 106, 66, 15]",72.0,52.865868005736935
26,0,26,"[215, 118, 33, 140, 20]",105.2,71.97610714674697
27,0,27,"[58, 32, 80, 117, 110]",79.4,31.796855190411524
28,0,28,"[30, 83, 46, 21, 43]",44.6,21.209431864149497
29,0,29,"[82, 302, 72, 27, 186]",133.8,98.9189567272118
30,0,30,"[181, 31, 17, 74, 12]",63.0,62.906279495770534
31,0,31,"[164, 220, 18, 64, 48]",102.8,76.39476421849864
32,0,32,"[183, 134, 13, 81, 107]",103.6,56.49637156490671
33,0,33,"[37, 26, 65, 23, 10]",32.2,18.519179247472067
34,0,34,"[43, 19, 21, 238, 100]",84.2,82.2761204724676
35,0,35,"[7, 15, 71, 30, 29]",30.4,22.068982758613952
36,0,36,"[60, 34, 115, 55, 63]",65.4,26.79253627411933
37,0,37,"[47, 259, 78, 103, 40]",105.4,80.04648649378684
38,0,38,"[112, 60, 54, 59, 14]",59.8,31.166648841349623
39,0,39,"[279, 114, 73, 74, 12]",110.4,90.38274171544033
40,0,40,"[24, 96, 48, 39, 242]",89.8,79.82581036231326
41,0,41,"[110, 39, 116, 54, 97]",83.2,30.954159655852397
42,0,42,"[89, 28, 80, 61, 8]",53.2,30.78571097116323
43,0,43,"[30, 35, 26, 54, 16]",32.2,12.560254774486065
44,0,44,"[53, 101, 65, 41, 78]",67.6,20.74222745994268
45,0,45,"[57, 66, 71, 113, 71]",75.6,19.386593305684215
46,0,46,"[166, 62, 82, 29, 111]",90.0,46.44566718220334
47,0,47,"[196, 31, 215, 32, 33]",101.4,85.21173628086684
48,0,48,"[98, 81, 32, 45, 81]",67.4,24.743483990739865
49,0,49,"[21, 115, 80, 56, 63]",67.0,30.744105126023754
50,0,50,"[44, 104, 28, 78, 23]",55.4,30.994193004496825
51,0,51,"[85, 242, 68, 41, 43]",95.8,74.90634152059489
52,0,52,"[128, 108, 20, 31, 33]",64.0,44.76159067772279
53,0,53,"[180, 224, 70, 51, 24]",109.8,77.93946368817275
54,0,54,"[225, 145, 118, 12, 29]",105.8,78.21866784853857
55,0,55,"[215, 77, 119, 66, 52]",105.8,59.003050768583144
56,0,56,"[239, 25, 123, 34, 30]",90.2,82.76569337593929
57,0,57,"[459, 56, 19, 170, 44]",149.6,163.16445691387568
58,0,58,"[42, 30, 124, 37, 36]",53.8,35.30665659617178
59,0,59,"[325, 21, 50, 51, 72]",103.8,111.78443541030208
60,0,60,"[37, 107, 16, 48, 40]",49.6,30.58496362593881
61,0,61,"[51, 103, 196, 115, 76]",108.2,49.174790289334226
62,0,62,"[300, 12, 46, 23, 38]",83.8,108.73895346194941
63,0,63,"[163, 58, 53, 25, 73]",74.4,46.94507428900288
64,0,64,"[56, 189, 45, 25, 62]",75.4,58.18109658643433
65,0,65,"[32, 134, 102, 206, 48]",104.4,62.65333191459174
66,0,66,"[44, 15, 53, 42, 22]",35.2,14.3024473430249
67,0,67,"[65, 16, 15, 32, 24]",30.4,18.358649187780674
68,0,68,"[18, 54, 40, 40, 26]",35.6,12.483589227461788
69,0,69,"[110, 245, 33, 192, 89]",133.8,75.48085850068215
70,0,70,"[256, 79, 23, 14, 73]",89.0,87.43683434342759
71,0,71,"[51, 50, 52, 16, 65]",46.8,16.33891061240008
72,0,72,"[64, 86, 176, 98, 25]",89.8,49.75298985990691
73,0,73,"[381, 19, 51, 41, 30]",104.4,138.71351772628364
74,0,74,"[52, 29, 44, 34, 163]",64.4,49.9383620075789
75,0,75,"[61, 10, 90, 21, 69]",50.2,30.075903976439342
76,0,76,"[33, 26, 44, 21, 11]",27.0,11.117553687749837
77,0,77,"[45, 30, 35, 46, 38]",38.8,6.046486583132389
78,0,78,"[360, 37, 16, 14, 39]",93.2,133.79895365809105
79,0,79,"[21, 55, 61, 83, 192]",82.4,58.294425119388556
80,0,80,"[38, 46, 40, 13, 27]",32.8,11.651609330903607
81,0,81,"[235, 33, 221, 46, 33]",113.6,93.63247299948881
82,0,82,"[51, 198, 72, 93, 31]",89.0,58.29922812525051
83,0,83,"[216, 142, 19, 91, 18]",97.2,75.56030704013847
84,0,84,"[453, 104, 13, 78, 36]",136.8,161.24689144290502
85,0,85,"[34, 97, 30, 45, 28]",46.8,25.779061270729002
86,0,86,"[39, 16, 24, 46, 15]",28.0,12.441864811996632
87,0,87,"[74, 87, 58, 34, 42]",59.0,19.616319736382767
88,0,88,"[180, 23, 57, 102, 128]",98.0,54.673576799035196
89,0,89,"[181, 32, 209, 33, 25]",96.0,81.36338242723197
90,0,90,"[39, 68, 72, 18, 143]",68.0,42.383959229878464
91,0,91,"[33, 65, 64, 57, 186]",81.0,53.75872022286245
92,0,92,"[42, 55, 29, 70, 26]",44.4,16.426807358704856
93,0,93,"[156, 154, 21, 36, 80]",89.4,56.968763370815765
94,0,94,"[186, 244, 156, 36, 33]",131.0,83.72335397008412
95,0,95,"[95, 50, 92, 32, 24]",58.6,29.729446681699272
96,0,96,"[89, 93, 111, 20, 25]",67.6,37.59574444002938
97,0,97,"[177, 80, 133, 154, 64]",121.6,43.12122447241033
98,0,98,"[147, 13, 69, 56, 16]",60.2,48.602057569613244
99,0,99,"[86, 57, 195, 17, 37]",78.4,62.60223638177792
100,1,0,"[84, 16, 16, 15, 18]",29.8,27.117522010685267
101,1,1,"[71, 23, 91, 47, 235]",93.4,74.38709565509329
102,1,2,"[99, 9, 25, 22, 26]",36.2,31.98374587192689
103,1,3,"[45, 107, 133, 37, 17]",67.8,44.35493208201316
104,1,4,"[78, 25, 10, 19, 39]",34.2,23.844496220302076
105,1,5,"[52, 33, 45, 21, 37]",37.6,10.57544325312183
106,1,6,"[14, 10, 20, 11, 70]",25.0,22.768399153212332
107,1,7,"[106, 14, 14, 26, 19]",35.8,35.37456713516082
108,1,8,"[53, 20, 8, 11, 11]",20.6,16.692513291892265
109,1,9,"[15, 18, 19, 24, 12]",17.6,4.029888335921977
110,1,10,"[20, 40, 22, 336, 9]",85.4,125.69423216679436
111,1,11,"[83, 9, 16, 863, 26]",199.4,332.8270421705544
112,1,12,"[103, 43, 948, 42, 20]",231.2,359.46037333759057
113,1,13,"[85, 8, 65, 42, 17]",43.4,28.806943607401323
114,1,14,"[372, 21, 17, 25, 12]",89.4,141.36562524178217
115,1,15,"[55, 16, 14, 14, 18]",23.4,15.869467539901898
116,1,16,"[99, 24, 15, 10, 10]",31.6,34.0857741587308
117,1,17,"[34, 40, 39, 16, 31]",32.0,8.648699324175862
118,1,18,"[127, 83, 260, 581, 37]",217.6,196.36659593729274
119,1,19,"[355, 8, 42, 41, 6]",90.4,133.19849849003555
120,1,20,"[114, 18, 69, 63, 29]",58.6,33.82661673889365
121,1,21,"[98, 19, 16, 20, 12]",33.0,32.61901286060018
122,1,22,"[50, 38, 23, 21, 46]",35.6,11.77454882362802
123,1,23,"[27, 89, 48, 30, 23]",43.4,24.35241261148472
124,1,24,"[32, 9, 27, 16, 14]",19.6,8.5463442476886
125,1,25,"[154, 102, 540, 172, 152]",224.0,159.70472754430284
126,1,26,"[215, 29, 19, 11, 40]",62.8,76.718706975548
127,1,27,"[58, 27, 55, 9, 19]",33.6,19.57140771636011
128,1,28,"[30, 75, 23, 44, 18]",38.0,20.464603587658374
129,1,29,"[82, 22, 16, 6, 10]",27.2,27.931344400153744
130,1,30,"[181, 12, 66, 49, 10]",63.6,62.50951927506722
131,1,31,"[164, 14, 35, 51, 12]",55.2,56.26153215119545
132,1,32,"[183, 13, 83, 12, 12]",60.6,67.04207634016119
133,1,33,"[37, 28, 14, 23, 33]",27.0,8.024961059095553
134,1,34,"[43, 19, 17, 14, 16]",21.8,10.721940122944169
135,1,35,"[7, 16, 49, 40, 98]",42.0,31.906112267087632
136,1,36,"[60, 25, 14, 28, 26]",30.6,15.486768546084752
137,1,37,"[47, 15, 12, 32, 15]",24.2,13.407460609675494
138,1,38,"[112, 78, 59, 463, 147]",171.8,148.6679521618563
139,1,39,"[279, 62, 33, 26, 61]",92.2,94.51645359407007
140,1,40,"[24, 343, 30, 13, 307]",143.4,148.8120962825267
141,1,41,"[110, 42, 36, 10, 17]",43.0,35.50774563387544
142,1,42,"[89, 23, 23, 9, 51]",39.0,28.48157299026864
143,1,43,"[30, 16, 9, 10, 11]",15.2,7.782030583337487
144,1,44,"[53, 15, 34, 99, 12]",42.6,31.815719385234715
145,1,45,"[57, 15, 15, 18, 11]",23.2,17.04582060213001
146,1,46,"[166, 33, 35, 25, 20]",55.8,55.36569334885999
147,1,47,"[196, 11, 6, 11, 29]",50.6,73.12072209709092
148,1,48,"[98, 46, 27, 18, 18]",41.4,30.090530071768427
149,1,49,"[21, 25, 10, 11, 9]",15.2,6.523802572120037
150,1,50,"[44, 16, 10, 21, 23]",22.8,11.513470371699404
151,1,51,"[85, 561, 109, 47, 24]",165.2,200.07838463962068
152,1,52,"[128, 24, 202, 27, 32]",82.6,71.27860829168876
153,1,53,"[180, 35, 23, 27, 34]",59.8,60.26408549044779
154,1,54,"[225, 27, 17, 5, 13]",57.4,84.0989892923809
155,1,55,"[215, 12, 11, 7, 6]",50.2,82.43154735900572
156,1,56,"[239, 27, 7, 26, 22]",64.2,87.69355734602172
157,1,57,"[459, 31, 108, 150, 44]",158.4,156.39002525736737
158,1,58,"[42, 16, 24, 27, 26]",27.0,8.438009243891594
159,1,59,"[325, 12, 16, 12, 10]",75.0,125.01519907595235
160,1,60,"[37, 53, 46, 60, 81]",55.4,14.894294209528695
161,1,61,"[51, 47, 74, 15, 26]",42.6,20.558210038814178
162,1,62,"[300, 33, 22, 163, 27]",109.0,109.05594894365002
163,1,63,"[163, 32, 24, 16, 14]",49.8,56.9575280362482
164,1,64,"[56, 59, 604, 45, 91]",171.0,217.04100994973277
165,1,65,"[32, 25, 25, 21, 19]",24.4,4.454211490264017
166,1,66,"[44, 15, 11, 9, 142]",44.2,50.51494828266184
167,1,67,"[65, 66, 21, 35, 13]",40.0,21.98181066245454
168,1,68,"[18, 14, 18, 12, 10]",14.4,3.2
169,1,69,"[110, 24, 20, 27, 16]",39.4,35.494224882366424
170,1,70,"[256, 29, 35, 59, 55]",86.8,85.36603540050339
171,1,71,"[51, 189, 178, 42, 17]",95.4,72.87413807380503
172,1,72,"[64, 15, 44, 13, 19]",31.0,19.909796583591707
173,1,73,"[381, 26, 31, 98, 42]",115.6,135.16597204918105
174,1,74,"[52, 29, 24, 54, 44]",40.6,12.092973166264779
175,1,75,"[61, 21, 18, 18, 40]",31.6,16.835676404587964
176,1,76,"[33, 17, 11, 12, 9]",16.4,8.708616422830897
177,1,77,"[45, 12, 26, 27, 25]",27.0,10.526157893552615
178,1,78,"[360, 29, 18, 17, 18]",88.4,135.8714097961746
179,1,79,"[21, 15, 12, 9, 21]",15.6,4.8
180,1,80,"[38, 10, 59, 31, 98]",47.2,29.83554926593442
181,1,81,"[235, 18, 10, 15, 41]",63.8,86.25868072258002
182,1,82,"[51, 39, 18, 16, 27]",30.2,13.196969349058898
183,1,83,"[216, 9, 13, 19, 19]",55.2,80.4895024211232
184,1,84,"[453, 14, 18, 18, 13]",103.2,174.91186351988821
185,1,85,"[34, 20, 21, 22, 73]",34.0,20.149441679609886
186,1,86,"[39, 26, 34, 23, 17]",27.8,7.833262411026455
187,1,87,"[74, 76, 83, 131, 29]",78.6,32.41357740207026
188,1,88,"[180, 18, 16, 77, 74]",73.0,59.565090447341724
189,1,89,"[181, 39, 13, 37, 35]",61.0,60.728905802755904
190,1,90,"[39, 13, 15, 16, 27]",22.0,9.797958971132712
191,1,91,"[33, 65, 15, 15, 7]",27.0,20.823064135712592
192,1,92,"[42, 24, 10, 30, 16]",24.4,11.128342194594843
193,1,93,"[156, 13, 33, 32, 39]",54.6,51.4455051486522
194,1,94,"[186, 14, 49, 10, 21]",56.0,66.41385397641068
195,1,95,"[95, 92, 111, 15, 59]",74.4,34.17367407815554
196,1,96,"[89, 94, 308, 163, 39]",138.6,93.44645525647294
197,1,97,"[177, 15, 30, 12, 29]",52.6,62.61820821454411
198,1,98,"[147, 16, 911, 19, 9]",220.4,349.09803780600083
199,1,99,"[86, 40, 38, 122, 82]",73.6,31.506189868024347
200,2,0,"[84, 16, 16, 15, 18]",29.8,27.117522010685267
201,2,1,"[71, 23, 12, 75, 15]",39.2,27.85964823898536
202,2,2,"[99, 9, 25, 184, 15]",66.4,67.14640720098134
203,2,3,"[45, 107, 43, 25, 24]",48.8,30.38683925649392
204,2,4,"[78, 25, 14, 11, 19]",29.4,24.759644585494357
205,2,5,"[52, 40, 14, 18, 19]",28.6,14.8
206,2,6,"[14, 10, 20, 11, 118]",34.6,41.84542985799047
207,2,7,"[106, 14, 481, 323, 14]",187.6,185.12114952106361
208,2,8,"[53, 20, 8, 11, 11]",20.6,16.692513291892265
209,2,9,"[15, 18, 49, 11, 21]",22.8,13.51147660324363
210,2,10,"[20, 40, 22, 117, 14]",42.6,38.197382109249325
211,2,11,"[83, 9, 217, 123, 321]",150.6,108.4686129716795
212,2,12,"[103, 330, 98, 40, 42]",122.6,107.07305916989577
213,2,13,"[85, 8, 67, 29, 18]",41.4,29.574313178838153
214,2,14,"[372, 21, 17, 15, 39]",92.8,139.85764190776277
215,2,15,"[55, 16, 17, 45, 36]",33.8,15.354478174135387
216,2,16,"[99, 24, 23, 18, 12]",35.2,32.183225444321145
217,2,17,"[34, 40, 39, 105, 203]",84.2,64.90423714981942
218,2,18,"[127, 83, 31, 229, 244]",142.8,82.45823185104081
219,2,19,"[355, 8, 42, 25, 8]",87.6,134.29311225822417
220,2,20,"[114, 18, 71, 15, 12]",46.0,40.3732584763727
221,2,21,"[98, 12, 12, 13, 13]",29.6,34.202923851624156
222,2,22,"[50, 38, 12, 22, 43]",33.0,13.971399357258385
223,2,23,"[27, 89, 48, 32, 18]",42.8,25.071098898931414
224,2,24,"[32, 9, 27, 30, 9]",21.4,10.248902380255165
225,2,25,"[154, 14, 85, 100, 13]",73.2,53.879123972091456
226,2,26,"[215, 29, 93, 14, 8]",71.8,77.71589284052521
227,2,27,"[58, 27, 18, 17, 50]",34.0,16.88786546606764
228,2,28,"[30, 75, 10, 48, 9]",34.4,24.87247474619283
229,2,29,"[82, 22, 16, 6, 10]",27.2,27.931344400153744
230,2,30,"[181, 12, 30, 45, 18]",57.2,62.920267005155026
231,2,31,"[164, 32, 18, 8, 33]",51.0,57.25731394328589
232,2,32,"[183, 80, 359, 14, 24]",132.0,128.39158850952816
233,2,33,"[37, 28, 14, 15, 10]",20.8,10.107423014794621
234,2,34,"[43, 19, 17, 14, 16]",21.8,10.721940122944169
235,2,35,"[7, 16, 49, 59, 25]",31.2,19.72206885699368
236,2,36,"[60, 25, 20, 7, 26]",27.6,17.556765077883796
237,2,37,"[47, 15, 12, 12, 13]",19.8,13.644046320648432
238,2,38,"[112, 78, 59, 15, 128]",78.4,39.96298287165261
239,2,39,"[279, 62, 20, 16, 30]",81.4,100.11113824145643
240,2,40,"[24, 343, 120, 18, 8]",102.6,126.79053592441355
241,2,41,"[110, 42, 39, 16, 8]",43.0,35.94440151122286
242,2,42,"[89, 23, 26, 21, 73]",46.4,28.74439075715469
243,2,43,"[30, 16, 9, 10, 11]",15.2,7.782030583337487
244,2,44,"[53, 15, 102, 19, 19]",41.6,33.18794962030646
245,2,45,"[57, 15, 11, 17, 10]",22.0,17.686152775547317
246,2,46,"[166, 33, 35, 25, 20]",55.8,55.36569334885999
247,2,47,"[196, 11, 6, 7, 10]",46.0,75.02266324251626
248,2,48,"[98, 46, 35, 57, 12]",49.6,28.415488734139345
249,2,49,"[21, 25, 10, 15, 22]",18.6,5.388877434122992
250,2,50,"[44, 16, 10, 33, 15]",23.6,12.815615474880635
251,2,51,"[85, 53, 191, 9, 42]",76.0,62.41794613730894
252,2,52,"[128, 24, 281, 1162, 15]",322.0,430.8062209392989
253,2,53,"[180, 30, 28, 43, 18]",59.8,60.62474742215427
254,2,54,"[225, 27, 17, 5, 13]",57.4,84.0989892923809
255,2,55,"[215, 393, 8, 6, 63]",137.0,148.92817060583266
256,2,56,"[239, 27, 12, 12, 45]",67.0,86.85390031541473
257,2,57,"[459, 31, 70, 22, 203]",157.0,164.31068133265103
258,2,58,"[42, 16, 23, 28, 36]",29.0,9.20869154657707
259,2,59,"[325, 12, 16, 30, 33]",83.2,121.16336079855165
260,2,60,"[37, 53, 46, 60, 11]",41.4,17.00117642988273
261,2,61,"[51, 47, 108, 64, 21]",58.2,28.547504269200136
262,2,62,"[300, 33, 22, 41, 36]",86.4,106.98149372671892
263,2,63,"[163, 32, 26, 41, 23]",57.0,53.35541209661866
264,2,64,"[56, 59, 26, 301, 264]",141.2,116.5356597784558
265,2,65,"[32, 25, 25, 11, 19]",22.4,7.031358332498779
266,2,66,"[44, 15, 23, 28, 10]",24.0,11.781341180018513
267,2,67,"[65, 66, 35, 52, 58]",55.2,11.303096920755834
268,2,68,"[18, 14, 18, 12, 10]",14.4,3.2
269,2,69,"[110, 24, 34, 21, 11]",40.0,35.7603131977336
270,2,70,"[256, 29, 37, 47, 22]",78.2,89.28919307508609
271,2,71,"[51, 43, 22, 28, 24]",33.6,11.394735626595292
272,2,72,"[64, 568, 13, 11, 23]",135.8,216.9473668888378
273,2,73,"[381, 57, 13, 11, 17]",95.8,143.59721445766277
274,2,74,"[52, 29, 24, 38, 57]",40.0,12.759310326189265
275,2,75,"[61, 21, 23, 56, 27]",37.6,17.24644890984808
276,2,76,"[33, 17, 32, 15, 8]",21.0,9.85900603509299
277,2,77,"[45, 12, 26, 20, 32]",27.0,11.171392035015153
278,2,78,"[360, 29, 43, 26, 11]",93.8,133.48767733390224
279,2,79,"[21, 15, 12, 9, 45]",20.4,12.92439553712281
280,2,80,"[38, 15, 58, 211, 40]",72.4,70.63313669942742
281,2,81,"[235, 18, 15, 12, 39]",63.8,86.12409651195186
282,2,82,"[51, 39, 18, 59, 52]",43.8,14.4138821973818
283,2,83,"[216, 9, 13, 19, 19]",55.2,80.4895024211232
284,2,84,"[453, 8, 10, 14, 15]",100.0,176.51855426555022
285,2,85,"[34, 20, 30, 25, 61]",34.0,14.296852800529214
286,2,86,"[39, 26, 48, 22, 22]",31.4,10.384603988597735
287,2,87,"[74, 47, 28, 57, 57]",52.6,15.05456741324705
288,2,88,"[180, 18, 13, 75, 59]",69.0,60.32246679306144
289,2,89,"[181, 39, 13, 37, 35]",61.0,60.728905802755904
290,2,90,"[39, 13, 15, 16, 27]",22.0,9.797958971132712
291,2,91,"[33, 16, 22, 31, 26]",25.6,6.151422599691879
292,2,92,"[42, 24, 10, 30, 22]",25.6,10.461357464497617
293,2,93,"[156, 13, 33, 27, 40]",53.8,51.86675235639879
294,2,94,"[186, 14, 12, 40, 74]",65.2,64.43104841611691
295,2,95,"[95, 92, 48, 285, 30]",110.0,91.01428459313406
296,2,96,"[89, 65, 13, 7, 6]",36.0,34.40930106817051
297,2,97,"[177, 15, 20, 11, 10]",46.6,65.2950227812197
298,2,98,"[147, 16, 1057, 43, 16]",255.8,403.497410152779
299,2,99,"[86, 40, 38, 63, 81]",61.6,19.985995096566995
300,4,0,"[84, 16, 31, 18, 15]",32.8,26.24042682579687
301,4,1,"[71, 23, 42, 16, 29]",36.2,19.38452991434149
302,4,2,"[99, 20, 9, 21, 10]",31.8,33.961154279558876
303,4,3,"[45, 104, 11, 366, 55]",116.2,128.39844235815326
304,4,4,"[78, 22, 13, 13, 14]",28.0,25.226969695149673
305,4,5,"[52, 33, 21, 22, 8]",27.2,14.715977711317723
306,4,6,"[14, 10, 61, 39, 10]",26.8,20.232646885664764
307,4,7,"[106, 15, 11, 49, 7]",37.6,37.318092127009926
308,4,8,"[53, 20, 8, 11, 111]",40.6,38.66057423267275
309,4,9,"[15, 18, 19, 24, 12]",17.6,4.029888335921977
310,4,10,"[20, 127, 59, 21, 92]",63.8,41.38308833327933
311,4,11,"[83, 9, 218, 59, 75]",88.8,69.53100028045044
312,4,12,"[103, 127, 608, 115, 736]",337.8,275.96333089742194
313,4,13,"[85, 8, 13, 10, 7]",24.6,30.269456552769494
314,4,14,"[372, 9, 12, 11, 8]",82.4,144.80690591266705
315,4,15,"[55, 16, 69, 25, 10]",35.0,22.98695282111137
316,4,16,"[99, 24, 15, 16, 184]",67.6,66.12896490948576
317,4,17,"[34, 326, 45, 186, 59]",130.0,112.2800071250443
318,4,18,"[127, 658, 176, 862, 332]",431.0,284.4405034449208
319,4,19,"[355, 7, 14, 12, 22]",82.0,136.58550435533047
320,4,20,"[114, 18, 49, 22, 18]",44.2,36.771728270506955
321,4,21,"[98, 24, 13, 13, 37]",37.0,31.75531451584128
322,4,22,"[50, 38, 23, 10, 20]",28.2,14.119490075778232
323,4,23,"[27, 37, 25, 27, 31]",29.4,4.2708313008125245
324,4,24,"[32, 9, 27, 16, 17]",20.2,8.23164625090267
325,4,25,"[154, 12, 19, 65, 300]",110.0,107.65314672595503
326,4,26,"[215, 15, 16, 20, 10]",55.2,79.96349166963635
327,4,27,"[58, 27, 576, 12, 7]",136.0,220.71791952625867
328,4,28,"[30, 45, 30, 58, 12]",35.0,15.543487382180357
329,4,29,"[82, 22, 16, 6, 1426]",310.4,558.4326638011067
330,4,30,"[181, 35, 16, 25, 36]",58.6,61.63310798588694
331,4,31,"[164, 49, 55, 12, 22]",60.4,54.23873154858988
332,4,32,"[183, 21, 757, 53, 1048]",412.4,414.1794780044033
333,4,33,"[37, 13, 13, 14, 8]",17.0,10.21763181955584
334,4,34,"[43, 12, 24, 14, 16]",21.8,11.356055653262713
335,4,35,"[7, 16, 49, 43, 206]",64.2,72.63993392067479
336,4,36,"[60, 25, 32, 18, 11]",29.2,16.9162643630324
337,4,37,"[47, 15, 12, 10, 15]",19.8,13.731715115017497
338,4,38,"[112, 2148, 17, 118, 44]",487.8,831.0057520859889
339,4,39,"[279, 14, 22, 20, 18]",70.6,104.23358383937493
340,4,40,"[24, 33, 12, 19, 18]",21.2,7.025667228100119
341,4,41,"[110, 44, 7, 55, 252]",93.6,85.80116549324956
342,4,42,"[89, 23, 23, 9, 22]",33.2,28.4
343,4,43,"[30, 15, 9, 11, 12]",15.4,7.552483035399682
344,4,44,"[53, 15, 19, 8, 75]",34.0,25.706030420895406
345,4,45,"[57, 48, 42, 31, 58]",47.2,10.02796090937734
346,4,46,"[166, 27, 19, 30, 13]",51.0,57.810033731178535
347,4,47,"[196, 9, 7, 18, 13]",48.6,73.79593484738845
348,4,48,"[98, 208, 105, 40, 25]",95.2,64.50240305601024
349,4,49,"[21, 25, 10, 11, 9]",15.2,6.523802572120037
350,4,50,"[44, 32, 118, 67, 239]",100.0,75.4903967402477
351,4,51,"[85, 73, 923, 21, 15]",223.4,350.8877883312556
352,4,52,"[128, 11, 20, 59, 15]",46.6,44.16605031016471
353,4,53,"[180, 20, 47, 1574, 1185]",601.2,649.5387286374847
354,4,54,"[225, 20, 320, 609, 274]",289.6,189.7583726743039
355,4,55,"[215, 13, 19, 13, 11]",54.2,80.44476365805298
356,4,56,"[239, 26, 14, 7, 18]",60.8,89.31158939353838
357,4,57,"[459, 23, 31, 17, 12]",108.4,175.4144805881202
358,4,58,"[42, 16, 19, 32, 28]",27.4,9.32952303175248
359,4,59,"[325, 16, 12, 12, 10]",75.0,125.01519907595235
360,4,60,"[37, 428, 14, 200, 32]",142.2,157.90427479963927
361,4,61,"[51, 47, 26, 30, 12]",33.2,14.274452704044382
362,4,62,"[300, 15, 14, 22, 8]",71.8,114.18651408988717
363,4,63,"[163, 674, 10, 9, 12]",173.6,257.09344604637437
364,4,64,"[56, 59, 168, 102, 359]",148.8,112.62220029816501
365,4,65,"[32, 25, 25, 21, 15]",23.6,5.571355310873647
366,4,66,"[44, 19, 16, 175, 52]",61.2,58.57439713731589
367,4,67,"[65, 50, 32, 23, 27]",39.4,15.78100123566309
368,4,68,"[18, 14, 16, 23, 12]",16.6,3.7735924528226414
369,4,69,"[110, 12, 34, 11, 554]",144.2,208.0715261634806
370,4,70,"[256, 10, 105, 60, 110]",108.2,82.24937689733584
371,4,71,"[51, 43, 32, 13, 10]",29.8,16.14187101918486
372,4,72,"[64, 63, 11, 15, 16]",33.8,24.30966885829587
373,4,73,"[381, 20, 54, 45, 27]",105.4,138.33669072230984
374,4,74,"[52, 76, 31, 52, 10]",44.2,22.256684389189687
375,4,75,"[61, 21, 18, 18, 15]",26.6,17.304334717058612
376,4,76,"[33, 17, 23, 9, 9]",18.2,9.086253353280437
377,4,77,"[45, 12, 26, 27, 39]",29.8,11.443775600735973
378,4,78,"[360, 31, 12, 7, 7]",83.4,138.58224994565504
379,4,79,"[21, 15, 12, 9, 21]",15.6,4.8
380,4,80,"[38, 27, 20, 35, 23]",28.6,6.887670143089026
381,4,81,"[235, 13, 14, 14, 7]",56.6,89.23810845149062
382,4,82,"[51, 39, 14, 33, 8]",29.0,15.912259424732868
383,4,83,"[216, 29, 16, 45, 26]",66.4,75.37798086974736
384,4,84,"[453, 14, 15, 13, 12]",101.4,175.80284411806312
385,4,85,"[34, 77, 50, 112, 15]",57.6,33.95644268765502
386,4,86,"[39, 26, 30, 20, 20]",27.0,7.0992957397195395
387,4,87,"[74, 52, 308, 17, 30]",96.2,107.66689370461098
388,4,88,"[180, 14, 11, 34, 100]",67.8,64.63559390923858
389,4,89,"[181, 15, 14, 19, 8]",47.4,66.8927499808462
390,4,90,"[39, 13, 15, 23, 48]",27.6,13.705473359209451
391,4,91,"[33, 16, 18, 39, 14]",24.0,10.059821071967434
392,4,92,"[42, 24, 10, 30, 18]",24.8,10.851727973000429
393,4,93,"[156, 27, 133, 136, 115]",113.4,45.11585087305791
394,4,94,"[186, 14, 16, 12, 26]",50.8,67.77138039025027
395,4,95,"[95, 44, 25, 104, 25]",58.6,34.226305672683985
396,4,96,"[89, 84, 118, 47, 14]",70.4,36.125337368666884
397,4,97,"[177, 63, 132, 8, 10]",78.0,67.03133595565585
398,4,98,"[147, 13, 1908, 24, 24]",423.2,744.0299456339106
399,4,99,"[86, 24, 22, 32, 47]",42.2,23.599999999999998
