,Replay type,Individual,all,Mean,STD
0,0,0,"[6, 6, 6, 6, 6]",6.0,0.0
1,0,1,"[6, 6, 6, 6, 6]",6.0,0.0
2,0,2,"[6, 6, 6, 6, 6]",6.0,0.0
3,0,3,"[9, 9, 9, 9, 9]",9.0,0.0
4,0,4,"[6, 6, 6, 6, 6]",6.0,0.0
5,0,5,"[6, 6, 6, 6, 6]",6.0,0.0
6,0,6,"[7, 7, 7, 7, 7]",7.0,0.0
7,0,7,"[7, 7, 7, 7, 7]",7.0,0.0
8,0,8,"[7, 7, 7, 7, 7]",7.0,0.0
9,0,9,"[8, 8, 8, 8, 8]",8.0,0.0
10,0,10,"[10, 10, 12, 11, 10]",10.6,0.7999999999999999
11,0,11,"[7, 7, 7, 7, 7]",7.0,0.0
12,0,12,"[8, 9, 8, 8, 8]",8.2,0.39999999999999997
13,0,13,"[9, 9, 9, 9, 9]",9.0,0.0
14,0,14,"[6, 6, 6, 6, 6]",6.0,0.0
15,0,15,"[6, 6, 6, 6, 6]",6.0,0.0
16,0,16,"[8, 8, 8, 8, 8]",8.0,0.0
17,0,17,"[6, 6, 6, 6, 6]",6.0,0.0
18,0,18,"[6, 6, 6, 6, 6]",6.0,0.0
19,0,19,"[8, 7, 8, 7, 7]",7.4,0.48989794855663565
20,0,20,"[7, 7, 7, 7, 7]",7.0,0.0
21,0,21,"[7, 7, 7, 7, 7]",7.0,0.0
22,0,22,"[5, 5, 5, 5, 5]",5.0,0.0
23,0,23,"[7, 7, 7, 7, 7]",7.0,0.0
24,0,24,"[7, 7, 7, 7, 7]",7.0,0.0
25,0,25,"[7, 7, 7, 7, 7]",7.0,0.0
26,0,26,"[7, 7, 7, 7, 7]",7.0,0.0
27,0,27,"[8, 8, 8, 8, 8]",8.0,0.0
28,0,28,"[6, 6, 6, 6, 6]",6.0,0.0
29,0,29,"[5, 5, 5, 5, 5]",5.0,0.0
30,0,30,"[8, 8, 8, 8, 8]",8.0,0.0
31,0,31,"[8, 8, 8, 8, 8]",8.0,0.0
32,0,32,"[6, 6, 6, 6, 6]",6.0,0.0
33,0,33,"[7, 7, 7, 7, 7]",7.0,0.0
34,0,34,"[6, 6, 6, 6, 6]",6.0,0.0
35,0,35,"[7, 7, 7, 7, 7]",7.0,0.0
36,0,36,"[7, 7, 7, 7, 7]",7.0,0.0
37,0,37,"[7, 7, 7, 7, 7]",7.0,0.0
38,0,38,"[8, 7, 7, 7, 8]",7.4,0.4898979485566356
39,0,39,"[6, 6, 6, 6, 6]",6.0,0.0
40,0,40,"[10, 11, 10, 12, 11]",10.8,0.7483314773547883
41,0,41,"[6, 6, 6, 6, 6]",6.0,0.0
42,0,42,"[15, 13, 11, 10, 10]",11.8,1.9390719429665315
43,0,43,"[8, 8, 8, 8, 10]",8.4,0.7999999999999999
44,0,44,"[7, 7, 7, 7, 7]",7.0,0.0
45,0,45,"[8, 7, 7, 7, 7]",7.2,0.39999999999999997
46,0,46,"[6, 6, 6, 6, 6]",6.0,0.0
47,0,47,"[5, 5, 5, 5, 5]",5.0,0.0
48,0,48,"[7, 7, 11, 7, 8]",8.0,1.5491933384829668
49,0,49,"[7, 7, 7, 7, 7]",7.0,0.0
50,0,50,"[11, 11, 11, 10, 10]",10.6,0.48989794855663565
51,0,51,"[6, 6, 6, 6, 6]",6.0,0.0
52,0,52,"[8, 8, 8, 8, 8]",8.0,0.0
53,0,53,"[6, 6, 6, 6, 6]",6.0,0.0
54,0,54,"[6, 6, 6, 6, 6]",6.0,0.0
55,0,55,"[7, 7, 7, 7, 7]",7.0,0.0
56,0,56,"[7, 7, 7, 7, 7]",7.0,0.0
57,0,57,"[5, 5, 5, 5, 5]",5.0,0.0
58,0,58,"[7, 7, 7, 7, 7]",7.0,0.0
59,0,59,"[5, 5, 5, 5, 5]",5.0,0.0
60,0,60,"[6, 6, 6, 6, 6]",6.0,0.0
61,0,61,"[5, 5, 5, 5, 5]",5.0,0.0
62,0,62,"[5, 5, 5, 5, 5]",5.0,0.0
63,0,63,"[7, 7, 7, 7, 7]",7.0,0.0
64,0,64,"[5, 5, 5, 5, 5]",5.0,0.0
65,0,65,"[9, 9, 9, 9, 9]",9.0,0.0
66,0,66,"[10, 10, 11, 11, 11]",10.6,0.48989794855663565
67,0,67,"[6, 6, 6, 6, 6]",6.0,0.0
68,0,68,"[7, 7, 7, 7, 7]",7.0,0.0
69,0,69,"[7, 7, 7, 7, 7]",7.0,0.0
70,0,70,"[7, 7, 7, 7, 7]",7.0,0.0
71,0,71,"[6, 6, 6, 6, 6]",6.0,0.0
72,0,72,"[6, 6, 6, 6, 6]",6.0,0.0
73,0,73,"[5, 5, 5, 5, 5]",5.0,0.0
74,0,74,"[7, 7, 7, 7, 7]",7.0,0.0
75,0,75,"[7, 7, 7, 7, 7]",7.0,0.0
76,0,76,"[18, 11, 12, 11, 11]",12.6,2.727636339397171
77,0,77,"[7, 7, 7, 7, 7]",7.0,0.0
78,0,78,"[7, 7, 7, 7, 7]",7.0,0.0
79,0,79,"[5, 5, 5, 5, 5]",5.0,0.0
80,0,80,"[8, 7, 7, 7, 8]",7.4,0.4898979485566356
81,0,81,"[6, 6, 6, 6, 6]",6.0,0.0
82,0,82,"[8, 11, 9, 8, 9]",9.0,1.0954451150103321
83,0,83,"[8, 8, 8, 8, 8]",8.0,0.0
84,0,84,"[8, 8, 10, 9, 8]",8.6,0.7999999999999999
85,0,85,"[7, 9, 11, 8, 7]",8.4,1.4966629547095764
86,0,86,"[7, 7, 7, 7, 7]",7.0,0.0
87,0,87,"[6, 6, 6, 6, 6]",6.0,0.0
88,0,88,"[10, 10, 10, 10, 10]",10.0,0.0
89,0,89,"[8, 12, 8, 8, 8]",8.8,1.5999999999999999
90,0,90,"[5, 5, 5, 5, 5]",5.0,0.0
91,0,91,"[5, 5, 5, 5, 5]",5.0,0.0
92,0,92,"[10, 10, 10, 10, 5]",9.0,2.0
93,0,93,"[7, 7, 7, 7, 7]",7.0,0.0
94,0,94,"[7, 7, 7, 7, 7]",7.0,0.0
95,0,95,"[11, 11, 10, 14, 10]",11.2,1.469693845669907
96,0,96,"[6, 6, 6, 6, 6]",6.0,0.0
97,0,97,"[6, 6, 6, 6, 6]",6.0,0.0
98,0,98,"[6, 6, 6, 6, 6]",6.0,0.0
99,0,99,"[7, 7, 7, 7, 7]",7.0,0.0
100,1,0,"[9, 8, 8, 7, 9]",8.2,0.7483314773547882
101,1,1,"[8, 9, 10, 9, 10]",9.2,0.7483314773547882
102,1,2,"[6, 8, 6, 6, 6]",6.4,0.7999999999999999
103,1,3,"[8, 9, 23, 9, 13]",12.4,5.571355310873648
104,1,4,"[9, 7, 7, 7, 7]",7.4,0.7999999999999999
105,1,5,"[10, 5, 6, 5, 7]",6.6,1.8547236990991407
106,1,6,"[8, 9, 9, 7, 12]",9.0,1.6733200530681511
107,1,7,"[14, 8, 6, 8, 12]",9.6,2.939387691339814
108,1,8,"[26, 12, 12, 11, 14]",15.0,5.585696017507576
109,1,9,"[13, 7, 14, 10, 7]",10.2,2.9257477676655586
110,1,10,"[5, 5, 6, 5, 5]",5.2,0.39999999999999997
111,1,11,"[10, 9, 9, 10, 11]",9.8,0.7483314773547883
112,1,12,"[8, 8, 8, 9, 10]",8.6,0.8
113,1,13,"[8, 8, 13, 15, 8]",10.4,3.006659275674582
114,1,14,"[6, 6, 6, 6, 7]",6.2,0.39999999999999997
115,1,15,"[29, 36, 33, 32, 34]",32.8,2.3151673805580453
116,1,16,"[7, 7, 7, 7, 7]",7.0,0.0
117,1,17,"[8, 11, 8, 8, 8]",8.6,1.2
118,1,18,"[6, 6, 6, 6, 6]",6.0,0.0
119,1,19,"[6, 9, 7, 6, 7]",7.0,1.0954451150103321
120,1,20,"[11, 8, 10, 10, 7]",9.2,1.469693845669907
121,1,21,"[7, 8, 7, 10, 16]",9.6,3.3823069050575527
122,1,22,"[9, 12, 9, 9, 9]",9.6,1.2
123,1,23,"[5, 8, 5, 13, 8]",7.8,2.925747767665559
124,1,24,"[10, 10, 11, 10, 10]",10.2,0.39999999999999997
125,1,25,"[5, 5, 5, 7, 5]",5.4,0.7999999999999999
126,1,26,"[6, 8, 8, 6, 11]",7.8,1.8330302779823362
127,1,27,"[6, 12, 6, 6, 6]",7.2,2.4000000000000004
128,1,28,"[6, 7, 10, 12, 16]",10.2,3.6
129,1,29,"[9, 9, 9, 9, 9]",9.0,0.0
130,1,30,"[8, 8, 11, 11, 7]",9.0,1.6733200530681511
131,1,31,"[13, 9, 9, 8, 12]",10.2,1.9390719429665317
132,1,32,"[7, 7, 8, 8, 7]",7.4,0.48989794855663565
133,1,33,"[6, 6, 6, 7, 7]",6.4,0.48989794855663565
134,1,34,"[14, 17, 17, 22, 17]",17.4,2.576819745345025
135,1,35,"[7, 7, 7, 7, 9]",7.4,0.7999999999999999
136,1,36,"[45, 24, 52, 23, 27]",34.2,11.9565881421081
137,1,37,"[29, 11, 12, 16, 8]",15.2,7.35934779718964
138,1,38,"[8, 6, 6, 6, 6]",6.4,0.7999999999999999
139,1,39,"[12, 13, 22, 9, 16]",14.4,4.409081537009721
140,1,40,"[15, 17, 18, 19, 20]",17.8,1.7204650534085253
141,1,41,"[11, 6, 5, 8, 8]",7.6,2.0591260281974
142,1,42,"[13, 12, 6, 6, 6]",8.6,3.2
143,1,43,"[7, 7, 8, 5, 7]",6.8,0.9797958971132712
144,1,44,"[6, 11, 10, 8, 10]",9.0,1.7888543819998317
145,1,45,"[8, 9, 7, 6, 6]",7.2,1.16619037896906
146,1,46,"[5, 5, 5, 5, 5]",5.0,0.0
147,1,47,"[8, 10, 8, 9, 8]",8.6,0.7999999999999999
148,1,48,"[11, 8, 10, 12, 9]",10.0,1.4142135623730951
149,1,49,"[8, 9, 9, 13, 6]",9.0,2.280350850198276
150,1,50,"[6, 9, 9, 7, 6]",7.4,1.3564659966250536
151,1,51,"[11, 11, 23, 10, 7]",12.4,5.499090833947008
152,1,52,"[7, 7, 8, 9, 7]",7.6,0.8
153,1,53,"[11, 10, 11, 10, 11]",10.6,0.48989794855663565
154,1,54,"[5, 5, 5, 5, 5]",5.0,0.0
155,1,55,"[11, 8, 7, 13, 13]",10.4,2.4979991993593593
156,1,56,"[16, 14, 8, 10, 14]",12.4,2.939387691339814
157,1,57,"[8, 6, 7, 10, 8]",7.8,1.32664991614216
158,1,58,"[11, 11, 11, 10, 10]",10.6,0.48989794855663565
159,1,59,"[10, 6, 6, 9, 6]",7.4,1.7435595774162693
160,1,60,"[8, 8, 11, 8, 7]",8.4,1.3564659966250536
161,1,61,"[8, 9, 6, 9, 6]",7.6,1.3564659966250536
162,1,62,"[11, 18, 17, 14, 15]",15.0,2.449489742783178
163,1,63,"[10, 7, 7, 8, 8]",8.0,1.0954451150103321
164,1,64,"[27, 24, 21, 17, 19]",21.6,3.5552777669262356
165,1,65,"[6, 9, 9, 6, 12]",8.4,2.244994432064365
166,1,66,"[25, 9, 15, 27, 18]",18.8,6.584831053261731
167,1,67,"[6, 6, 7, 6, 8]",6.6,0.8
168,1,68,"[8, 6, 6, 6, 6]",6.4,0.7999999999999999
169,1,69,"[8, 8, 10, 12, 13]",10.2,2.039607805437114
170,1,70,"[5, 5, 5, 5, 6]",5.2,0.39999999999999997
171,1,71,"[7, 7, 9, 6, 6]",7.0,1.0954451150103321
172,1,72,"[12, 10, 9, 10, 14]",11.0,1.7888543819998317
173,1,73,"[9, 9, 12, 11, 8]",9.8,1.469693845669907
174,1,74,"[6, 6, 6, 7, 6]",6.2,0.39999999999999997
175,1,75,"[7, 7, 10, 9, 10]",8.6,1.3564659966250536
176,1,76,"[22, 12, 12, 23, 15]",16.8,4.791659420284375
177,1,77,"[16, 27, 15, 25, 20]",20.6,4.758150901348127
178,1,78,"[8, 9, 9, 9, 6]",8.2,1.1661903789690602
179,1,79,"[17, 14, 17, 17, 21]",17.2,2.2271057451320084
180,1,80,"[7, 7, 7, 7, 7]",7.0,0.0
181,1,81,"[7, 9, 14, 13, 16]",11.8,3.3105890714493698
182,1,82,"[7, 16, 8, 6, 7]",8.8,3.655133376499413
183,1,83,"[12, 16, 23, 13, 12]",15.2,4.166533331199932
184,1,84,"[10, 11, 15, 11, 18]",13.0,3.03315017762062
185,1,85,"[5, 5, 5, 6, 5]",5.2,0.39999999999999997
186,1,86,"[10, 26, 22, 12, 10]",16.0,6.6932802122726045
187,1,87,"[9, 17, 12, 7, 12]",11.4,3.3823069050575527
188,1,88,"[13, 27, 23, 9, 9]",16.2,7.4404300950953095
189,1,89,"[13, 16, 14, 12, 17]",14.4,1.8547236990991407
190,1,90,"[7, 6, 6, 8, 7]",6.8,0.7483314773547882
191,1,91,"[7, 7, 11, 8, 11]",8.8,1.8330302779823362
192,1,92,"[18, 14, 17, 17, 14]",16.0,1.6733200530681511
193,1,93,"[8, 10, 8, 8, 8]",8.4,0.7999999999999999
194,1,94,"[6, 6, 6, 6, 6]",6.0,0.0
195,1,95,"[6, 7, 7, 5, 5]",6.0,0.8944271909999159
196,1,96,"[6, 5, 5, 6, 8]",6.0,1.0954451150103321
197,1,97,"[22, 16, 20, 25, 21]",20.8,2.9257477676655586
198,1,98,"[6, 8, 7, 8, 7]",7.2,0.7483314773547882
199,1,99,"[16, 14, 14, 11, 10]",13.0,2.1908902300206643
200,2,0,"[9, 8, 8, 7, 9]",8.2,0.7483314773547882
201,2,1,"[33, 53, 38, 39, 26]",37.8,8.885943956609225
202,2,2,"[8, 10, 7, 7, 10]",8.4,1.3564659966250536
203,2,3,"[8, 9, 23, 9, 13]",12.4,5.571355310873648
204,2,4,"[12, 13, 11, 15, 12]",12.6,1.3564659966250536
205,2,5,"[5, 6, 7, 6, 7]",6.2,0.7483314773547882
206,2,6,"[8, 9, 9, 7, 12]",9.0,1.6733200530681511
207,2,7,"[14, 8, 6, 8, 12]",9.6,2.939387691339814
208,2,8,"[26, 12, 12, 11, 14]",15.0,5.585696017507576
209,2,9,"[13, 7, 14, 10, 7]",10.2,2.9257477676655586
210,2,10,"[5, 5, 5, 5, 5]",5.0,0.0
211,2,11,"[10, 9, 9, 10, 11]",9.8,0.7483314773547883
212,2,12,"[8, 8, 8, 9, 10]",8.6,0.8
213,2,13,"[8, 8, 13, 15, 8]",10.4,3.006659275674582
214,2,14,"[6, 6, 6, 6, 7]",6.2,0.39999999999999997
215,2,15,"[26, 23, 24, 24, 29]",25.2,2.1354156504062622
216,2,16,"[7, 7, 7, 7, 7]",7.0,0.0
217,2,17,"[8, 11, 8, 8, 8]",8.6,1.2
218,2,18,"[16, 13, 11, 11, 16]",13.4,2.244994432064365
219,2,19,"[6, 9, 7, 6, 7]",7.0,1.0954451150103321
220,2,20,"[19, 19, 30, 16, 26]",22.0,5.176871642217914
221,2,21,"[7, 8, 7, 8, 7]",7.4,0.48989794855663565
222,2,22,"[9, 9, 12, 9, 9]",9.6,1.2
223,2,23,"[5, 8, 5, 13, 8]",7.8,2.925747767665559
224,2,24,"[10, 17, 10, 10, 13]",12.0,2.756809750418044
225,2,25,"[5, 6, 5, 6, 5]",5.4,0.48989794855663565
226,2,26,"[6, 8, 8, 6, 11]",7.8,1.8330302779823362
227,2,27,"[6, 12, 6, 6, 6]",7.2,2.4000000000000004
228,2,28,"[6, 7, 10, 12, 16]",10.2,3.6
229,2,29,"[8, 9, 8, 14, 9]",9.6,2.244994432064365
230,2,30,"[8, 8, 11, 11, 7]",9.0,1.6733200530681511
231,2,31,"[13, 9, 9, 8, 12]",10.2,1.9390719429665317
232,2,32,"[7, 7, 8, 8, 7]",7.4,0.48989794855663565
233,2,33,"[6, 6, 6, 7, 7]",6.4,0.48989794855663565
234,2,34,"[27, 20, 18, 14, 24]",20.6,4.5431266766402185
235,2,35,"[8, 7, 7, 7, 7]",7.2,0.39999999999999997
236,2,36,"[10, 7, 7, 6, 10]",8.0,1.6733200530681511
237,2,37,"[29, 11, 12, 16, 8]",15.2,7.35934779718964
238,2,38,"[8, 6, 6, 6, 6]",6.4,0.7999999999999999
239,2,39,"[12, 13, 22, 9, 16]",14.4,4.409081537009721
240,2,40,"[15, 17, 18, 19, 20]",17.8,1.7204650534085253
241,2,41,"[11, 6, 5, 8, 8]",7.6,2.0591260281974
242,2,42,"[13, 12, 6, 6, 6]",8.6,3.2
243,2,43,"[7, 8, 6, 9, 13]",8.6,2.4166091947189146
244,2,44,"[6, 11, 10, 8, 10]",9.0,1.7888543819998317
245,2,45,"[8, 9, 7, 6, 6]",7.2,1.16619037896906
246,2,46,"[5, 5, 5, 5, 5]",5.0,0.0
247,2,47,"[6, 6, 6, 6, 6]",6.0,0.0
248,2,48,"[11, 8, 10, 12, 9]",10.0,1.4142135623730951
249,2,49,"[8, 9, 9, 13, 6]",9.0,2.280350850198276
250,2,50,"[6, 6, 9, 9, 7]",7.4,1.3564659966250536
251,2,51,"[11, 11, 23, 10, 7]",12.4,5.499090833947008
252,2,52,"[8, 7, 7, 8, 7]",7.4,0.48989794855663565
253,2,53,"[10, 13, 11, 8, 11]",10.6,1.624807680927192
254,2,54,"[5, 5, 5, 5, 5]",5.0,0.0
255,2,55,"[11, 8, 7, 13, 13]",10.4,2.4979991993593593
256,2,56,"[16, 14, 8, 10, 14]",12.4,2.939387691339814
257,2,57,"[8, 6, 7, 10, 8]",7.8,1.32664991614216
258,2,58,"[11, 11, 11, 10, 10]",10.6,0.48989794855663565
259,2,59,"[10, 6, 6, 9, 6]",7.4,1.7435595774162693
260,2,60,"[8, 8, 11, 8, 7]",8.4,1.3564659966250536
261,2,61,"[8, 9, 6, 9, 6]",7.6,1.3564659966250536
262,2,62,"[11, 18, 17, 14, 15]",15.0,2.449489742783178
263,2,63,"[10, 7, 7, 8, 8]",8.0,1.0954451150103321
264,2,64,"[33, 44, 20, 40, 25]",32.4,8.957678270623477
265,2,65,"[6, 9, 9, 6, 12]",8.4,2.244994432064365
266,2,66,"[25, 9, 15, 27, 18]",18.8,6.584831053261731
267,2,67,"[6, 6, 7, 6, 8]",6.6,0.8
268,2,68,"[8, 6, 6, 6, 6]",6.4,0.7999999999999999
269,2,69,"[8, 8, 10, 12, 13]",10.2,2.039607805437114
270,2,70,"[5, 5, 5, 5, 6]",5.2,0.39999999999999997
271,2,71,"[7, 7, 9, 6, 6]",7.0,1.0954451150103321
272,2,72,"[14, 16, 10, 12, 13]",13.0,2.0
273,2,73,"[12, 9, 10, 11, 13]",11.0,1.4142135623730951
274,2,74,"[6, 6, 6, 7, 6]",6.2,0.39999999999999997
275,2,75,"[7, 7, 10, 9, 10]",8.6,1.3564659966250536
276,2,76,"[25, 20, 16, 18, 14]",18.6,3.7735924528226414
277,2,77,"[27, 15, 25, 20, 16]",20.6,4.758150901348127
278,2,78,"[8, 9, 9, 9, 6]",8.2,1.1661903789690602
279,2,79,"[14, 17, 17, 21, 22]",18.2,2.9257477676655586
280,2,80,"[7, 7, 7, 7, 7]",7.0,0.0
281,2,81,"[7, 9, 14, 13, 16]",11.8,3.3105890714493698
282,2,82,"[7, 16, 8, 6, 7]",8.8,3.655133376499413
283,2,83,"[12, 16, 23, 13, 12]",15.2,4.166533331199932
284,2,84,"[10, 11, 15, 11, 18]",13.0,3.03315017762062
285,2,85,"[5, 5, 5, 6, 5]",5.2,0.39999999999999997
286,2,86,"[10, 26, 22, 12, 10]",16.0,6.6932802122726045
287,2,87,"[9, 17, 12, 7, 12]",11.4,3.3823069050575527
288,2,88,"[12, 17, 12, 15, 13]",13.8,1.9390719429665315
289,2,89,"[26, 17, 16, 15, 11]",17.0,4.9396356140913875
290,2,90,"[7, 6, 6, 8, 7]",6.8,0.7483314773547882
291,2,91,"[7, 7, 8, 8, 10]",8.0,1.0954451150103321
292,2,92,"[14, 14, 17, 17, 14]",15.2,1.4696938456699067
293,2,93,"[8, 10, 8, 8, 8]",8.4,0.7999999999999999
294,2,94,"[6, 10, 6, 6, 6]",6.8,1.6000000000000003
295,2,95,"[9, 5, 7, 11, 5]",7.4,2.33238075793812
296,2,96,"[6, 5, 5, 6, 8]",6.0,1.0954451150103321
297,2,97,"[19, 18, 54, 23, 19]",26.6,13.807244475274565
298,2,98,"[6, 8, 7, 8, 7]",7.2,0.7483314773547882
299,2,99,"[16, 14, 14, 11, 10]",13.0,2.1908902300206643
300,4,0,"[7, 7, 7, 7, 7]",7.0,0.0
301,4,1,"[11, 10, 11, 19, 14]",13.0,3.286335345030997
302,4,2,"[6, 6, 6, 6, 7]",6.2,0.39999999999999997
303,4,3,"[9, 8, 13, 25, 12]",13.4,6.086049621881176
304,4,4,"[6, 6, 6, 6, 6]",6.0,0.0
305,4,5,"[6, 5, 5, 5, 5]",5.2,0.39999999999999997
306,4,6,"[10, 10, 10, 10, 10]",10.0,0.0
307,4,7,"[7, 6, 7, 7, 11]",7.6,1.7435595774162693
308,4,8,"[8, 12, 13, 7, 10]",10.0,2.280350850198276
309,4,9,"[8, 9, 7, 10, 8]",8.4,1.0198039027185568
310,4,10,"[6, 6, 6, 6, 6]",6.0,0.0
311,4,11,"[20, 18, 14, 14, 15]",16.2,2.4
312,4,12,"[8, 8, 8, 8, 8]",8.0,0.0
313,4,13,"[5, 5, 5, 8, 5]",5.6,1.2
314,4,14,"[5, 5, 5, 5, 5]",5.0,0.0
315,4,15,"[6, 15, 7, 8, 11]",9.4,3.2619012860600183
316,4,16,"[7, 7, 7, 7, 7]",7.0,0.0
317,4,17,"[8, 8, 8, 10, 8]",8.4,0.7999999999999999
318,4,18,"[6, 6, 6, 6, 6]",6.0,0.0
319,4,19,"[22, 7, 14, 9, 11]",12.6,5.238320341483519
320,4,20,"[6, 6, 6, 6, 6]",6.0,0.0
321,4,21,"[23, 6, 12, 11, 10]",12.4,5.6780278266313555
322,4,22,"[6, 6, 6, 6, 6]",6.0,0.0
323,4,23,"[14, 10, 11, 22, 7]",12.8,5.114684741017769
324,4,24,"[13, 8, 8, 8, 8]",9.0,2.0
325,4,25,"[5, 5, 5, 5, 5]",5.0,0.0
326,4,26,"[6, 7, 12, 11, 8]",8.8,2.315167380558045
327,4,27,"[8, 6, 7, 7, 8]",7.2,0.7483314773547882
328,4,28,"[19, 16, 9, 11, 12]",13.4,3.6110940170535577
329,4,29,"[8, 8, 8, 8, 8]",8.0,0.0
330,4,30,"[28, 23, 26, 22, 19]",23.6,3.1368774282716245
331,4,31,"[10, 33, 18, 14, 21]",19.2,7.833262411026457
332,4,32,"[5, 5, 5, 5, 5]",5.0,0.0
333,4,33,"[21, 9, 10, 8, 8]",11.2,4.955804677345547
334,4,34,"[13, 14, 14, 16, 22]",15.8,3.249615361854384
335,4,35,"[7, 7, 7, 7, 7]",7.0,0.0
336,4,36,"[5, 5, 5, 6, 5]",5.2,0.39999999999999997
337,4,37,"[8, 10, 8, 9, 24]",11.8,6.144916598294887
338,4,38,"[6, 6, 6, 6, 6]",6.0,0.0
339,4,39,"[8, 7, 7, 7, 7]",7.2,0.39999999999999997
340,4,40,"[25, 16, 21, 22, 15]",19.8,3.7629775444453557
341,4,41,"[11, 7, 7, 9, 8]",8.4,1.4966629547095764
342,4,42,"[27, 16, 18, 12, 19]",18.4,4.923413450036469
343,4,43,"[5, 6, 7, 9, 8]",7.0,1.4142135623730951
344,4,44,"[12, 6, 7, 8, 9]",8.4,2.0591260281974
345,4,45,"[13, 12, 11, 8, 10]",10.8,1.7204650534085253
346,4,46,"[11, 11, 11, 11, 11]",11.0,0.0
347,4,47,"[7, 7, 7, 7, 7]",7.0,0.0
348,4,48,"[5, 5, 5, 5, 5]",5.0,0.0
349,4,49,"[6, 6, 6, 6, 6]",6.0,0.0
350,4,50,"[5, 5, 5, 5, 5]",5.0,0.0
351,4,51,"[10, 9, 7, 7, 12]",9.0,1.8973665961010275
352,4,52,"[6, 6, 6, 6, 7]",6.2,0.39999999999999997
353,4,53,"[8, 7, 8, 7, 7]",7.4,0.48989794855663565
354,4,54,"[7, 7, 7, 7, 7]",7.0,0.0
355,4,55,"[7, 10, 13, 9, 9]",9.6,1.9595917942265424
356,4,56,"[11, 13, 7, 7, 18]",11.2,4.1182520563948
357,4,57,"[9, 18, 13, 13, 11]",12.8,2.993325909419153
358,4,58,"[12, 10, 11, 11, 11]",11.0,0.6324555320336759
359,4,59,"[6, 6, 6, 6, 6]",6.0,0.0
360,4,60,"[12, 14, 34, 30, 20]",22.0,8.67179335547152
361,4,61,"[9, 6, 6, 8, 6]",7.0,1.2649110640673518
362,4,62,"[19, 13, 11, 11, 15]",13.8,2.993325909419153
363,4,63,"[15, 13, 13, 9, 8]",11.6,2.65329983228432
364,4,64,"[9, 9, 13, 12, 5]",9.6,2.8000000000000003
365,4,65,"[11, 13, 16, 12, 16]",13.6,2.0591260281974
366,4,66,"[7, 9, 7, 10, 8]",8.2,1.16619037896906
367,4,67,"[10, 7, 11, 13, 10]",10.2,1.9390719429665315
368,4,68,"[8, 9, 6, 7, 6]",7.2,1.16619037896906
369,4,69,"[6, 6, 6, 6, 6]",6.0,0.0
370,4,70,"[6, 6, 6, 6, 6]",6.0,0.0
371,4,71,"[9, 14, 9, 9, 16]",11.4,3.006659275674582
372,4,72,"[9, 9, 9, 10, 9]",9.2,0.39999999999999997
373,4,73,"[11, 11, 12, 10, 12]",11.2,0.7483314773547882
374,4,74,"[5, 5, 5, 5, 5]",5.0,0.0
375,4,75,"[6, 6, 6, 6, 6]",6.0,0.0
376,4,76,"[7, 11, 9, 7, 9]",8.6,1.4966629547095764
377,4,77,"[22, 30, 27, 53, 16]",29.6,12.626955294131678
378,4,78,"[12, 15, 6, 11, 12]",11.2,2.9257477676655586
379,4,79,"[10, 7, 9, 8, 16]",10.0,3.1622776601683795
380,4,80,"[7, 7, 7, 7, 7]",7.0,0.0
381,4,81,"[8, 9, 6, 9, 6]",7.6,1.3564659966250536
382,4,82,"[21, 16, 16, 13, 13]",15.8,2.9257477676655586
383,4,83,"[6, 5, 6, 6, 5]",5.6,0.4898979485566356
384,4,84,"[6, 6, 6, 6, 6]",6.0,0.0
385,4,85,"[5, 7, 5, 5, 5]",5.4,0.7999999999999999
386,4,86,"[6, 11, 5, 15, 9]",9.2,3.6
387,4,87,"[11, 7, 5, 5, 12]",8.0,2.9664793948382653
388,4,88,"[11, 5, 9, 8, 21]",10.8,5.455272678794342
389,4,89,"[8, 10, 7, 7, 6]",7.6,1.3564659966250536
390,4,90,"[6, 6, 6, 6, 6]",6.0,0.0
391,4,91,"[6, 6, 6, 6, 6]",6.0,0.0
392,4,92,"[11, 11, 11, 11, 11]",11.0,0.0
393,4,93,"[6, 6, 6, 6, 6]",6.0,0.0
394,4,94,"[5, 5, 5, 5, 5]",5.0,0.0
395,4,95,"[6, 6, 6, 6, 6]",6.0,0.0
396,4,96,"[5, 5, 5, 5, 5]",5.0,0.0
397,4,97,"[17, 41, 30, 14, 15]",23.4,10.518555033843764
398,4,98,"[6, 6, 6, 6, 6]",6.0,0.0
399,4,99,"[10, 20, 9, 12, 9]",12.0,4.147288270665544
