,Replay type,Individual,all,Mean,STD
0,0,0,"[6, 6, 6, 6, 6]",6.0,0.0
1,0,1,"[7, 7, 7, 7, 7]",7.0,0.0
2,0,2,"[7, 7, 7, 7, 7]",7.0,0.0
3,0,3,"[6, 6, 6, 6, 6]",6.0,0.0
4,0,4,"[6, 6, 6, 6, 6]",6.0,0.0
5,0,5,"[6, 6, 6, 6, 6]",6.0,0.0
6,0,6,"[6, 6, 6, 6, 6]",6.0,0.0
7,0,7,"[9, 9, 9, 9, 9]",9.0,0.0
8,0,8,"[8, 8, 8, 8, 8]",8.0,0.0
9,0,9,"[7, 7, 7, 7, 7]",7.0,0.0
10,0,10,"[6, 6, 6, 6, 6]",6.0,0.0
11,0,11,"[6, 6, 6, 6, 6]",6.0,0.0
12,0,12,"[11, 12, 12, 12, 11]",11.6,0.4898979485566356
13,0,13,"[6, 6, 6, 6, 6]",6.0,0.0
14,0,14,"[6, 6, 6, 6, 6]",6.0,0.0
15,0,15,"[6, 6, 6, 6, 6]",6.0,0.0
16,0,16,"[8, 8, 8, 8, 8]",8.0,0.0
17,0,17,"[8, 8, 8, 8, 8]",8.0,0.0
18,0,18,"[7, 7, 7, 7, 7]",7.0,0.0
19,0,19,"[6, 6, 6, 6, 6]",6.0,0.0
20,0,20,"[8, 8, 8, 8, 8]",8.0,0.0
21,0,21,"[8, 8, 8, 8, 8]",8.0,0.0
22,0,22,"[7, 7, 7, 7, 7]",7.0,0.0
23,0,23,"[6, 6, 6, 6, 6]",6.0,0.0
24,0,24,"[6, 6, 6, 6, 6]",6.0,0.0
25,0,25,"[6, 6, 6, 6, 6]",6.0,0.0
26,0,26,"[7, 7, 7, 7, 7]",7.0,0.0
27,0,27,"[6, 6, 6, 6, 6]",6.0,0.0
28,0,28,"[7, 7, 7, 7, 7]",7.0,0.0
29,0,29,"[7, 8, 7, 7, 7]",7.2,0.39999999999999997
30,0,30,"[7, 7, 7, 7, 7]",7.0,0.0
31,0,31,"[6, 6, 6, 6, 6]",6.0,0.0
32,0,32,"[6, 6, 6, 6, 6]",6.0,0.0
33,0,33,"[7, 7, 7, 7, 7]",7.0,0.0
34,0,34,"[7, 7, 7, 7, 7]",7.0,0.0
35,0,35,"[8, 8, 8, 8, 8]",8.0,0.0
36,0,36,"[7, 7, 7, 7, 7]",7.0,0.0
37,0,37,"[7, 7, 7, 7, 7]",7.0,0.0
38,0,38,"[7, 7, 7, 7, 7]",7.0,0.0
39,0,39,"[7, 7, 7, 7, 7]",7.0,0.0
40,0,40,"[6, 6, 6, 6, 6]",6.0,0.0
41,0,41,"[10, 10, 10, 10, 10]",10.0,0.0
42,0,42,"[7, 7, 7, 7, 7]",7.0,0.0
43,0,43,"[6, 6, 6, 6, 6]",6.0,0.0
44,0,44,"[8, 8, 8, 8, 8]",8.0,0.0
45,0,45,"[9, 9, 9, 9, 9]",9.0,0.0
46,0,46,"[8, 8, 8, 8, 8]",8.0,0.0
47,0,47,"[10, 10, 10, 10, 10]",10.0,0.0
48,0,48,"[8, 8, 8, 8, 8]",8.0,0.0
49,0,49,"[7, 7, 7, 7, 7]",7.0,0.0
50,0,50,"[6, 6, 6, 6, 6]",6.0,0.0
51,0,51,"[7, 7, 7, 7, 7]",7.0,0.0
52,0,52,"[8, 12, 8, 8, 8]",8.8,1.5999999999999999
53,0,53,"[7, 7, 7, 7, 7]",7.0,0.0
54,0,54,"[7, 7, 7, 7, 7]",7.0,0.0
55,0,55,"[9, 9, 9, 9, 9]",9.0,0.0
56,0,56,"[7, 7, 7, 7, 7]",7.0,0.0
57,0,57,"[8, 8, 8, 8, 8]",8.0,0.0
58,0,58,"[9, 9, 9, 9, 9]",9.0,0.0
59,0,59,"[7, 7, 7, 7, 7]",7.0,0.0
60,0,60,"[7, 7, 7, 7, 7]",7.0,0.0
61,0,61,"[6, 6, 6, 6, 6]",6.0,0.0
62,0,62,"[7, 7, 7, 7, 7]",7.0,0.0
63,0,63,"[8, 8, 8, 8, 8]",8.0,0.0
64,0,64,"[9, 9, 9, 9, 9]",9.0,0.0
65,0,65,"[8, 8, 8, 8, 8]",8.0,0.0
66,0,66,"[6, 6, 6, 6, 6]",6.0,0.0
67,0,67,"[8, 8, 8, 8, 8]",8.0,0.0
68,0,68,"[7, 7, 7, 7, 7]",7.0,0.0
69,0,69,"[7, 7, 7, 7, 7]",7.0,0.0
70,0,70,"[7, 7, 7, 7, 7]",7.0,0.0
71,0,71,"[6, 6, 6, 6, 6]",6.0,0.0
72,0,72,"[10, 10, 11, 9, 10]",10.0,0.6324555320336759
73,0,73,"[7, 7, 7, 7, 7]",7.0,0.0
74,0,74,"[8, 8, 8, 8, 8]",8.0,0.0
75,0,75,"[6, 6, 6, 6, 6]",6.0,0.0
76,0,76,"[7, 7, 7, 7, 7]",7.0,0.0
77,0,77,"[7, 7, 7, 7, 7]",7.0,0.0
78,0,78,"[6, 6, 6, 6, 6]",6.0,0.0
79,0,79,"[8, 8, 8, 8, 8]",8.0,0.0
80,0,80,"[7, 7, 7, 7, 7]",7.0,0.0
81,0,81,"[7, 7, 7, 7, 7]",7.0,0.0
82,0,82,"[8, 8, 8, 8, 8]",8.0,0.0
83,0,83,"[6, 6, 6, 6, 6]",6.0,0.0
84,0,84,"[8, 8, 8, 8, 8]",8.0,0.0
85,0,85,"[8, 8, 8, 8, 8]",8.0,0.0
86,0,86,"[7, 7, 7, 7, 7]",7.0,0.0
87,0,87,"[10, 10, 10, 10, 10]",10.0,0.0
88,0,88,"[6, 6, 6, 6, 6]",6.0,0.0
89,0,89,"[9, 8, 8, 8, 8]",8.2,0.39999999999999997
90,0,90,"[7, 7, 7, 7, 7]",7.0,0.0
91,0,91,"[6, 6, 6, 6, 6]",6.0,0.0
92,0,92,"[8, 8, 8, 8, 8]",8.0,0.0
93,0,93,"[6, 6, 6, 6, 6]",6.0,0.0
94,0,94,"[7, 7, 7, 7, 7]",7.0,0.0
95,0,95,"[6, 6, 6, 6, 6]",6.0,0.0
96,0,96,"[8, 8, 8, 8, 8]",8.0,0.0
97,0,97,"[6, 6, 6, 6, 6]",6.0,0.0
98,0,98,"[8, 8, 8, 8, 8]",8.0,0.0
99,0,99,"[7, 7, 7, 7, 9]",7.4,0.7999999999999999
100,1,0,"[11, 9, 11, 7, 19]",11.4,4.079215610874228
101,1,1,"[16, 11, 13, 13, 9]",12.4,2.33238075793812
102,1,2,"[7, 14, 6, 17, 8]",10.4,4.317406628984581
103,1,3,"[24, 20, 24, 27, 12]",21.4,5.2
104,1,4,"[8, 8, 9, 9, 8]",8.4,0.48989794855663565
105,1,5,"[19, 33, 16, 19, 54]",28.2,14.190137420053407
106,1,6,"[8, 10, 8, 8, 9]",8.6,0.7999999999999999
107,1,7,"[10, 10, 13, 21, 22]",15.2,5.2687759489277965
108,1,8,"[20, 10, 10, 10, 7]",11.4,4.454211490264018
109,1,9,"[9, 20, 9, 9, 10]",11.4,4.317406628984581
110,1,10,"[18, 16, 23, 15, 20]",18.4,2.8705400188814645
111,1,11,"[10, 8, 16, 11, 12]",11.4,2.65329983228432
112,1,12,"[16, 11, 15, 11, 11]",12.8,2.2271057451320084
113,1,13,"[12, 30, 12, 9, 8]",14.2,8.059776671843954
114,1,14,"[13, 13, 16, 17, 11]",14.0,2.1908902300206643
115,1,15,"[10, 16, 13, 32, 21]",18.4,7.709734106958553
116,1,16,"[17, 16, 15, 25, 21]",18.8,3.7094473981982814
117,1,17,"[9, 8, 8, 10, 11]",9.2,1.16619037896906
118,1,18,"[21, 9, 14, 11, 11]",13.2,4.214261501141095
119,1,19,"[19, 8, 8, 8, 10]",10.6,4.270831300812524
120,1,20,"[11, 16, 13, 16, 11]",13.4,2.244994432064365
121,1,21,"[12, 12, 11, 13, 15]",12.6,1.3564659966250536
122,1,22,"[13, 8, 9, 8, 8]",9.2,1.9390719429665315
123,1,23,"[23, 11, 8, 10, 11]",12.6,5.314132102234569
124,1,24,"[10, 11, 9, 20, 10]",12.0,4.049691346263317
125,1,25,"[30, 19, 15, 14, 12]",18.0,6.418722614352485
126,1,26,"[6, 6, 20, 6, 6]",8.8,5.6000000000000005
127,1,27,"[18, 17, 14, 17, 18]",16.8,1.4696938456699067
128,1,28,"[22, 15, 24, 16, 18]",19.0,3.4641016151377544
129,1,29,"[21, 17, 15, 20, 20]",18.6,2.244994432064365
130,1,30,"[11, 12, 12, 10, 11]",11.2,0.7483314773547883
131,1,31,"[14, 14, 9, 11, 10]",11.6,2.0591260281974
132,1,32,"[13, 8, 9, 8, 7]",9.0,2.0976176963403033
133,1,33,"[16, 16, 11, 13, 17]",14.6,2.244994432064365
134,1,34,"[6, 11, 10, 9, 11]",9.4,1.8547236990991407
135,1,35,"[13, 23, 17, 25, 14]",18.4,4.8
136,1,36,"[8, 11, 16, 27, 8]",14.0,7.127411872482185
137,1,37,"[8, 6, 6, 6, 6]",6.4,0.7999999999999999
138,1,38,"[9, 14, 10, 14, 11]",11.6,2.0591260281974
139,1,39,"[16, 12, 15, 19, 23]",17.0,3.7416573867739413
140,1,40,"[9, 13, 12, 9, 13]",11.2,1.8330302779823362
141,1,41,"[14, 11, 10, 6, 10]",10.2,2.5612496949731396
142,1,42,"[11, 16, 11, 14, 18]",14.0,2.756809750418044
143,1,43,"[11, 13, 22, 33, 9]",17.6,8.890444308357148
144,1,44,"[10, 15, 10, 15, 10]",12.0,2.449489742783178
145,1,45,"[19, 13, 8, 10, 11]",12.2,3.762977544445356
146,1,46,"[11, 14, 12, 10, 10]",11.4,1.4966629547095764
147,1,47,"[17, 16, 9, 21, 11]",14.8,4.308131845707603
148,1,48,"[8, 6, 6, 6, 6]",6.4,0.7999999999999999
149,1,49,"[9, 11, 9, 11, 22]",12.4,4.882622246293481
150,1,50,"[78, 24, 19, 38, 18]",35.4,22.464193731358357
151,1,51,"[17, 16, 27, 25, 15]",20.0,4.979959839195493
152,1,52,"[13, 11, 13, 16, 9]",12.4,2.33238075793812
153,1,53,"[16, 18, 22, 19, 15]",18.0,2.449489742783178
154,1,54,"[14, 12, 12, 17, 18]",14.6,2.4979991993593593
155,1,55,"[9, 25, 16, 19, 15]",16.8,5.230678732248809
156,1,56,"[13, 11, 11, 11, 9]",11.0,1.2649110640673518
157,1,57,"[12, 22, 30, 21, 17]",20.4,5.953150426454887
158,1,58,"[11, 20, 12, 13, 23]",15.8,4.791659420284375
159,1,59,"[18, 9, 10, 11, 12]",12.0,3.1622776601683795
160,1,60,"[11, 9, 13, 15, 9]",11.4,2.33238075793812
161,1,61,"[9, 10, 9, 14, 8]",10.0,2.0976176963403033
162,1,62,"[11, 11, 10, 11, 10]",10.6,0.4898979485566356
163,1,63,"[7, 8, 12, 9, 8]",8.8,1.7204650534085253
164,1,64,"[17, 15, 24, 10, 19]",17.0,4.604345773288535
165,1,65,"[12, 10, 11, 18, 21]",14.4,4.31740662898458
166,1,66,"[6, 6, 15, 7, 8]",8.4,3.3823069050575527
167,1,67,"[9, 26, 9, 9, 10]",12.6,6.7111846942250075
168,1,68,"[9, 8, 8, 9, 10]",8.8,0.7483314773547883
169,1,69,"[6, 9, 8, 6, 6]",7.0,1.2649110640673518
170,1,70,"[16, 20, 19, 23, 17]",19.0,2.449489742783178
171,1,71,"[10, 9, 13, 11, 21]",12.8,4.308131845707604
172,1,72,"[15, 19, 14, 19, 8]",15.0,4.049691346263317
173,1,73,"[9, 9, 9, 11, 9]",9.4,0.7999999999999999
174,1,74,"[9, 8, 9, 7, 8]",8.2,0.7483314773547883
175,1,75,"[12, 7, 7, 10, 8]",8.8,1.9390719429665315
176,1,76,"[7, 6, 9, 22, 19]",12.6,6.590902821313633
177,1,77,"[20, 11, 11, 14, 12]",13.6,3.3823069050575527
178,1,78,"[10, 16, 14, 10, 51]",20.2,15.57433786714543
179,1,79,"[15, 10, 10, 12, 11]",11.6,1.8547236990991407
180,1,80,"[13, 13, 10, 18, 11]",13.0,2.756809750418044
181,1,81,"[14, 10, 10, 19, 32]",17.0,8.19756061276768
182,1,82,"[12, 12, 10, 9, 16]",11.8,2.4
183,1,83,"[10, 8, 12, 14, 23]",13.4,5.2
184,1,84,"[27, 12, 10, 16, 14]",15.8,5.946427498927402
185,1,85,"[17, 19, 15, 23, 13]",17.4,3.4409301068170506
186,1,86,"[18, 16, 9, 11, 10]",12.8,3.54400902933387
187,1,87,"[23, 12, 12, 17, 13]",15.4,4.223742416388575
188,1,88,"[27, 21, 21, 30, 11]",22.0,6.511528238439882
189,1,89,"[11, 11, 11, 18, 14]",13.0,2.756809750418044
190,1,90,"[16, 8, 15, 11, 12]",12.4,2.870540018881465
191,1,91,"[10, 13, 12, 12, 18]",13.0,2.6832815729997477
192,1,92,"[15, 14, 12, 9, 12]",12.4,2.0591260281974
193,1,93,"[9, 8, 8, 12, 9]",9.2,1.469693845669907
194,1,94,"[9, 12, 9, 9, 14]",10.6,2.0591260281974
195,1,95,"[27, 23, 18, 14, 14]",19.2,5.114684741017769
196,1,96,"[24, 48, 12, 13, 12]",21.8,13.862178760930766
197,1,97,"[14, 13, 8, 13, 21]",13.8,4.166533331199932
198,1,98,"[19, 15, 10, 9, 14]",13.4,3.6110940170535577
199,1,99,"[12, 9, 7, 10, 12]",10.0,1.8973665961010275
200,2,0,"[11, 9, 11, 7, 19]",11.4,4.079215610874228
201,2,1,"[16, 11, 13, 13, 9]",12.4,2.33238075793812
202,2,2,"[7, 14, 6, 17, 8]",10.4,4.317406628984581
203,2,3,"[24, 20, 24, 27, 12]",21.4,5.2
204,2,4,"[8, 8, 9, 9, 8]",8.4,0.48989794855663565
205,2,5,"[19, 33, 16, 19, 54]",28.2,14.190137420053407
206,2,6,"[8, 10, 8, 8, 9]",8.6,0.7999999999999999
207,2,7,"[10, 10, 13, 21, 22]",15.2,5.2687759489277965
208,2,8,"[20, 10, 10, 10, 7]",11.4,4.454211490264018
209,2,9,"[9, 20, 9, 9, 10]",11.4,4.317406628984581
210,2,10,"[18, 16, 23, 15, 20]",18.4,2.8705400188814645
211,2,11,"[10, 8, 16, 11, 12]",11.4,2.65329983228432
212,2,12,"[16, 11, 15, 11, 11]",12.8,2.2271057451320084
213,2,13,"[12, 30, 12, 9, 8]",14.2,8.059776671843954
214,2,14,"[13, 13, 16, 17, 11]",14.0,2.1908902300206643
215,2,15,"[10, 16, 13, 32, 21]",18.4,7.709734106958553
216,2,16,"[17, 16, 15, 25, 21]",18.8,3.7094473981982814
217,2,17,"[9, 8, 8, 10, 11]",9.2,1.16619037896906
218,2,18,"[21, 9, 14, 11, 11]",13.2,4.214261501141095
219,2,19,"[19, 8, 8, 8, 10]",10.6,4.270831300812524
220,2,20,"[11, 16, 13, 16, 11]",13.4,2.244994432064365
221,2,21,"[12, 12, 11, 13, 15]",12.6,1.3564659966250536
222,2,22,"[13, 8, 9, 8, 8]",9.2,1.9390719429665315
223,2,23,"[23, 11, 8, 10, 11]",12.6,5.314132102234569
224,2,24,"[10, 11, 9, 20, 10]",12.0,4.049691346263317
225,2,25,"[30, 19, 15, 14, 12]",18.0,6.418722614352485
226,2,26,"[6, 6, 20, 6, 6]",8.8,5.6000000000000005
227,2,27,"[18, 17, 14, 17, 18]",16.8,1.4696938456699067
228,2,28,"[22, 15, 24, 16, 18]",19.0,3.4641016151377544
229,2,29,"[21, 17, 15, 20, 20]",18.6,2.244994432064365
230,2,30,"[11, 12, 12, 10, 11]",11.2,0.7483314773547883
231,2,31,"[14, 14, 9, 11, 10]",11.6,2.0591260281974
232,2,32,"[13, 8, 9, 8, 7]",9.0,2.0976176963403033
233,2,33,"[16, 16, 11, 13, 17]",14.6,2.244994432064365
234,2,34,"[6, 11, 10, 9, 11]",9.4,1.8547236990991407
235,2,35,"[13, 23, 17, 25, 14]",18.4,4.8
236,2,36,"[8, 11, 16, 27, 8]",14.0,7.127411872482185
237,2,37,"[8, 6, 6, 6, 6]",6.4,0.7999999999999999
238,2,38,"[9, 14, 10, 14, 11]",11.6,2.0591260281974
239,2,39,"[16, 12, 15, 19, 23]",17.0,3.7416573867739413
240,2,40,"[9, 13, 12, 9, 13]",11.2,1.8330302779823362
241,2,41,"[14, 11, 10, 6, 10]",10.2,2.5612496949731396
242,2,42,"[11, 16, 11, 14, 18]",14.0,2.756809750418044
243,2,43,"[11, 13, 22, 33, 9]",17.6,8.890444308357148
244,2,44,"[10, 15, 10, 15, 10]",12.0,2.449489742783178
245,2,45,"[19, 13, 8, 10, 11]",12.2,3.762977544445356
246,2,46,"[11, 14, 12, 10, 10]",11.4,1.4966629547095764
247,2,47,"[17, 16, 9, 21, 11]",14.8,4.308131845707603
248,2,48,"[8, 6, 6, 6, 6]",6.4,0.7999999999999999
249,2,49,"[9, 11, 9, 11, 22]",12.4,4.882622246293481
250,2,50,"[78, 24, 19, 38, 18]",35.4,22.464193731358357
251,2,51,"[17, 16, 27, 25, 15]",20.0,4.979959839195493
252,2,52,"[13, 11, 13, 16, 9]",12.4,2.33238075793812
253,2,53,"[18, 22, 19, 15, 15]",17.8,2.6381811916545836
254,2,54,"[14, 12, 12, 17, 18]",14.6,2.4979991993593593
255,2,55,"[9, 25, 16, 19, 15]",16.8,5.230678732248809
256,2,56,"[13, 11, 11, 11, 9]",11.0,1.2649110640673518
257,2,57,"[12, 22, 30, 21, 17]",20.4,5.953150426454887
258,2,58,"[11, 20, 12, 13, 23]",15.8,4.791659420284375
259,2,59,"[18, 9, 10, 11, 12]",12.0,3.1622776601683795
260,2,60,"[11, 9, 13, 15, 9]",11.4,2.33238075793812
261,2,61,"[9, 10, 9, 14, 8]",10.0,2.0976176963403033
262,2,62,"[11, 11, 10, 11, 10]",10.6,0.4898979485566356
263,2,63,"[7, 8, 12, 9, 8]",8.8,1.7204650534085253
264,2,64,"[17, 15, 24, 10, 19]",17.0,4.604345773288535
265,2,65,"[12, 10, 11, 18, 21]",14.4,4.31740662898458
266,2,66,"[6, 6, 15, 7, 8]",8.4,3.3823069050575527
267,2,67,"[9, 26, 9, 9, 10]",12.6,6.7111846942250075
268,2,68,"[9, 8, 8, 9, 10]",8.8,0.7483314773547883
269,2,69,"[6, 9, 8, 6, 6]",7.0,1.2649110640673518
270,2,70,"[16, 20, 19, 23, 17]",19.0,2.449489742783178
271,2,71,"[10, 9, 13, 11, 21]",12.8,4.308131845707604
272,2,72,"[15, 19, 14, 19, 8]",15.0,4.049691346263317
273,2,73,"[9, 9, 9, 11, 9]",9.4,0.7999999999999999
274,2,74,"[9, 8, 9, 7, 8]",8.2,0.7483314773547883
275,2,75,"[12, 7, 7, 10, 8]",8.8,1.9390719429665315
276,2,76,"[7, 6, 9, 22, 19]",12.6,6.590902821313633
277,2,77,"[20, 11, 11, 14, 12]",13.6,3.3823069050575527
278,2,78,"[10, 16, 14, 10, 51]",20.2,15.57433786714543
279,2,79,"[15, 10, 10, 12, 11]",11.6,1.8547236990991407
280,2,80,"[13, 13, 10, 18, 11]",13.0,2.756809750418044
281,2,81,"[14, 10, 10, 19, 32]",17.0,8.19756061276768
282,2,82,"[12, 12, 10, 9, 16]",11.8,2.4
283,2,83,"[10, 8, 12, 14, 23]",13.4,5.2
284,2,84,"[27, 12, 10, 16, 14]",15.8,5.946427498927402
285,2,85,"[17, 19, 15, 23, 13]",17.4,3.4409301068170506
286,2,86,"[18, 16, 9, 11, 10]",12.8,3.54400902933387
287,2,87,"[23, 12, 12, 17, 13]",15.4,4.223742416388575
288,2,88,"[27, 21, 21, 30, 11]",22.0,6.511528238439882
289,2,89,"[11, 11, 11, 18, 14]",13.0,2.756809750418044
290,2,90,"[16, 8, 15, 11, 12]",12.4,2.870540018881465
291,2,91,"[10, 13, 12, 12, 18]",13.0,2.6832815729997477
292,2,92,"[15, 14, 12, 9, 12]",12.4,2.0591260281974
293,2,93,"[9, 8, 8, 12, 9]",9.2,1.469693845669907
294,2,94,"[9, 12, 9, 9, 14]",10.6,2.0591260281974
295,2,95,"[27, 23, 18, 14, 14]",19.2,5.114684741017769
296,2,96,"[24, 48, 12, 13, 12]",21.8,13.862178760930766
297,2,97,"[14, 13, 8, 13, 21]",13.8,4.166533331199932
298,2,98,"[19, 15, 10, 9, 14]",13.4,3.6110940170535577
299,2,99,"[12, 9, 7, 10, 12]",10.0,1.8973665961010275
300,4,0,"[11, 9, 11, 7, 19]",11.4,4.079215610874228
301,4,1,"[16, 11, 13, 13, 9]",12.4,2.33238075793812
302,4,2,"[8, 12, 6, 11, 9]",9.2,2.1354156504062622
303,4,3,"[24, 20, 24, 27, 12]",21.4,5.2
304,4,4,"[16, 11, 10, 14, 18]",13.8,2.993325909419153
305,4,5,"[19, 16, 24, 54, 19]",26.4,14.03709371629327
306,4,6,"[13, 7, 9, 9, 8]",9.2,2.0396078054371136
307,4,7,"[10, 10, 13, 21, 22]",15.2,5.2687759489277965
308,4,8,"[20, 10, 10, 10, 7]",11.4,4.454211490264018
309,4,9,"[9, 20, 9, 9, 10]",11.4,4.317406628984581
310,4,10,"[11, 14, 11, 29, 10]",15.0,7.127411872482185
311,4,11,"[24, 14, 18, 16, 14]",17.2,3.7094473981982814
312,4,12,"[16, 11, 15, 11, 11]",12.8,2.2271057451320084
313,4,13,"[12, 30, 12, 9, 8]",14.2,8.059776671843954
314,4,14,"[12, 10, 12, 9, 8]",10.2,1.6
315,4,15,"[10, 16, 13, 32, 21]",18.4,7.709734106958553
316,4,16,"[17, 16, 15, 25, 21]",18.8,3.7094473981982814
317,4,17,"[9, 12, 9, 14, 13]",11.4,2.0591260281974
318,4,18,"[7, 11, 12, 9, 7]",9.2,2.039607805437114
319,4,19,"[7, 18, 22, 8, 6]",12.2,6.523802572120037
320,4,20,"[7, 12, 12, 15, 10]",11.2,2.6381811916545836
321,4,21,"[12, 12, 11, 13, 15]",12.6,1.3564659966250536
322,4,22,"[8, 16, 9, 10, 14]",11.4,3.0724582991474434
323,4,23,"[15, 13, 7, 10, 9]",10.8,2.85657137141714
324,4,24,"[10, 11, 9, 20, 10]",12.0,4.049691346263317
325,4,25,"[17, 15, 14, 13, 15]",14.8,1.32664991614216
326,4,26,"[6, 6, 20, 6, 6]",8.8,5.6000000000000005
327,4,27,"[18, 17, 14, 17, 18]",16.8,1.4696938456699067
328,4,28,"[22, 15, 24, 16, 18]",19.0,3.4641016151377544
329,4,29,"[16, 17, 15, 20, 20]",17.6,2.0591260281974
330,4,30,"[11, 12, 12, 10, 11]",11.2,0.7483314773547883
331,4,31,"[13, 13, 15, 15, 20]",15.2,2.5612496949731396
332,4,32,"[8, 9, 20, 20, 16]",14.6,5.2
333,4,33,"[16, 16, 11, 13, 17]",14.6,2.244994432064365
334,4,34,"[6, 11, 10, 9, 11]",9.4,1.8547236990991407
335,4,35,"[20, 17, 25, 14, 11]",17.4,4.841487374764082
336,4,36,"[20, 26, 8, 14, 17]",17.0,6.0
337,4,37,"[8, 6, 6, 6, 6]",6.4,0.7999999999999999
338,4,38,"[15, 17, 13, 9, 17]",14.2,2.993325909419153
339,4,39,"[12, 8, 9, 11, 9]",9.8,1.4696938456699067
340,4,40,"[9, 13, 12, 9, 13]",11.2,1.8330302779823362
341,4,41,"[14, 11, 10, 6, 10]",10.2,2.5612496949731396
342,4,42,"[11, 14, 33, 25, 11]",18.8,8.772684879784524
343,4,43,"[11, 13, 22, 33, 9]",17.6,8.890444308357148
344,4,44,"[10, 15, 10, 15, 10]",12.0,2.449489742783178
345,4,45,"[19, 13, 8, 10, 11]",12.2,3.762977544445356
346,4,46,"[11, 23, 10, 11, 8]",12.6,5.314132102234569
347,4,47,"[12, 15, 14, 9, 21]",14.2,3.9698866482558417
348,4,48,"[8, 6, 10, 9, 13]",9.2,2.315167380558045
349,4,49,"[10, 10, 9, 9, 16]",10.8,2.6381811916545836
350,4,50,"[9, 19, 10, 10, 15]",12.6,3.8262252939417984
351,4,51,"[17, 16, 27, 25, 15]",20.0,4.979959839195493
352,4,52,"[16, 11, 18, 18, 9]",14.4,3.7202150475476548
353,4,53,"[18, 22, 19, 15, 15]",17.8,2.6381811916545836
354,4,54,"[21, 40, 20, 51, 14]",29.2,13.962807740565648
355,4,55,"[9, 18, 17, 15, 13]",14.4,3.2
356,4,56,"[13, 11, 11, 11, 9]",11.0,1.2649110640673518
357,4,57,"[16, 12, 22, 30, 21]",20.2,6.079473661428266
358,4,58,"[11, 20, 12, 13, 23]",15.8,4.791659420284375
359,4,59,"[7, 10, 16, 23, 13]",13.8,5.491812087098393
360,4,60,"[11, 9, 13, 15, 9]",11.4,2.33238075793812
361,4,61,"[9, 10, 9, 14, 8]",10.0,2.0976176963403033
362,4,62,"[11, 11, 10, 11, 10]",10.6,0.4898979485566356
363,4,63,"[7, 8, 12, 9, 8]",8.8,1.7204650534085253
364,4,64,"[17, 15, 24, 10, 19]",17.0,4.604345773288535
365,4,65,"[12, 10, 11, 18, 21]",14.4,4.31740662898458
366,4,66,"[6, 6, 15, 7, 8]",8.4,3.3823069050575527
367,4,67,"[9, 26, 9, 9, 10]",12.6,6.7111846942250075
368,4,68,"[9, 8, 8, 9, 10]",8.8,0.7483314773547883
369,4,69,"[12, 7, 7, 25, 6]",11.4,7.116178749862878
370,4,70,"[10, 15, 16, 18, 12]",14.2,2.85657137141714
371,4,71,"[10, 9, 13, 11, 21]",12.8,4.308131845707604
372,4,72,"[15, 19, 14, 19, 8]",15.0,4.049691346263317
373,4,73,"[9, 9, 9, 11, 9]",9.4,0.7999999999999999
374,4,74,"[8, 6, 6, 6, 12]",7.6,2.33238075793812
375,4,75,"[12, 7, 7, 10, 8]",8.8,1.9390719429665315
376,4,76,"[10, 7, 7, 13, 9]",9.2,2.227105745132009
377,4,77,"[20, 11, 11, 14, 12]",13.6,3.3823069050575527
378,4,78,"[13, 16, 15, 21, 11]",15.2,3.370459909270543
379,4,79,"[15, 10, 10, 12, 11]",11.6,1.8547236990991407
380,4,80,"[13, 13, 10, 18, 11]",13.0,2.756809750418044
381,4,81,"[11, 20, 33, 13, 12]",17.8,8.23164625090267
382,4,82,"[12, 12, 10, 9, 16]",11.8,2.4
383,4,83,"[14, 22, 8, 11, 17]",14.4,4.841487374764082
384,4,84,"[50, 12, 14, 12, 10]",19.6,15.252540771950095
385,4,85,"[7, 8, 8, 7, 8]",7.6,0.48989794855663565
386,4,86,"[18, 16, 9, 11, 10]",12.8,3.54400902933387
387,4,87,"[12, 12, 17, 13, 14]",13.6,1.8547236990991407
388,4,88,"[15, 18, 25, 28, 14]",20.0,5.549774770204643
389,4,89,"[8, 12, 13, 13, 11]",11.4,1.8547236990991407
390,4,90,"[12, 9, 14, 11, 24]",14.0,5.253570214625479
391,4,91,"[10, 13, 12, 12, 18]",13.0,2.6832815729997477
392,4,92,"[15, 14, 12, 9, 12]",12.4,2.0591260281974
393,4,93,"[14, 23, 15, 14, 13]",15.8,3.655133376499413
394,4,94,"[12, 7, 6, 10, 20]",11.0,4.979959839195493
395,4,95,"[20, 12, 18, 14, 20]",16.8,3.249615361854384
396,4,96,"[38, 12, 35, 16, 16]",23.4,10.836973747315254
397,4,97,"[8, 15, 13, 8, 26]",14.0,6.603029607687671
398,4,98,"[11, 8, 8, 8, 8]",8.6,1.2
399,4,99,"[12, 9, 7, 10, 12]",10.0,1.8973665961010275
